-0.0038323
0.031066
0.031066
0.031066
0.031066
0.031066
0.031066
0.031066
0.031066
0.031066
0.031066
0.031066
0.031066
0.031066
0.031066
0.031066
0.031066
0.031066
0.031066
0.031066
0.031066
0.031066
0.031066
0.031066
0.031066
0.031066
0.031066
0.031066
0.031066
0.031066
0.031066
0.031066
0.031066
0.031066
0.031066
0.031066
0.031066
0.031066
0.031066
0.031066
0.031066
0.031066
0.031065
0.031066
0.031066
0.031066
0.031066
0.031066
0.031066
0.031065
0.031066
0.031066
0.031066
0.031066
0.031066
0.031066
0.031066
0.031066
0.031066
0.031066
0.031066
0.031066
0.031066
0.031066
0.031066
0.031066
0.031066
0.031066
0.031066
0.031066
0.031066
0.031066
0.031066
0.031066
0.031066
0.031066
0.031066
0.031066
0.031066
0.031066
0.031066
0.031066
0.031066
0.031066
0.031066
0.031065
0.031066
0.031066
0.031066
0.031066
0.031066
0.031066
0.031066
0.031066
0.031066
0.031065
0.031066
0.031066
0.031066
0.031066
0.031065
0.031065
0.031066
0.031066
0.031066
0.031066
0.031066
0.031066
0.031065
0.031066
0.031066
0.031066
0.031066
0.031066
0.031066
0.031066
0.031066
0.031066
0.031066
0.031066
0.031066
0.031067
0.031066
0.031066
0.031066
0.031066
0.031066
0.031066
0.031066
0.031066
0.031066
-0.030831
-0.030828
-0.03083
-0.030826
-0.030827
-0.030827
-0.03083
-0.030827
-0.030827
-0.030828
-0.030827
-0.030829
-0.030827
-0.030827
-0.03083
-0.030827
-0.030827
-0.030827
-0.030828
-0.03083
-0.03083
-0.030829
-0.03083
-0.030827
-0.030828
-0.03083
-0.030829
-0.03083
-0.03083
-0.030828
-0.030828
-0.030829
-0.030828
-0.030827
-0.030829
-0.030829
-0.030828
-0.030828
-0.03083
-0.03083
-0.030828
-0.030829
-0.030827
-0.030828
-0.030831
-0.03083
-0.030829
-0.030831
-0.030828
-0.030828
-0.030828
-0.030827
-0.030827
-0.03083
-0.030827
-0.030827
-0.030828
-0.030829
-0.030827
-0.030831
-0.030827
-0.030831
-0.030829
-0.030831
-0.030828
-0.030827
-0.030827
-0.03083
-0.030829
-0.030828
-0.030828
-0.030828
-0.030828
-0.030827
-0.03083
-0.03083
-0.03083
-0.030827
-0.03083
-0.03083
-0.030829
-0.030828
-0.030829
-0.030827
-0.03083
-0.03083
-0.030827
-0.030828
-0.030827
-0.030829
-0.030827
-0.03083
-0.030828
-0.030828
-0.030829
-0.030827
-0.030828
-0.030828
-0.03083
-0.030827
-0.030828
-0.030829
-0.030828
-0.030829
-0.030828
-0.030827
-0.030828
-0.030829
-0.030828
-0.03083
-0.030827
-0.03083
-0.030827
-0.03083
-0.030828
-0.03083
-0.030827
-0.03083
-0.030827
-0.030828
-0.030829
-0.030829
-0.030829
-0.030828
-0.030827
-0.030828
-0.030828
-0.03083
-0.030829
-0.03083
-0.030827
