-2.0458e-08
0.045644
0.045644
0.045644
0.045644
0.045644
0.045644
0.045644
0.045644
0.045644
0.045644
0.045644
0.045644
0.045644
0.045644
0.045644
0.045644
0.045644
0.045644
0.045644
0.045644
0.045644
0.045644
0.045644
0.045644
0.045644
0.045644
0.045644
0.045644
0.045644
0.045644
0.045644
0.045644
0.045644
0.045644
0.045644
0.045644
0.045644
0.045644
0.045644
0.045644
0.045644
0.045644
0.045644
0.045644
0.045644
0.045644
0.045644
0.045644
0.045644
0.045644
0.045644
0.045644
0.045644
0.045644
0.045644
0.045644
0.045644
0.045644
0.045644
0.045644
-0.045644
-0.045644
-0.045644
-0.045644
-0.045644
-0.045644
-0.045644
-0.045644
-0.045644
-0.045644
-0.045644
-0.045644
-0.045643
-0.045644
-0.045644
-0.045644
-0.045644
-0.045644
-0.045644
-0.045644
-0.045644
-0.045644
-0.045644
-0.045643
-0.045644
-0.045644
-0.045644
-0.045643
-0.045644
-0.045644
-0.045644
-0.045644
-0.045644
-0.045644
-0.045643
-0.045643
-0.045644
-0.045643
-0.045644
-0.045644
-0.045644
-0.045644
-0.045644
-0.045644
-0.045644
-0.045644
-0.045644
-0.045644
-0.045644
-0.045644
-0.045644
-0.045644
-0.045644
-0.045644
-0.045644
-0.045644
-0.045644
-0.045644
-0.045644
-0.045643
