1,4.2332e-08,0.00085343,0.0010054,0.0001974,3.6167e-05,2.5768e-06,1.5492e-05,3.1974e-05,0.00083819,5.5726e-07,0.00015234,3.8321e-06,2.8515e-06,0.00024726,4.0026e-05,0.00021606,0.0021825,8.0506e-05,0.00050879,0.0013477,1.5382e-05,5.0632e-06,0.0006969,3.9408e-06,3.9444e-05,0.00072651,0.0002322,2.6973e-06,0.00033542,0.00018202,2.2659e-05,8.634e-05,4.128e-09,2.3401e-07,0.00017203,7.7447e-05,0.0003594,0.0001158,0.00010026,1.0893e-07,5.9056e-05,1.2824e-05,3.2041e-05,0.00013935,2.6757e-07,0.00061742,6.1745e-06,0.00019051,0.0019959,9.5324e-06
4.2332e-08,1,1.9101e-06,3.0237e-07,1.9171e-06,1.7302e-05,1.4851e-06,1.9763e-08,6.692e-06,9.0256e-07,1.4613e-07,3.3052e-07,6.3663e-05,4.6997e-06,1.4379e-05,3.0064e-05,5.4896e-07,8.4917e-08,3.8259e-06,9.0444e-07,2.3163e-07,5.5571e-06,3.3385e-06,6.6454e-07,2.2149e-06,1.8124e-08,1.5979e-07,4.6377e-06,2.5547e-10,1.2199e-09,1.9872e-08,1.0681e-06,1.3679e-08,1.6335e-08,3.6651e-05,6.1961e-07,3.2264e-07,1.8396e-06,1.4526e-06,1.8398e-05,1.4955e-05,1.0566e-08,2.8887e-05,1.0094e-06,1.2328e-06,2.6861e-10,1.5728e-07,3.7501e-06,1.7465e-07,7.8534e-08,4.2025e-06
0.00085343,1.9101e-06,1,0.0045491,0.0017488,0.0019648,2.2823e-05,2.9619e-05,0.00057441,0.0097576,1.0745e-05,0.00027675,0.00018489,0.00013787,0.016409,0.0016693,0.00026326,0.0065357,0.00054435,0.00092209,0.0014632,0.00018382,0.00014385,0.0038399,8.0556e-05,5.9546e-05,0.00017247,0.0033419,6.3096e-07,3.3996e-05,0.0003678,0.00023543,5.7952e-05,2.0248e-08,2.4662e-06,0.000161,0.00094928,0.0056393,0.0006589,0.0012746,2.5123e-06,0.00011055,0.00011981,0.00050412,0.0053672,7.7764e-08,0.0014723,0.00035503,0.00021519,0.00033516,0.00013289
0.0010054,3.0237e-07,0.0045491,1,0.00095034,0.00017449,1.9232e-06,1.2298e-06,0.00013786,0.0069019,1.3627e-07,0.007966,2.9157e-05,2.7958e-06,0.00076127,0.00014331,0.001277,0.0030521,0.00044822,0.00048144,0.0011258,6.9481e-05,4.4497e-06,0.018594,4.2847e-06,0.0016184,5.5463e-05,0.0014366,7.7229e-08,0.00016852,0.0039838,9.0602e-06,7.3255e-06,6.8457e-10,5.0534e-07,0.00010482,0.00020806,0.0022107,8.2606e-05,0.0014875,7.1997e-08,7.8841e-05,9.6228e-05,1.2885e-05,0.00047955,1.2783e-08,0.00039211,2.3397e-05,0.0048479,0.0015268,0.00012679
0.0001974,1.9171e-06,0.0017488,0.00095034,1,0.00050116,1.4182e-05,5.1481e-06,0.0027542,0.0025026,1.2686e-06,0.00080312,0.00024013,3.3774e-05,0.0023856,0.001342,0.00076692,0.001314,0.0019062,0.0015939,0.0027083,0.00050722,2.074e-05,0.0065027,7.2561e-05,4.8406e-05,0.00013886,0.00048115,1.6371e-07,1.2589e-05,0.00012032,4.0347e-05,4.357e-06,5.5914e-09,6.2975e-06,7.1833e-05,0.0012667,0.0014362,0.0017173,0.0013526,5.3367e-07,9.4473e-06,0.00019355,6.7508e-05,0.0025365,5.3717e-08,0.00096984,0.00012157,0.00034249,0.00064396,6.1958e-05
3.6167e-05,1.7302e-05,0.0019648,0.00017449,0.00050116,1,0.00057192,1.2796e-05,0.0019719,0.0015444,2.3168e-05,0.00010579,0.0039256,0.0016069,0.0038882,0.026634,0.00011686,0.0001017,0.00030021,0.0020694,0.00032183,0.0045822,0.001413,0.00050129,0.0007287,7.6677e-06,1.6956e-05,0.0004258,5.7084e-08,6.7242e-07,1.1865e-05,9.7486e-05,4.0612e-06,2.01e-08,3.3329e-06,1.6913e-05,0.00017732,0.00098183,0.0002432,0.000345,4.9894e-06,3.484e-06,0.0014695,0.00035087,0.00035307,1.1994e-08,0.00019002,0.0010316,1.1902e-05,5.0258e-05,0.00045378
2.5768e-06,1.4851e-06,2.2823e-05,1.9232e-06,1.4182e-05,0.00057192,1,3.3217e-05,0.00011728,5.9552e-05,0.00010604,1.6158e-06,0.00016725,0.00054385,0.0001192,0.00055435,8.6171e-06,4.5285e-06,3.4216e-05,0.00030351,3.7176e-05,0.00060771,0.0005132,1.1174e-05,0.0011936,2.4723e-07,1.7193e-06,4.1421e-06,2.7574e-08,5.689e-08,2.6029e-07,9.6661e-05,1.2599e-06,3.1813e-08,4.9117e-07,3.6988e-06,5.3402e-06,4.4844e-05,2.2076e-05,5.477e-06,2.0121e-06,1.0751e-07,4.5188e-05,7.1049e-05,1.1824e-05,7.4658e-09,1.8958e-05,0.00011107,4.2369e-07,2.133e-06,2.1875e-05
1.5492e-05,1.9763e-08,2.9619e-05,1.2298e-06,5.1481e-06,1.2796e-05,3.3217e-05,1,1.6799e-06,4.905e-05,0.000767,1.4763e-07,8.778e-07,0.00010289,2.8217e-05,1.2488e-05,6.9336e-07,1.516e-05,9.194e-07,2.7913e-05,1.1353e-05,2.6194e-06,3.0564e-05,1.9514e-06,0.00013475,1.4357e-07,2.0625e-05,3.8733e-06,3.8188e-05,1.7499e-06,6.6418e-07,0.00040397,3.1717e-05,1.7205e-07,1.539e-07,1.0788e-05,2.3069e-05,6.7982e-06,1.1638e-05,9.455e-07,5.4501e-06,2.4325e-06,4.3687e-07,0.00090397,6.6479e-05,2.0647e-06,8.5203e-05,1.6998e-06,1.2277e-07,2.6866e-06,1.8394e-06
3.1974e-05,6.692e-06,0.00057441,0.00013786,0.0027542,0.0019719,0.00011728,1.6799e-06,1,0.00054311,2.5104e-06,0.00020724,0.0025106,8.837e-05,0.0019588,0.0037016,0.0007067,0.0001518,0.006656,0.001128,0.0018532,0.0039919,0.00019009,0.00099714,5.0883e-05,9.761e-06,1.7165e-05,8.9528e-05,1.2193e-08,5.1074e-07,7.922e-06,2.7549e-05,4.7789e-06,9.811e-09,7.0665e-06,3.0994e-05,3.0725e-05,0.00048489,0.00016008,0.00036374,4.3662e-07,8.6595e-07,0.0012344,4.0811e-05,7.1516e-05,4.5852e-09,7.0537e-05,0.0014606,8.2024e-05,7.4788e-05,3.4937e-05
0.00083819,9.0256e-07,0.0097576,0.0069019,0.0025026,0.0015444,5.9552e-05,4.905e-05,0.00054311,1,5.1981e-06,0.00066301,0.00017396,8.3508e-05,0.0077111,0.0015475,0.0015307,0.0044057,0.00094472,0.0060246,0.0035435,0.00045906,9.0122e-05,0.010067,0.00013987,0.00023369,0.00018783,0.0018915,5.3312e-07,8.1359e-05,0.00087888,0.00030026,3.6259e-05,6.9571e-09,2.0076e-06,0.00038247,0.00084328,0.0030779,0.00039351,0.0014523,1.0448e-06,3.4783e-05,0.00017823,0.0002132,0.003502,9.2651e-08,0.0032582,0.00010326,0.00054848,0.0014231,0.00040006
5.5726e-07,1.4613e-07,1.0745e-05,1.3627e-07,1.2686e-06,2.3168e-05,0.00010604,0.000767,2.5104e-06,5.1981e-06,1,2.093e-08,4.4398e-06,0.0020184,2.8266e-05,2.6713e-05,1.2053e-07,1.6826e-06,5.7546e-07,5.1528e-06,1.3486e-06,2.9909e-06,0.00032584,3.6967e-07,0.00013331,1.2542e-08,1.5859e-06,1.9645e-06,9.6638e-07,2.9557e-08,6.2392e-08,0.00024234,3.5698e-06,5.1558e-07,2.907e-07,8.9572e-07,2.4974e-06,1.7668e-06,8.1689e-06,4.3004e-07,7.6983e-05,2.3181e-07,5.768e-07,0.00043088,1.1233e-05,9.5546e-08,5.3391e-06,1.3131e-05,1.4473e-08,1.734e-07,8.4327e-07
0.00015234,3.3052e-07,0.00027675,0.007966,0.00080312,0.00010579,1.6158e-06,1.4763e-07,0.00020724,0.00066301,2.093e-08,1,3.4081e-05,7.5691e-07,0.00011047,8.3938e-05,0.0017136,0.0001986,0.00042266,0.00027469,0.00049193,0.0001386,1.8253e-06,0.0055474,2.5124e-06,0.00058544,7.3804e-06,0.00010863,4.6964e-09,1.0181e-05,0.00017687,1.2436e-06,5.8471e-07,1.7608e-10,3.2467e-07,1.5668e-05,6.7581e-05,0.001092,2.1915e-05,0.00031659,1.0843e-08,3.7055e-06,0.00016664,2.0873e-06,5.5071e-05,1.6515e-09,6.3774e-05,1.1694e-05,0.0021534,0.00037134,7.7336e-05
3.8321e-06,6.3663e-05,0.00018489,2.9157e-05,0.00024013,0.0039256,0.00016725,8.778e-07,0.0025106,0.00017396,4.4398e-06,3.4081e-05,1,0.0003717,0.00147,0.0099122,0.0001279,1.6618e-05,0.00048658,0.00030409,8.5674e-05,0.0020304,0.00051912,0.0002106,7.8964e-05,2.7919e-06,3.017e-06,9.5472e-05,3.8699e-09,7.201e-08,2.7727e-06,2.3043e-05,1.331e-06,1.294e-08,4.8432e-06,1.1626e-05,1.8294e-05,0.00010989,8.3859e-05,0.00025212,1.968e-06,2.6253e-07,0.0021537,2.1823e-05,4.351e-05,1.7443e-09,1.9038e-05,0.0011179,9.441e-06,1.7355e-05,5.3201e-05
2.8515e-06,4.6997e-06,0.00013787,2.7958e-06,3.3774e-05,0.0016069,0.00054385,0.00010289,8.837e-05,8.3508e-05,0.0020184,7.5691e-07,0.0003717,1,0.00048748,0.0022669,3.2847e-06,1.1534e-05,1.2041e-05,0.00014531,1.9103e-05,0.00017091,0.0032597,1.0548e-05,0.0017118,2.1128e-07,4.748e-06,4.4771e-05,2.0215e-07,1.0347e-07,7.6368e-07,0.00032832,2.19e-06,1.4462e-07,1.431e-06,3.193e-06,3.0963e-05,2.5258e-05,0.00010798,1.4918e-05,7.9924e-05,4.9537e-07,4.7453e-05,0.00049368,0.00014467,3.7872e-08,4.4646e-05,0.00026443,2.6972e-07,2.5687e-06,1.7019e-05
0.00024726,1.4379e-05,0.016409,0.00076127,0.0023856,0.0038882,0.0001192,2.8217e-05,0.0019588,0.0077111,2.8266e-05,0.00011047,0.00147,0.00048748,1,0.010379,0.00048191,0.0016574,0.0022999,0.0017033,0.0011079,0.0005219,0.00068308,0.0027854,0.00018657,1.6228e-05,0.00024875,0.0027084,2.8259e-07,6.0421e-06,7.3637e-05,0.00083319,5.0013e-05,4.912e-08,1.5233e-05,0.00043279,0.00030927,0.0022398,0.0014287,0.0028262,1.368e-05,1.5529e-05,0.00037051,0.0004609,0.002628,6.5957e-08,0.00073102,0.00085803,0.00012337,0.00024012,0.00015393
4.0026e-05,3.0064e-05,0.0016693,0.00014331,0.001342,0.026634,0.00055435,1.2488e-05,0.0037016,0.0015475,2.6713e-05,8.3938e-05,0.0099122,0.0022669,0.010379,1,0.00035505,0.000128,0.00089836,0.0030294,0.00059916,0.0028816,0.00092257,0.00079341,0.00053591,5.7421e-06,3.0105e-05,0.00051168,5.4523e-08,6.2086e-07,1.1789e-05,0.00020417,5.7004e-06,4.2378e-08,1.6015e-05,5.5655e-05,0.0001559,0.00061644,0.0005258,0.00077154,8.0365e-06,1.8234e-06,0.0026272,0.00019757,0.00059129,1.4893e-08,0.00023272,0.0015862,1.9624e-05,7.2752e-05,0.00026405
0.00021606,5.4896e-07,0.00026326,0.001277,0.00076692,0.00011686,8.6171e-06,6.9336e-07,0.0007067,0.0015307,1.2053e-07,0.0017136,0.0001279,3.2847e-06,0.00048191,0.00035505,1,0.00017384,0.0017077,0.0016147,0.0042371,0.0002136,1.0155e-05,0.0068368,4.2881e-06,0.00015147,2.9906e-05,9.8963e-05,1.1487e-08,5.5586e-06,7.6366e-05,5.9854e-06,9.0526e-06,1.4454e-09,1.4625e-06,0.00023022,2.398e-05,0.00025473,3.9747e-05,0.00047443,3.8159e-08,7.0453e-07,0.00073462,3.7985e-06,4.9149e-05,3.1642e-09,7.2389e-05,6.1026e-05,0.0013439,0.0012118,6.8159e-05
0.0021825,8.4917e-08,0.0065357,0.0030521,0.001314,0.0001017,4.5285e-06,1.516e-05,0.0001518,0.0044057,1.6826e-06,0.0001986,1.6618e-05,1.1534e-05,0.0016574,0.000128,0.00017384,1,0.00035171,0.0004602,0.002209,3.6767e-05,1.0599e-05,0.0035803,1.1522e-05,7.825e-05,0.00021672,0.0006942,1.4027e-06,0.00031945,0.0018159,6.1843e-05,4.4186e-05,2.644e-09,3.4867e-07,6.7989e-05,0.00033967,0.00092919,0.00040715,0.00032732,1.9997e-07,0.00018414,1.1154e-05,5.683e-05,0.0013688,1.4463e-07,0.0016494,2.9595e-05,0.00039985,0.0008475,1.4158e-05
8.0506e-05,3.8259e-06,0.00054435,0.00044822,0.0019062,0.00030021,3.4216e-05,9.194e-07,0.006656,0.00094472,5.7546e-07,0.00042266,0.00048658,1.2041e-05,0.0022999,0.00089836,0.0017077,0.00035171,1,0.00080572,0.0019798,0.00092127,2.1985e-05,0.0032269,2.0594e-05,1.3283e-05,2.4552e-05,0.00012093,1.642e-08,1.9254e-06,2.595e-05,2.1996e-05,5.4349e-06,2.4546e-09,5.2522e-06,0.0001046,2.032e-05,0.00094176,0.00021503,0.0015717,2.2007e-07,1.7667e-06,0.00034699,1.125e-05,8.8518e-05,5.2512e-09,7.1956e-05,0.00016484,0.00065613,0.00017631,2.386e-05
0.00050879,9.0444e-07,0.00092209,0.00048144,0.0015939,0.0020694,0.00030351,2.7913e-05,0.001128,0.0060246,5.1528e-06,0.00027469,0.00030409,0.00014531,0.0017033,0.0030294,0.0016147,0.0004602,0.00080572,1,0.0078258,0.0049629,0.00013822,0.0036464,0.00031878,6.6638e-05,0.00010282,0.00042845,3.2436e-07,1.1068e-05,6.1061e-05,8.9526e-05,1.269e-05,5.3364e-09,9.6271e-07,5.8966e-05,0.00021816,0.0011508,0.00090881,0.00050202,5.5238e-07,3.8428e-06,0.0011188,0.0001166,0.00037633,5.7346e-08,0.0014559,0.00022797,8.9846e-05,0.0019459,0.00037541
0.0013477,2.3163e-07,0.0014632,0.0011258,0.0027083,0.00032183,3.7176e-05,1.1353e-05,0.0018532,0.0035435,1.3486e-06,0.00049193,8.5674e-05,1.9103e-05,0.0011079,0.00059916,0.0042371,0.002209,0.0019798,0.0078258,1,0.00056619,2.919e-05,0.005163,3.4939e-05,0.00010964,0.00015986,0.00013415,2.5589e-07,1.6568e-05,9.0923e-05,3.4962e-05,4.9268e-05,5.0365e-09,1.1229e-06,0.00014782,0.00014463,0.00095525,0.00033046,0.00048658,9.8101e-08,5.8939e-06,0.00022156,5.8144e-05,0.0002128,4.2504e-08,0.0007467,0.0001838,0.0006038,0.0026265,6.0963e-05
1.5382e-05,5.5571e-06,0.00018382,6.9481e-05,0.00050722,0.0045822,0.00060771,2.6194e-06,0.0039919,0.00045906,2.9909e-06,0.0001386,0.0020304,0.00017091,0.0005219,0.0028816,0.0002136,3.6767e-05,0.00092127,0.0049629,0.00056619,1,0.00019401,0.00048274,0.00050152,9.1457e-06,8.0116e-06,7.8865e-05,1.7547e-08,4.1773e-07,5.6739e-06,2.6997e-05,1.3166e-06,3.4264e-09,9.4586e-07,7.3907e-06,4.4969e-05,0.00053992,0.0002347,0.00020917,4.3703e-07,7.0948e-07,0.003435,3.7556e-05,5.734e-05,6.5234e-09,0.00010644,0.00064582,2.157e-05,7.8655e-05,0.0002391
5.0632e-06,3.3385e-06,0.00014385,4.4497e-06,2.074e-05,0.001413,0.0005132,3.0564e-05,0.00019009,9.0122e-05,0.00032584,1.8253e-06,0.00051912,0.0032597,0.00068308,0.00092257,1.0155e-05,1.0599e-05,2.1985e-05,0.00013822,2.919e-05,0.00019401,1,1.5744e-05,0.00021325,4.9899e-07,4.477e-06,2.3147e-05,3.4852e-08,8.5081e-08,5.2161e-07,0.0001269,8.7509e-06,7.9661e-08,8.3132e-07,7.184e-06,9.1909e-06,4.1708e-05,2.5867e-05,8.1035e-06,9.0527e-06,2.6523e-07,8.808e-05,0.00028471,2.6366e-05,7.9197e-09,1.5061e-05,0.00062558,5.8877e-07,3.8355e-06,1.6598e-05
0.0006969,6.6454e-07,0.0038399,0.018594,0.0065027,0.00050129,1.1174e-05,1.9514e-06,0.00099714,0.010067,3.6967e-07,0.0055474,0.0002106,1.0548e-05,0.0027854,0.00079341,0.0068368,0.0035803,0.0032269,0.0036464,0.005163,0.00048274,1.5744e-05,1,1.6292e-05,0.00064156,9.0301e-05,0.0011296,8.2607e-08,6.6778e-05,0.0016369,2.1967e-05,1.0521e-05,1.3266e-09,7.3826e-07,0.00010402,0.00033092,0.0031758,0.00059061,0.0027828,1.1314e-07,1.6858e-05,0.00036081,1.5513e-05,0.00083386,1.8692e-08,0.0010798,0.00013742,0.0029147,0.0043341,0.00012762
3.9408e-06,2.2149e-06,8.0556e-05,4.2847e-06,7.2561e-05,0.0007287,0.0011936,0.00013475,5.0883e-05,0.00013987,0.00013331,2.5124e-06,7.8964e-05,0.0017118,0.00018657,0.00053591,4.2881e-06,1.1522e-05,2.0594e-05,0.00031878,3.4939e-05,0.00050152,0.00021325,1.6292e-05,1,3.8322e-07,4.9137e-06,1.8676e-05,3.1827e-07,2.3598e-07,7.6122e-07,0.00022367,5.7002e-07,2.528e-08,8.6638e-07,3.3841e-06,0.00024094,0.0001412,0.00018711,1.7932e-05,1.1354e-05,9.4365e-07,2.559e-05,0.00045757,0.00032785,7.6499e-08,0.00013136,4.0875e-05,6.7063e-07,3.7486e-06,5.9408e-05
3.9444e-05,1.8124e-08,5.9546e-05,0.0016184,4.8406e-05,7.6677e-06,2.4723e-07,1.4357e-07,9.761e-06,0.00023369,1.2542e-08,0.00058544,2.7919e-06,2.1128e-07,1.6228e-05,5.7421e-06,0.00015147,7.825e-05,1.3283e-05,6.6638e-05,0.00010964,9.1457e-06,4.9899e-07,0.00064156,3.8322e-07,1,4.7198e-06,3.7316e-05,1.429e-08,3.1105e-05,0.00032394,6.6612e-07,8.509e-07,8.7414e-11,2.6815e-08,5.7147e-06,1.9026e-05,7.8594e-05,5.9141e-06,4.3575e-05,4.0311e-09,4.8901e-06,1.2873e-05,1.1004e-06,1.527e-05,3.2668e-09,4.6904e-05,4.0431e-06,0.00043482,0.00050626,5.4315e-05
0.00072651,1.5979e-07,0.00017247,5.5463e-05,0.00013886,1.6956e-05,1.7193e-06,2.0625e-05,1.7165e-05,0.00018783,1.5859e-06,7.3804e-06,3.017e-06,4.748e-06,0.00024875,3.0105e-05,2.9906e-05,0.00021672,2.4552e-05,0.00010282,0.00015986,8.0116e-06,4.477e-06,9.0301e-05,4.9137e-06,4.7198e-06,1,0.00013535,1.557e-05,3.7959e-05,2.8447e-05,0.0002332,0.00019347,1.9025e-07,1.6009e-06,0.00032026,9.9936e-05,5.8367e-05,0.00025868,8.908e-05,1.0687e-06,2.3363e-05,5.9828e-06,4.3632e-05,0.00014191,1.407e-05,0.00096707,9.3376e-06,4.0171e-05,0.00041652,9.0702e-06
0.0002322,4.6377e-06,0.0033419,0.0014366,0.00048115,0.0004258,4.1421e-06,3.8733e-06,8.9528e-05,0.0018915,1.9645e-06,0.00010863,9.5472e-05,4.4771e-05,0.0027084,0.00051168,9.8963e-05,0.0006942,0.00012093,0.00042845,0.00013415,7.8865e-05,2.3147e-05,0.0011296,1.8676e-05,3.7316e-05,0.00013535,1,4.9554e-07,2.4742e-05,0.0005055,7.3717e-05,4.9772e-06,4.6134e-09,3.102e-06,4.6629e-05,0.00027542,0.00051213,0.00086783,0.0050916,6.6617e-06,6.0947e-05,0.00017672,5.7818e-05,0.0015699,9.146e-08,0.00051616,6.0198e-05,0.00012324,0.00037319,0.00022904
2.6973e-06,2.5547e-10,6.3096e-07,7.7229e-08,1.6371e-07,5.7084e-08,2.7574e-08,3.8188e-05,1.2193e-08,5.3312e-07,9.6638e-07,4.6964e-09,3.8699e-09,2.0215e-07,2.8259e-07,5.4523e-08,1.1487e-08,1.4027e-06,1.642e-08,3.2436e-07,2.5589e-07,1.7547e-08,3.4852e-08,8.2607e-08,3.1827e-07,1.429e-08,1.557e-05,4.9554e-07,1,3.8023e-06,2.9384e-07,3.0532e-06,1.6032e-06,6.93e-09,2.879e-09,1.7632e-07,1.4615e-06,1.3746e-07,2.8042e-06,8.5642e-08,1.9372e-07,4.6204e-06,4.1857e-09,3.3143e-06,2.8293e-06,0.00013855,7.9779e-06,1.8591e-08,1.4438e-08,6.922e-07,3.5117e-08
0.00033542,1.2199e-09,3.3996e-05,0.00016852,1.2589e-05,6.7242e-07,5.689e-08,1.7499e-06,5.1074e-07,8.1359e-05,2.9557e-08,1.0181e-05,7.201e-08,1.0347e-07,6.0421e-06,6.2086e-07,5.5586e-06,0.00031945,1.9254e-06,1.1068e-05,1.6568e-05,4.1773e-07,8.5081e-08,6.6778e-05,2.3598e-07,3.1105e-05,3.7959e-05,2.4742e-05,3.8023e-06,1,0.001483,1.8639e-06,3.7325e-06,1.4711e-10,5.1058e-09,4.9978e-06,1.6712e-05,1.536e-05,1.028e-05,5.2178e-06,8.531e-09,0.00011055,2.2007e-07,1.0263e-06,4.9289e-05,2.7743e-07,0.00011681,1.2539e-07,2.8167e-05,0.00014375,6.6803e-07
0.00018202,1.9872e-08,0.0003678,0.0039838,0.00012032,1.1865e-05,2.6029e-07,6.6418e-07,7.922e-06,0.00087888,6.2392e-08,0.00017687,2.7727e-06,7.6368e-07,7.3637e-05,1.1789e-05,7.6366e-05,0.0018159,2.595e-05,6.1061e-05,9.0923e-05,5.6739e-06,5.2161e-07,0.0016369,7.6122e-07,0.00032394,2.8447e-05,0.0005055,2.9384e-07,0.001483,1,4.1442e-06,3.6537e-06,1.9234e-10,3.4506e-08,1.0368e-05,6.304e-05,7.5403e-05,4.6655e-05,0.00013778,2.5293e-08,9.0025e-05,4.7811e-06,1.8465e-06,0.00022298,3.7041e-08,0.00025822,2.6423e-06,0.00043888,0.00064297,9.7217e-06
2.2659e-05,1.0681e-06,0.00023543,9.0602e-06,4.0347e-05,9.7486e-05,9.6661e-05,0.00040397,2.7549e-05,0.00030026,0.00024234,1.2436e-06,2.3043e-05,0.00032832,0.00083319,0.00020417,5.9854e-06,6.1843e-05,2.1996e-05,8.9526e-05,3.4962e-05,2.6997e-05,0.0001269,2.1967e-05,0.00022367,6.6612e-07,0.0002332,7.3717e-05,3.0532e-06,1.8639e-06,4.1442e-06,1,5.1598e-05,1.623e-06,3.5856e-06,0.00011422,9.0637e-05,7.164e-05,0.00010911,3.6045e-05,4.1992e-05,4.7632e-06,6.6947e-06,0.0004115,0.0003504,4.5471e-06,0.00083761,4.5537e-05,3.6118e-06,1.1979e-05,1.9719e-05
8.634e-05,1.3679e-08,5.7952e-05,7.3255e-06,4.357e-06,4.0612e-06,1.2599e-06,3.1717e-05,4.7789e-06,3.6259e-05,3.5698e-06,5.8471e-07,1.331e-06,2.19e-06,5.0013e-05,5.7004e-06,9.0526e-06,4.4186e-05,5.4349e-06,1.269e-05,4.9268e-05,1.3166e-06,8.7509e-06,1.0521e-05,5.7002e-07,8.509e-07,0.00019347,4.9772e-06,1.6032e-06,3.7325e-06,3.6537e-06,5.1598e-05,1,2.1635e-07,1.4575e-07,0.00014215,2.3402e-06,5.0551e-06,4.2006e-06,2.9906e-06,1.194e-07,2.3919e-06,9.3208e-07,1.7799e-05,5.6808e-06,3.7307e-07,2.6417e-05,5.5876e-06,3.4264e-06,2.8504e-05,5.4439e-07
4.128e-09,1.6335e-08,2.0248e-08,6.8457e-10,5.5914e-09,2.01e-08,3.1813e-08,1.7205e-07,9.811e-09,6.9571e-09,5.1558e-07,1.7608e-10,1.294e-08,1.4462e-07,4.912e-08,4.2378e-08,1.4454e-09,2.644e-09,2.4546e-09,5.3364e-09,5.0365e-09,3.4264e-09,7.9661e-08,1.3266e-09,2.528e-08,8.7414e-11,1.9025e-07,4.6134e-09,6.93e-09,1.4711e-10,1.9234e-10,1.623e-06,2.1635e-07,1,8.35e-08,8.7176e-08,1.3441e-08,5.1756e-09,8.3647e-09,3.2173e-09,3.0493e-07,5.4608e-10,3.1972e-09,2.0132e-07,1.3798e-08,1.2618e-07,2.7996e-08,3.945e-08,5.458e-10,1.3657e-09,3.0808e-09
2.3401e-07,3.6651e-05,2.4662e-06,5.0534e-07,6.2975e-06,3.3329e-06,4.9117e-07,1.539e-07,7.0665e-06,2.0076e-06,2.907e-07,3.2467e-07,4.8432e-06,1.431e-06,1.5233e-05,1.6015e-05,1.4625e-06,3.4867e-07,5.2522e-06,9.6271e-07,1.1229e-06,9.4586e-07,8.3132e-07,7.3826e-07,8.6638e-07,2.6815e-08,1.6009e-06,3.102e-06,2.879e-09,5.1058e-09,3.4506e-08,3.5856e-06,1.4575e-07,8.35e-08,1,1.9313e-05,7.7099e-07,1.4005e-06,1.2388e-06,1.2962e-05,7.0635e-06,5.718e-08,4.5462e-06,4.8496e-06,2.6947e-06,1.8689e-09,4.3545e-07,1.5323e-06,4.2957e-07,1.9523e-07,2.4984e-06
0.00017203,6.1961e-07,0.000161,0.00010482,7.1833e-05,1.6913e-05,3.6988e-06,1.0788e-05,3.0994e-05,0.00038247,8.9572e-07,1.5668e-05,1.1626e-05,3.193e-06,0.00043279,5.5655e-05,0.00023022,6.7989e-05,0.0001046,5.8966e-05,0.00014782,7.3907e-06,7.184e-06,0.00010402,3.3841e-06,5.7147e-06,0.00032026,4.6629e-05,1.7632e-07,4.9978e-06,1.0368e-05,0.00011422,0.00014215,8.7176e-08,1.9313e-05,1,1.5531e-05,5.1099e-05,1.274e-05,0.00010502,8.9963e-07,4.1715e-06,1.7617e-05,2.924e-05,5.6341e-05,7.0588e-08,5.8352e-05,5.7417e-06,9.6653e-05,8.6598e-05,8.4246e-06
7.7447e-05,3.2264e-07,0.00094928,0.00020806,0.0012667,0.00017732,5.3402e-06,2.3069e-05,3.0725e-05,0.00084328,2.4974e-06,6.7581e-05,1.8294e-05,3.0963e-05,0.00030927,0.0001559,2.398e-05,0.00033967,2.032e-05,0.00021816,0.00014463,4.4969e-05,9.1909e-06,0.00033092,0.00024094,1.9026e-05,9.9936e-05,0.00027542,1.4615e-06,1.6712e-05,6.304e-05,9.0637e-05,2.3402e-06,1.3441e-08,7.7099e-07,1.5531e-05,1,0.00087101,0.00057848,0.00013397,7.9896e-07,4.4113e-05,1.1341e-05,0.00012029,0.0092196,6.9111e-07,0.004779,2.0886e-05,2.813e-05,9.1917e-05,0.00010335
0.0003594,1.8396e-06,0.0056393,0.0022107,0.0014362,0.00098183,4.4844e-05,6.7982e-06,0.00048489,0.0030779,1.7668e-06,0.001092,0.00010989,2.5258e-05,0.0022398,0.00061644,0.00025473,0.00092919,0.00094176,0.0011508,0.00095525,0.00053992,4.1708e-05,0.0031758,0.0001412,7.8594e-05,5.8367e-05,0.00051213,1.3746e-07,1.536e-05,7.5403e-05,7.164e-05,5.0551e-06,5.1756e-09,1.4005e-06,5.1099e-05,0.00087101,1,0.00065556,0.0007008,5.2055e-07,2.8801e-05,0.00013555,0.00012843,0.0012543,3.7574e-08,0.0010068,0.00021422,0.0002406,0.0001531,0.00030114
0.0001158,1.4526e-06,0.0006589,8.2606e-05,0.0017173,0.0002432,2.2076e-05,1.1638e-05,0.00016008,0.00039351,8.1689e-06,2.1915e-05,8.3859e-05,0.00010798,0.0014287,0.0005258,3.9747e-05,0.00040715,0.00021503,0.00090881,0.00033046,0.0002347,2.5867e-05,0.00059061,0.00018711,5.9141e-06,0.00025868,0.00086783,2.8042e-06,1.028e-05,4.6655e-05,0.00010911,4.2006e-06,8.3647e-09,1.2388e-06,1.274e-05,0.00057848,0.00065556,1,0.00072893,4.7038e-06,1.8523e-05,6.445e-05,9.7061e-05,0.0021825,4.6116e-07,0.0012226,0.00016928,1.9749e-05,0.00022837,4.6031e-05
0.00010026,1.8398e-05,0.0012746,0.0014875,0.0013526,0.000345,5.477e-06,9.455e-07,0.00036374,0.0014523,4.3004e-07,0.00031659,0.00025212,1.4918e-05,0.0028262,0.00077154,0.00047443,0.00032732,0.0015717,0.00050202,0.00048658,0.00020917,8.1035e-06,0.0027828,1.7932e-05,4.3575e-05,8.908e-05,0.0050916,8.5642e-08,5.2178e-06,0.00013778,3.6045e-05,2.9906e-06,3.2173e-09,1.2962e-05,0.00010502,0.00013397,0.0007008,0.00072893,1,1.8413e-06,1.3341e-05,0.00048936,1.7099e-05,0.00061122,3.0785e-08,0.00027887,7.9047e-05,0.00080009,0.00041363,0.00026725
1.0893e-07,1.4955e-05,2.5123e-06,7.1997e-08,5.3367e-07,4.9894e-06,2.0121e-06,5.4501e-06,4.3662e-07,1.0448e-06,7.6983e-05,1.0843e-08,1.968e-06,7.9924e-05,1.368e-05,8.0365e-06,3.8159e-08,1.9997e-07,2.2007e-07,5.5238e-07,9.8101e-08,4.3703e-07,9.0527e-06,1.1314e-07,1.1354e-05,4.0311e-09,1.0687e-06,6.6617e-06,1.9372e-07,8.531e-09,2.5293e-08,4.1992e-05,1.194e-07,3.0493e-07,7.0635e-06,8.9963e-07,7.9896e-07,5.2055e-07,4.7038e-06,1.8413e-06,1,1.5295e-07,5.4746e-07,3.8784e-05,7.924e-06,4.5222e-08,7.3894e-07,1.0035e-06,1.1455e-08,5.2604e-08,9.0663e-07
5.9056e-05,1.0566e-08,0.00011055,7.8841e-05,9.4473e-06,3.484e-06,1.0751e-07,2.4325e-06,8.6595e-07,3.4783e-05,2.3181e-07,3.7055e-06,2.6253e-07,4.9537e-07,1.5529e-05,1.8234e-06,7.0453e-07,0.00018414,1.7667e-06,3.8428e-06,5.8939e-06,7.0948e-07,2.6523e-07,1.6858e-05,9.4365e-07,4.8901e-06,2.3363e-05,6.0947e-05,4.6204e-06,0.00011055,9.0025e-05,4.7632e-06,2.3919e-06,5.4608e-10,5.718e-08,4.1715e-06,4.4113e-05,2.8801e-05,1.8523e-05,1.3341e-05,1.5295e-07,1,3.0212e-07,1.1664e-05,8.7407e-05,1.6639e-07,6.0515e-05,5.4142e-07,5.233e-06,1.2594e-05,2.1548e-06
1.2824e-05,2.8887e-05,0.00011981,9.6228e-05,0.00019355,0.0014695,4.5188e-05,4.3687e-07,0.0012344,0.00017823,5.768e-07,0.00016664,0.0021537,4.7453e-05,0.00037051,0.0026272,0.00073462,1.1154e-05,0.00034699,0.0011188,0.00022156,0.003435,8.808e-05,0.00036081,2.559e-05,1.2873e-05,5.9828e-06,0.00017672,4.1857e-09,2.2007e-07,4.7811e-06,6.6947e-06,9.3208e-07,3.1972e-09,4.5462e-06,1.7617e-05,1.1341e-05,0.00013555,6.445e-05,0.00048936,5.4746e-07,3.0212e-07,1,9.5693e-06,2.4225e-05,1.3688e-09,1.998e-05,0.00039346,2.9621e-05,7.8512e-05,0.00039587
3.2041e-05,1.0094e-06,0.00050412,1.2885e-05,6.7508e-05,0.00035087,7.1049e-05,0.00090397,4.0811e-05,0.0002132,0.00043088,2.0873e-06,2.1823e-05,0.00049368,0.0004609,0.00019757,3.7985e-06,5.683e-05,1.125e-05,0.0001166,5.8144e-05,3.7556e-05,0.00028471,1.5513e-05,0.00045757,1.1004e-06,4.3632e-05,5.7818e-05,3.3143e-06,1.0263e-06,1.8465e-06,0.0004115,1.7799e-05,2.0132e-07,4.8496e-06,2.924e-05,0.00012029,0.00012843,9.7061e-05,1.7099e-05,3.8784e-05,1.1664e-05,9.5693e-06,1,0.0003511,2.4443e-07,0.00011099,4.4022e-05,1.037e-06,9.6351e-06,3.2153e-05
0.00013935,1.2328e-06,0.0053672,0.00047955,0.0025365,0.00035307,1.1824e-05,6.6479e-05,7.1516e-05,0.003502,1.1233e-05,5.5071e-05,4.351e-05,0.00014467,0.002628,0.00059129,4.9149e-05,0.0013688,8.8518e-05,0.00037633,0.0002128,5.734e-05,2.6366e-05,0.00083386,0.00032785,1.527e-05,0.00014191,0.0015699,2.8293e-06,4.9289e-05,0.00022298,0.0003504,5.6808e-06,1.3798e-08,2.6947e-06,5.6341e-05,0.0092196,0.0012543,0.0021825,0.00061122,7.924e-06,8.7407e-05,2.4225e-05,0.0003511,1,4.0594e-07,0.0035788,3.9418e-05,3.5514e-05,0.00011504,8.8478e-05
2.6757e-07,2.6861e-10,7.7764e-08,1.2783e-08,5.3717e-08,1.1994e-08,7.4658e-09,2.0647e-06,4.5852e-09,9.2651e-08,9.5546e-08,1.6515e-09,1.7443e-09,3.7872e-08,6.5957e-08,1.4893e-08,3.1642e-09,1.4463e-07,5.2512e-09,5.7346e-08,4.2504e-08,6.5234e-09,7.9197e-09,1.8692e-08,7.6499e-08,3.2668e-09,1.407e-05,9.146e-08,0.00013855,2.7743e-07,3.7041e-08,4.5471e-06,3.7307e-07,1.2618e-07,1.8689e-09,7.0588e-08,6.9111e-07,3.7574e-08,4.6116e-07,3.0785e-08,4.5222e-08,1.6639e-07,1.3688e-09,2.4443e-07,4.0594e-07,1,5.2055e-06,7.0156e-09,1.0548e-08,1.3331e-07,1.0649e-08
0.00061742,1.5728e-07,0.0014723,0.00039211,0.00096984,0.00019002,1.8958e-05,8.5203e-05,7.0537e-05,0.0032582,5.3391e-06,6.3774e-05,1.9038e-05,4.4646e-05,0.00073102,0.00023272,7.2389e-05,0.0016494,7.1956e-05,0.0014559,0.0007467,0.00010644,1.5061e-05,0.0010798,0.00013136,4.6904e-05,0.00096707,0.00051616,7.9779e-06,0.00011681,0.00025822,0.00083761,2.6417e-05,2.7996e-08,4.3545e-07,5.8352e-05,0.004779,0.0010068,0.0012226,0.00027887,7.3894e-07,6.0515e-05,1.998e-05,0.00011099,0.0035788,5.2055e-06,1,4.6153e-05,8.2944e-05,0.00084375,9.1131e-05
6.1745e-06,3.7501e-06,0.00035503,2.3397e-05,0.00012157,0.0010316,0.00011107,1.6998e-06,0.0014606,0.00010326,1.3131e-05,1.1694e-05,0.0011179,0.00026443,0.00085803,0.0015862,6.1026e-05,2.9595e-05,0.00016484,0.00022797,0.0001838,0.00064582,0.00062558,0.00013742,4.0875e-05,4.0431e-06,9.3376e-06,6.0198e-05,1.8591e-08,1.2539e-07,2.6423e-06,4.5537e-05,5.5876e-06,3.945e-08,1.5323e-06,5.7417e-06,2.0886e-05,0.00021422,0.00016928,7.9047e-05,1.0035e-06,5.4142e-07,0.00039346,4.4022e-05,3.9418e-05,7.0156e-09,4.6153e-05,1,6.5974e-06,1.3407e-05,8.2372e-05
0.00019051,1.7465e-07,0.00021519,0.0048479,0.00034249,1.1902e-05,4.2369e-07,1.2277e-07,8.2024e-05,0.00054848,1.4473e-08,0.0021534,9.441e-06,2.6972e-07,0.00012337,1.9624e-05,0.0013439,0.00039985,0.00065613,8.9846e-05,0.0006038,2.157e-05,5.8877e-07,0.0029147,6.7063e-07,0.00043482,4.0171e-05,0.00012324,1.4438e-08,2.8167e-05,0.00043888,3.6118e-06,3.4264e-06,5.458e-10,4.2957e-07,9.6653e-05,2.813e-05,0.0002406,1.9749e-05,0.00080009,1.1455e-08,5.233e-06,2.9621e-05,1.037e-06,3.5514e-05,1.0548e-08,8.2944e-05,6.5974e-06,1,0.00085707,1.7379e-05
0.0019959,7.8534e-08,0.00033516,0.0015268,0.00064396,5.0258e-05,2.133e-06,2.6866e-06,7.4788e-05,0.0014231,1.734e-07,0.00037134,1.7355e-05,2.5687e-06,0.00024012,7.2752e-05,0.0012118,0.0008475,0.00017631,0.0019459,0.0026265,7.8655e-05,3.8355e-06,0.0043341,3.7486e-06,0.00050626,0.00041652,0.00037319,6.922e-07,0.00014375,0.00064297,1.1979e-05,2.8504e-05,1.3657e-09,1.9523e-07,8.6598e-05,9.1917e-05,0.0001531,0.00022837,0.00041363,5.2604e-08,1.2594e-05,7.8512e-05,9.6351e-06,0.00011504,1.3331e-07,0.00084375,1.3407e-05,0.00085707,1,3.9149e-05
9.5324e-06,4.2025e-06,0.00013289,0.00012679,6.1958e-05,0.00045378,2.1875e-05,1.8394e-06,3.4937e-05,0.00040006,8.4327e-07,7.7336e-05,5.3201e-05,1.7019e-05,0.00015393,0.00026405,6.8159e-05,1.4158e-05,2.386e-05,0.00037541,6.0963e-05,0.0002391,1.6598e-05,0.00012762,5.9408e-05,5.4315e-05,9.0702e-06,0.00022904,3.5117e-08,6.6803e-07,9.7217e-06,1.9719e-05,5.4439e-07,3.0808e-09,2.4984e-06,8.4246e-06,0.00010335,0.00030114,4.6031e-05,0.00026725,9.0663e-07,2.1548e-06,0.00039587,3.2153e-05,8.8478e-05,1.0649e-08,9.1131e-05,8.2372e-05,1.7379e-05,3.9149e-05,1
