1,0.87895,0.90268,0.81926,0.71673,0.51517,0.65046,0.58962,0.99354,0.92172,0.97547,0.65175,0.99129,0.96206,0.6961,0.99084,0.75403,0.72836,0.97604,0.98885,0.88711,0.89479,0.99229,0.98808,0.91294,0.66441,0.93202,0.63913,0.68601,0.72698,0.79198,0.91557,0.58425,0.81719,0.63909,0.94419,0.72214,0.82497,0.98719,0.573,0.6592,0.7162,0.77462,0.85933,0.96607,0.77832,0.86479,0.78682,0.63425,0.60148,0.96946
0.87895,1,0.96605,0.72202,0.63096,0.45338,0.57258,0.51901,0.88135,0.81121,0.86043,0.57353,0.88069,0.84688,0.61263,0.87951,0.66426,0.64095,0.866,0.8769,0.78082,0.78711,0.88138,0.87459,0.80459,0.58503,0.82337,0.56233,0.60404,0.63966,0.69764,0.80749,0.51411,0.7206,0.56234,0.83091,0.63549,0.7264,0.88009,0.5044,0.5803,0.63077,0.68249,0.75682,0.89056,0.68572,0.76151,0.69252,0.5582,0.52945,0.87424
0.90268,0.96605,1,0.74293,0.64903,0.46637,0.58902,0.53391,0.90499,0.83383,0.88446,0.58989,0.90433,0.87018,0.6301,0.90368,0.68347,0.65917,0.89015,0.90071,0.80271,0.80916,0.90495,0.89892,0.82733,0.60189,0.84726,0.57834,0.62144,0.65782,0.71748,0.83087,0.52882,0.74123,0.57841,0.85414,0.65362,0.74692,0.90448,0.51885,0.59695,0.64861,0.70212,0.77842,0.91521,0.7054,0.78307,0.71227,0.57415,0.54465,0.89884
0.81926,0.72202,0.74293,1,0.87242,0.62732,0.79212,0.71817,0.81699,0.88759,0.83753,0.79299,0.81765,0.85021,0.84687,0.81948,0.91876,0.88518,0.83224,0.82149,0.92121,0.91336,0.81675,0.82455,0.89455,0.8092,0.87656,0.77722,0.83581,0.88281,0.95251,0.89205,0.71112,0.96506,0.77752,0.86631,0.87788,0.97487,0.81821,0.69785,0.80285,0.86819,0.94009,0.95101,0.80682,0.94223,0.94291,0.95412,0.77209,0.73257,0.82315
0.71673,0.63096,0.64903,0.87242,1,0.71819,0.90594,0.8222,0.71477,0.77707,0.73247,0.90763,0.7153,0.74405,0.96692,0.71664,0.94593,0.97745,0.72761,0.71853,0.80734,0.80068,0.71461,0.72089,0.78292,0.9235,0.76561,0.88965,0.95406,0.97592,0.89898,0.77997,0.81417,0.86957,0.88994,0.75825,0.98059,0.86721,0.71556,0.7987,0.91825,0.95863,0.91938,0.83298,0.70536,0.91399,0.82734,0.90993,0.88381,0.83838,0.71942
0.51517,0.45338,0.46637,0.62732,0.71819,1,0.79123,0.8728,0.51376,0.55857,0.52642,0.79034,0.51413,0.53483,0.73984,0.51503,0.68179,0.70718,0.52292,0.51644,0.58036,0.57565,0.51366,0.51806,0.56282,0.7735,0.55016,0.80584,0.75005,0.70842,0.64831,0.56066,0.88163,0.627,0.80594,0.54507,0.71314,0.62372,0.5143,0.89733,0.78082,0.71575,0.663,0.59877,0.50705,0.65965,0.59487,0.65452,0.8121,0.85561,0.51712
0.65046,0.57258,0.58902,0.79212,0.90594,0.79123,1,0.90488,0.64867,0.70524,0.66473,0.982,0.64915,0.67526,0.93261,0.65035,0.86045,0.89202,0.66034,0.65208,0.73271,0.72672,0.64855,0.6542,0.71061,0.96631,0.69485,0.97203,0.94489,0.89318,0.81745,0.70798,0.89647,0.79081,0.97402,0.6882,0.89937,0.7873,0.64943,0.87929,0.97768,0.89795,0.83636,0.75606,0.64022,0.83179,0.751,0.82621,0.97026,0.92259,0.65299
0.58962,0.51901,0.53391,0.71817,0.8222,0.8728,0.90488,1,0.588,0.63931,0.60256,0.90367,0.58844,0.61212,0.84649,0.58951,0.78048,0.80917,0.59858,0.5911,0.66426,0.65879,0.58789,0.593,0.64421,0.88434,0.62986,0.92033,0.85837,0.81041,0.74178,0.64178,0.98069,0.7174,0.92088,0.62382,0.81592,0.71387,0.58866,0.96642,0.89331,0.81784,0.75879,0.6854,0.5804,0.75475,0.68087,0.74909,0.92853,0.97427,0.59197
0.99354,0.88135,0.90499,0.81699,0.71477,0.51376,0.64867,0.588,1,0.91926,0.97305,0.64998,0.99183,0.95961,0.6942,0.99057,0.75195,0.72638,0.97437,0.9881,0.88473,0.89236,0.99344,0.98647,0.91047,0.66258,0.92948,0.63738,0.68413,0.725,0.78984,0.91302,0.58265,0.815,0.63734,0.94162,0.72016,0.82273,0.9868,0.57144,0.65739,0.71428,0.77248,0.85696,0.96716,0.77619,0.86246,0.78467,0.63252,0.59983,0.96876
0.92172,0.81121,0.83383,0.88759,0.77707,0.55857,0.70524,0.63931,0.91926,1,0.94115,0.70664,0.91984,0.95621,0.75475,0.92145,0.81737,0.78971,0.93401,0.92371,0.96092,0.96888,0.91897,0.92675,0.97878,0.72027,0.9734,0.69291,0.74379,0.78812,0.8579,0.97636,0.63344,0.88401,0.69288,0.97228,0.78287,0.89408,0.91956,0.6213,0.71473,0.77604,0.8393,0.93094,0.90424,0.84311,0.9365,0.85299,0.68769,0.65216,0.92136
0.97547,0.86043,0.88446,0.83753,0.73247,0.52642,0.66473,0.60256,0.97305,0.94115,1,0.66595,0.97336,0.97938,0.7113,0.97575,0.77078,0.74421,0.98147,0.97698,0.90618,0.91378,0.97244,0.98081,0.93229,0.67902,0.95255,0.65299,0.70113,0.74274,0.8092,0.93548,0.59698,0.83501,0.653,0.96335,0.73787,0.84291,0.97333,0.58556,0.67368,0.73171,0.7917,0.87815,0.95395,0.79539,0.88353,0.80399,0.64811,0.61467,0.96751
0.65175,0.57353,0.58989,0.79299,0.90763,0.79034,0.982,0.90367,0.64998,0.70664,0.66595,1,0.65043,0.67661,0.93537,0.65156,0.86117,0.89453,0.66146,0.65333,0.73417,0.72826,0.64985,0.65538,0.71186,0.9657,0.69577,0.9789,0.94578,0.89598,0.81905,0.70905,0.89623,0.79186,0.97899,0.68954,0.90181,0.78882,0.65061,0.87817,0.97935,0.90044,0.83735,0.75732,0.64123,0.83308,0.7524,0.8279,0.97204,0.92149,0.65394
0.99129,0.88069,0.90433,0.81765,0.7153,0.51413,0.64915,0.58844,0.99183,0.91984,0.97336,0.65043,1,0.95991,0.6947,0.9894,0.75254,0.7269,0.97458,0.98744,0.88532,0.89287,0.99074,0.98611,0.91103,0.66307,0.93023,0.63783,0.68465,0.7255,0.79044,0.91357,0.58306,0.81559,0.63779,0.94195,0.72066,0.82335,0.98554,0.57187,0.65788,0.7148,0.77307,0.85761,0.96667,0.77677,0.86305,0.78522,0.63298,0.60027,0.96917
0.96206,0.84688,0.87018,0.85021,0.74405,0.53483,0.67526,0.61212,0.95961,0.95621,0.97938,0.67661,0.95991,1,0.72265,0.96146,0.78268,0.75614,0.97085,0.96345,0.92068,0.92856,0.95921,0.96657,0.94618,0.68971,0.96317,0.66349,0.71217,0.75468,0.82189,0.94799,0.60652,0.84762,0.66345,0.97711,0.74964,0.85627,0.95896,0.59488,0.68434,0.74333,0.80394,0.89181,0.94072,0.80771,0.89744,0.81677,0.65845,0.62443,0.95608
0.6961,0.61263,0.6301,0.84687,0.96692,0.73984,0.93261,0.84649,0.6942,0.75475,0.7113,0.93537,0.6947,0.72265,1,0.69593,0.91887,0.95464,0.70651,0.69779,0.78416,0.77775,0.69405,0.70002,0.76029,0.94806,0.74321,0.91698,0.97567,0.95549,0.87404,0.75728,0.83885,0.84501,0.91705,0.7364,0.96123,0.84245,0.69491,0.82259,0.94495,0.9508,0.89334,0.8089,0.68488,0.88855,0.80357,0.88401,0.91057,0.86337,0.69848
0.99084,0.87951,0.90368,0.81948,0.71664,0.51503,0.65035,0.58951,0.99057,0.92145,0.97575,0.65156,0.9894,0.96146,0.69593,1,0.75412,0.72815,0.97734,0.98837,0.88691,0.89436,0.9895,0.9897,0.91299,0.66434,0.9331,0.63889,0.68598,0.72673,0.7919,0.91598,0.58407,0.8173,0.63889,0.94373,0.72194,0.82485,0.98681,0.5729,0.6591,0.71604,0.77465,0.85936,0.9681,0.77831,0.8647,0.78668,0.63409,0.60137,0.97213
0.75403,0.66426,0.68347,0.91876,0.94593,0.68179,0.86045,0.78048,0.75195,0.81737,0.77078,0.86117,0.75254,0.78268,0.91887,0.75412,1,0.95666,0.76584,0.75602,0.84901,0.84182,0.75176,0.7587,0.82376,0.87859,0.80635,0.84398,0.90782,0.95303,0.94078,0.82109,0.77269,0.91315,0.84445,0.79761,0.94986,0.91106,0.75297,0.7584,0.87213,0.93396,0.96149,0.87654,0.74255,0.95563,0.86997,0.95408,0.83881,0.79605,0.75745
0.72836,0.64095,0.65917,0.88518,0.97745,0.70718,0.89202,0.80917,0.72638,0.78971,0.74421,0.89453,0.7269,0.75614,0.95464,0.72815,0.95666,1,0.73916,0.73011,0.82046,0.81382,0.72623,0.73242,0.79537,0.90911,0.77738,0.87709,0.93919,0.9885,0.91272,0.7921,0.80193,0.88242,0.87704,0.77051,0.98453,0.88117,0.72704,0.78634,0.90404,0.95831,0.93187,0.84614,0.71643,0.9269,0.84062,0.9248,0.87056,0.82537,0.73062
0.97604,0.866,0.89015,0.83224,0.72761,0.52292,0.66034,0.59858,0.97437,0.93401,0.98147,0.66146,0.97458,0.97085,0.70651,0.97734,0.76584,0.73916,1,0.97777,0.89974,0.90692,0.97352,0.98231,0.92603,0.67462,0.94726,0.64855,0.69661,0.73762,0.80386,0.92915,0.59297,0.82974,0.64858,0.9551,0.73285,0.83728,0.97368,0.58171,0.66925,0.72685,0.78665,0.87227,0.95843,0.79015,0.87752,0.79864,0.64379,0.61061,0.9707
0.98885,0.8769,0.90071,0.82149,0.71853,0.51644,0.65208,0.5911,0.9881,0.92371,0.97698,0.65333,0.98744,0.96345,0.69779,0.98837,0.75602,0.73011,0.97777,1,0.88916,0.89671,0.98712,0.98801,0.91504,0.6661,0.93476,0.64065,0.68779,0.7287,0.79391,0.91782,0.58567,0.81933,0.64064,0.94599,0.7239,0.82703,0.98413,0.57444,0.66086,0.71794,0.77661,0.86155,0.96544,0.78029,0.86689,0.78877,0.63582,0.60299,0.97085
0.88711,0.78082,0.80271,0.92121,0.80734,0.58036,0.73271,0.66426,0.88473,0.96092,0.90618,0.73417,0.88532,0.92068,0.78416,0.88691,0.84901,0.82046,0.89974,0.88916,1,0.98577,0.8845,0.89208,0.96433,0.74828,0.94405,0.71989,0.77274,0.81877,0.89044,0.95922,0.65812,0.91629,0.71985,0.93742,0.8133,0.92836,0.88527,0.64554,0.74262,0.80592,0.87144,0.96531,0.87132,0.87525,0.96958,0.88611,0.71451,0.67759,0.88835
0.89479,0.78711,0.80916,0.91336,0.80068,0.57565,0.72672,0.65879,0.89236,0.96888,0.91378,0.72826,0.89287,0.92856,0.77775,0.89436,0.84182,0.81382,0.90692,0.89671,0.98577,1,0.89213,0.89948,0.97012,0.74212,0.95009,0.71415,0.76636,0.81227,0.88316,0.96533,0.65284,0.90891,0.71412,0.94603,0.80685,0.92066,0.89282,0.64022,0.73648,0.79929,0.86418,0.95754,0.87809,0.86816,0.9628,0.879,0.7087,0.67203,0.89495
0.99229,0.88138,0.90495,0.81675,0.71461,0.51366,0.64855,0.58789,0.99344,0.91897,0.97244,0.64985,0.99074,0.95921,0.69405,0.9895,0.75176,0.72623,0.97352,0.98712,0.8845,0.89213,1,0.98555,0.91016,0.66244,0.92908,0.63727,0.68399,0.72486,0.78964,0.91272,0.58254,0.81481,0.63723,0.94136,0.72002,0.82252,0.98625,0.57133,0.65725,0.71415,0.77229,0.85673,0.96665,0.77601,0.86222,0.7845,0.6324,0.59971,0.96835
0.98808,0.87459,0.89892,0.82455,0.72089,0.51806,0.6542,0.593,0.98647,0.92675,0.98081,0.65538,0.98611,0.96657,0.70002,0.9897,0.7587,0.73242,0.98231,0.98801,0.89208,0.89948,0.98555,1,0.91842,0.66832,0.93924,0.64261,0.6901,0.73096,0.79658,0.92163,0.58749,0.82219,0.64262,0.94895,0.72617,0.82973,0.985,0.57628,0.66302,0.72021,0.77935,0.86455,0.96605,0.78298,0.8698,0.79134,0.63783,0.60493,0.97426
0.91294,0.80459,0.82733,0.89455,0.78292,0.56282,0.71061,0.64421,0.91047,0.97878,0.93229,0.71186,0.91103,0.94618,0.76029,0.91299,0.82376,0.79537,0.92603,0.91504,0.96433,0.97012,0.91016,0.91842,1,0.72579,0.9688,0.69796,0.74951,0.79369,0.864,0.9746,0.63818,0.89043,0.69799,0.96155,0.78854,0.90013,0.91129,0.62606,0.72021,0.78158,0.84567,0.93701,0.89707,0.84938,0.9419,0.859,0.69285,0.65715,0.91462
0.66441,0.58503,0.60189,0.8092,0.9235,0.7735,0.96631,0.88434,0.66258,0.72027,0.67902,0.9657,0.66307,0.68971,0.94806,0.66434,0.87859,0.90911,0.67462,0.6661,0.74828,0.74212,0.66244,0.66832,0.72579,1,0.70997,0.95009,0.96106,0.90993,0.83446,0.72329,0.87571,0.80759,0.95161,0.70291,0.91649,0.80387,0.66339,0.85941,0.97291,0.91383,0.85399,0.77224,0.65416,0.84927,0.76697,0.84343,0.94729,0.90159,0.66719
0.93202,0.82337,0.84726,0.87656,0.76561,0.55016,0.69485,0.62986,0.92948,0.9734,0.95255,0.69577,0.93023,0.96317,0.74321,0.9331,0.80635,0.77738,0.94726,0.93476,0.94405,0.95009,0.92908,0.93924,0.9688,0.70997,1,0.68206,0.73316,0.77563,0.84509,0.97465,0.62377,0.87246,0.6822,0.97455,0.77084,0.8803,0.93125,0.61207,0.70423,0.76418,0.82783,0.9177,0.91797,0.83136,0.92202,0.84,0.67729,0.64252,0.93649
0.63913,0.56233,0.57834,0.77722,0.88965,0.80584,0.97203,0.92033,0.63738,0.69291,0.65299,0.9789,0.63783,0.66349,0.91698,0.63889,0.84398,0.87709,0.64855,0.64065,0.71989,0.71415,0.63727,0.64261,0.69796,0.95009,0.68206,1,0.92698,0.87873,0.80305,0.69516,0.91389,0.77636,0.99253,0.67618,0.88428,0.77339,0.63798,0.89467,0.96255,0.88359,0.82078,0.74246,0.62865,0.8167,0.7377,0.8117,0.98604,0.93803,0.64108
0.68601,0.60404,0.62144,0.83581,0.95406,0.75005,0.94489,0.85837,0.68413,0.74379,0.70113,0.94578,0.68465,0.71217,0.97567,0.68598,0.90782,0.93919,0.69661,0.68779,0.77274,0.76636,0.68399,0.6901,0.74951,0.96106,0.73316,0.92698,1,0.93933,0.86147,0.74683,0.84995,0.83364,0.92801,0.72579,0.94634,0.83018,0.68486,0.83404,0.95763,0.93874,0.88178,0.79751,0.67537,0.87685,0.79206,0.87155,0.92224,0.87547,0.68888
0.72698,0.63966,0.65782,0.88281,0.97592,0.70842,0.89318,0.81041,0.725,0.78812,0.74274,0.89598,0.7255,0.75468,0.95549,0.72673,0.95303,0.9885,0.73762,0.7287,0.81877,0.81227,0.72486,0.73096,0.79369,0.90993,0.77563,0.87873,0.93933,1,0.91036,0.79044,0.80338,0.8803,0.87861,0.76907,0.98449,0.87912,0.72568,0.78755,0.90497,0.95714,0.92892,0.84427,0.71487,0.92436,0.83882,0.92253,0.87189,0.82662,0.72901
0.79198,0.69764,0.71748,0.95251,0.89898,0.64831,0.81745,0.74178,0.78984,0.8579,0.8092,0.81905,0.79044,0.82189,0.87404,0.7919,0.94078,0.91272,0.80386,0.79391,0.89044,0.88316,0.78964,0.79658,0.864,0.83446,0.84509,0.80305,0.86147,0.91036,1,0.8605,0.73477,0.94452,0.80306,0.83708,0.90448,0.94982,0.7906,0.72095,0.82852,0.89576,0.95685,0.9169,0.77967,0.95651,0.91114,0.96763,0.79733,0.75645,0.79481
0.91557,0.80749,0.83087,0.89205,0.77997,0.56066,0.70798,0.64178,0.91302,0.97636,0.93548,0.70905,0.91357,0.94799,0.75728,0.91598,0.82109,0.7921,0.92915,0.91782,0.95922,0.96533,0.91272,0.92163,0.9746,0.72329,0.97465,0.69516,0.74683,0.79044,0.8605,1,0.63572,0.8879,0.6953,0.96442,0.78552,0.89615,0.91473,0.62363,0.71748,0.77823,0.84277,0.93361,0.90006,0.84649,0.93767,0.8557,0.69015,0.65464,0.91751
0.58425,0.51411,0.52882,0.71112,0.81417,0.88163,0.89647,0.98069,0.58265,0.63344,0.59698,0.89623,0.58306,0.60652,0.83885,0.58407,0.77269,0.80193,0.59297,0.58567,0.65812,0.65284,0.58254,0.58749,0.63818,0.87571,0.62377,0.91389,0.84995,0.80338,0.73477,0.63572,1,0.71055,0.91402,0.61816,0.80871,0.7072,0.58325,0.97221,0.88475,0.8104,0.75136,0.67893,0.57489,0.74759,0.67452,0.74221,0.9207,0.96641,0.58629
0.81719,0.7206,0.74123,0.96506,0.86957,0.627,0.79081,0.7174,0.815,0.88401,0.83501,0.79186,0.81559,0.84762,0.84501,0.8173,0.91315,0.88242,0.82974,0.81933,0.91629,0.90891,0.81481,0.82219,0.89043,0.80759,0.87246,0.77636,0.83364,0.8803,0.94452,0.8879,0.71055,1,0.77658,0.86345,0.8754,0.961,0.81604,0.69722,0.8014,0.86613,0.93313,0.94222,0.80485,0.93609,0.93574,0.94581,0.77106,0.73169,0.8206
0.63909,0.56234,0.57841,0.77752,0.88994,0.80594,0.97402,0.92088,0.63734,0.69288,0.653,0.97899,0.63779,0.66345,0.91705,0.63889,0.84445,0.87704,0.64858,0.64064,0.71985,0.71412,0.63723,0.64262,0.69799,0.95161,0.6822,0.99253,0.92801,0.87861,0.80306,0.6953,0.91402,0.77658,1,0.67618,0.88439,0.7734,0.63799,0.89496,0.96379,0.88361,0.8211,0.74255,0.62873,0.81699,0.73773,0.81179,0.98726,0.93874,0.64118
0.94419,0.83091,0.85414,0.86631,0.75825,0.54507,0.6882,0.62382,0.94162,0.97228,0.96335,0.68954,0.94195,0.97711,0.7364,0.94373,0.79761,0.77051,0.9551,0.94599,0.93742,0.94603,0.94136,0.94895,0.96155,0.70291,0.97455,0.67618,0.72579,0.76907,0.83708,0.96442,0.61816,0.86345,0.67618,1,0.76404,0.87223,0.94208,0.60621,0.6974,0.75721,0.81911,0.90846,0.92463,0.82304,0.914,0.8324,0.67104,0.63635,0.94111
0.72214,0.63549,0.65362,0.87788,0.98059,0.71314,0.89937,0.81592,0.72016,0.78287,0.73787,0.90181,0.72066,0.74964,0.96123,0.72194,0.94986,0.98453,0.73285,0.7239,0.8133,0.80685,0.72002,0.72617,0.78854,0.91649,0.77084,0.88428,0.94634,0.98449,0.90448,0.78552,0.80871,0.8754,0.88439,0.76404,1,0.87342,0.72091,0.79281,0.91129,0.95854,0.92442,0.83897,0.71037,0.91994,0.83332,0.91678,0.87775,0.83226,0.72444
0.82497,0.7264,0.74692,0.97487,0.86721,0.62372,0.7873,0.71387,0.82273,0.89408,0.84291,0.78882,0.82335,0.85627,0.84245,0.82485,0.91106,0.88117,0.83728,0.82703,0.92836,0.92066,0.82252,0.82973,0.90013,0.80387,0.8803,0.77339,0.83018,0.87912,0.94982,0.89615,0.7072,0.961,0.7734,0.87223,0.87342,1,0.82345,0.69378,0.79796,0.86432,0.93309,0.95615,0.8113,0.93584,0.94938,0.95021,0.7678,0.72819,0.82738
0.98719,0.88009,0.90448,0.81821,0.71556,0.5143,0.64943,0.58866,0.9868,0.91956,0.97333,0.65061,0.98554,0.95896,0.69491,0.98681,0.75297,0.72704,0.97368,0.98413,0.88527,0.89282,0.98625,0.985,0.91129,0.66339,0.93125,0.63798,0.68486,0.72568,0.7906,0.91473,0.58325,0.81604,0.63799,0.94208,0.72091,0.82345,1,0.57205,0.65811,0.71493,0.77348,0.85792,0.96659,0.77714,0.86317,0.78534,0.63317,0.60049,0.96962
0.573,0.5044,0.51885,0.69785,0.7987,0.89733,0.87929,0.96642,0.57144,0.6213,0.58556,0.87817,0.57187,0.59488,0.82259,0.5729,0.7584,0.78634,0.58171,0.57444,0.64554,0.64022,0.57133,0.57628,0.62606,0.85941,0.61207,0.89467,0.83404,0.78755,0.72095,0.62363,0.97221,0.69722,0.89496,0.60621,0.79281,0.69378,0.57205,1,0.86804,0.79521,0.73734,0.66606,0.56409,0.73353,0.66167,0.72793,0.90227,0.94889,0.5753
0.6592,0.5803,0.59695,0.80285,0.91825,0.78082,0.97768,0.89331,0.65739,0.71473,0.67368,0.97935,0.65788,0.68434,0.94495,0.6591,0.87213,0.90404,0.66925,0.66086,0.74262,0.73648,0.65725,0.66302,0.72021,0.97291,0.70423,0.96255,0.95763,0.90497,0.82852,0.71748,0.88475,0.8014,0.96379,0.6974,0.91129,0.79796,0.65811,0.86804,1,0.90952,0.84753,0.76626,0.64886,0.84293,0.76113,0.83736,0.9592,0.91089,0.66179
0.7162,0.63077,0.64861,0.86819,0.95863,0.71575,0.89795,0.81784,0.71428,0.77604,0.73171,0.90044,0.7148,0.74333,0.9508,0.71604,0.93396,0.95831,0.72685,0.71794,0.80592,0.79929,0.71415,0.72021,0.78158,0.91383,0.76418,0.88359,0.93874,0.95714,0.89576,0.77823,0.8104,0.86613,0.88361,0.75721,0.95854,0.86432,0.71493,0.79521,0.90952,1,0.91292,0.83071,0.70531,0.90842,0.82542,0.90417,0.87771,0.83374,0.71899
0.77462,0.68249,0.70212,0.94009,0.91938,0.663,0.83636,0.75879,0.77248,0.8393,0.7917,0.83735,0.77307,0.80394,0.89334,0.77465,0.96149,0.93187,0.78665,0.77661,0.87144,0.86418,0.77229,0.77935,0.84567,0.85399,0.82783,0.82078,0.88178,0.92892,0.95685,0.84277,0.75136,0.93313,0.8211,0.81911,0.92442,0.93309,0.77348,0.73734,0.84753,0.91292,1,0.89899,0.76308,0.96381,0.89268,0.96848,0.81549,0.7739,0.7782
0.85933,0.75682,0.77842,0.95101,0.83298,0.59877,0.75606,0.6854,0.85696,0.93094,0.87815,0.75732,0.85761,0.89181,0.8089,0.85936,0.87654,0.84614,0.87227,0.86155,0.96531,0.95754,0.85673,0.86455,0.93701,0.77224,0.9177,0.74246,0.79751,0.84427,0.9169,0.93361,0.67893,0.94222,0.74255,0.90846,0.83897,0.95615,0.85792,0.66606,0.76626,0.83071,0.89899,1,0.84522,0.90266,0.98019,0.91385,0.73714,0.69918,0.8621
0.96607,0.89056,0.91521,0.80682,0.70536,0.50705,0.64022,0.5804,0.96716,0.90424,0.95395,0.64123,0.96667,0.94072,0.68488,0.9681,0.74255,0.71643,0.95843,0.96544,0.87132,0.87809,0.96665,0.96605,0.89707,0.65416,0.91797,0.62865,0.67537,0.71487,0.77967,0.90006,0.57489,0.80485,0.62873,0.92463,0.71037,0.8113,0.96659,0.56409,0.64886,0.70531,0.76308,0.84522,1,0.76651,0.8503,0.77386,0.62413,0.59205,0.96852
0.77832,0.68572,0.7054,0.94223,0.91399,0.65965,0.83179,0.75475,0.77619,0.84311,0.79539,0.83308,0.77677,0.80771,0.88855,0.77831,0.95563,0.9269,0.79015,0.78029,0.87525,0.86816,0.77601,0.78298,0.84938,0.84927,0.83136,0.8167,0.87685,0.92436,0.95651,0.84649,0.74759,0.93609,0.81699,0.82304,0.91994,0.93584,0.77714,0.73353,0.84293,0.90842,0.96381,0.90266,0.76651,1,0.89619,0.9682,0.81122,0.76986,0.78157
0.86479,0.76151,0.78307,0.94291,0.82734,0.59487,0.751,0.68087,0.86246,0.9365,0.88353,0.7524,0.86305,0.89744,0.80357,0.8647,0.86997,0.84062,0.87752,0.86689,0.96958,0.9628,0.86222,0.8698,0.9419,0.76697,0.92202,0.7377,0.79206,0.83882,0.91114,0.93767,0.67452,0.93574,0.73773,0.914,0.83332,0.94938,0.86317,0.66167,0.76113,0.82542,0.89268,0.98019,0.8503,0.89619,1,0.9076,0.73229,0.69454,0.86706
0.78682,0.69252,0.71227,0.95412,0.90993,0.65452,0.82621,0.74909,0.78467,0.85299,0.80399,0.8279,0.78522,0.81677,0.88401,0.78668,0.95408,0.9248,0.79864,0.78877,0.88611,0.879,0.7845,0.79134,0.859,0.84343,0.84,0.8117,0.87155,0.92253,0.96763,0.8557,0.74221,0.94581,0.81179,0.8324,0.91678,0.95021,0.78534,0.72793,0.83736,0.90417,0.96848,0.91385,0.77386,0.9682,0.9076,1,0.80578,0.76414,0.78922
0.63425,0.5582,0.57415,0.77209,0.88381,0.8121,0.97026,0.92853,0.63252,0.68769,0.64811,0.97204,0.63298,0.65845,0.91057,0.63409,0.83881,0.87056,0.64379,0.63582,0.71451,0.7087,0.6324,0.63783,0.69285,0.94729,0.67729,0.98604,0.92224,0.87189,0.79733,0.69015,0.9207,0.77106,0.98726,0.67104,0.87775,0.7678,0.63317,0.90227,0.9592,0.87771,0.81549,0.73714,0.62413,0.81122,0.73229,0.80578,1,0.94661,0.63653
0.60148,0.52945,0.54465,0.73257,0.83838,0.85561,0.92259,0.97427,0.59983,0.65216,0.61467,0.92149,0.60027,0.62443,0.86337,0.60137,0.79605,0.82537,0.61061,0.60299,0.67759,0.67203,0.59971,0.60493,0.65715,0.90159,0.64252,0.93803,0.87547,0.82662,0.75645,0.65464,0.96641,0.73169,0.93874,0.63635,0.83226,0.72819,0.60049,0.94889,0.91089,0.83374,0.7739,0.69918,0.59205,0.76986,0.69454,0.76414,0.94661,1,0.60387
0.96946,0.87424,0.89884,0.82315,0.71942,0.51712,0.65299,0.59197,0.96876,0.92136,0.96751,0.65394,0.96917,0.95608,0.69848,0.97213,0.75745,0.73062,0.9707,0.97085,0.88835,0.89495,0.96835,0.97426,0.91462,0.66719,0.93649,0.64108,0.68888,0.72901,0.79481,0.91751,0.58629,0.8206,0.64118,0.94111,0.72444,0.82738,0.96962,0.5753,0.66179,0.71899,0.7782,0.8621,0.96852,0.78157,0.86706,0.78922,0.63653,0.60387,1
