1,0.91808,0.86468,0.85282,0.82577,0.91434,0.91639,0.90234,0.87323,0.93372,0.9205,0.93363,0.90076,0.90475,0.91781,0.94275,0.87283,0.91745,0.93142,0.92553,0.91868,0.93769,0.93236,0.89648,0.93672,0.8546,0.85764,0.91471,0.90744,0.87986,0.91086,0.85157,0.93269,0.94248,0.86618,0.88088,0.89091,0.87869,0.8878,0.86063,0.92285,0.86621,0.89277,0.82945,0.91084,0.8788,0.93977,0.8849,0.86428,0.88959,0.84449
0.91808,1,0.92048,0.88842,0.8663,0.95722,0.9585,0.94844,0.91981,0.92617,0.92886,0.91901,0.91692,0.93174,0.95792,0.94279,0.90592,0.95343,0.9624,0.94271,0.95555,0.94376,0.95272,0.94293,0.92442,0.88517,0.88326,0.91663,0.89443,0.92036,0.90729,0.88892,0.92171,0.9056,0.89762,0.91028,0.91553,0.91042,0.92742,0.89151,0.92161,0.92249,0.93231,0.87403,0.94037,0.90133,0.94974,0.90381,0.91519,0.914,0.89584
0.86468,0.92048,1,0.88665,0.87998,0.91166,0.9176,0.91839,0.91845,0.8704,0.88197,0.86322,0.87974,0.88438,0.91947,0.88293,0.89737,0.9214,0.91133,0.89765,0.9073,0.88666,0.89716,0.91671,0.88087,0.87375,0.85993,0.88258,0.87747,0.91978,0.86265,0.90556,0.86687,0.85333,0.87855,0.87329,0.87325,0.87286,0.92167,0.88573,0.87116,0.90375,0.89988,0.89711,0.90441,0.87178,0.8891,0.86989,0.92231,0.87269,0.92469
0.85282,0.88842,0.88665,1,0.94987,0.89001,0.90324,0.90633,0.87664,0.86523,0.89357,0.854,0.92217,0.89904,0.887,0.88191,0.95944,0.87793,0.88666,0.88163,0.909,0.87572,0.88857,0.87675,0.85384,0.94315,0.90585,0.85512,0.84878,0.90017,0.87282,0.94335,0.87633,0.84766,0.95404,0.8803,0.89553,0.90293,0.87128,0.87612,0.86977,0.90166,0.90793,0.88568,0.87109,0.86345,0.88285,0.90366,0.92992,0.88027,0.87786
0.82577,0.8663,0.87998,0.94987,1,0.863,0.87749,0.88137,0.85807,0.83581,0.86843,0.82662,0.89408,0.86898,0.86344,0.85393,0.93413,0.85456,0.85998,0.85315,0.88041,0.84752,0.86122,0.85847,0.82682,0.925,0.88568,0.82922,0.82525,0.8809,0.84368,0.93195,0.84495,0.818,0.92415,0.86169,0.86554,0.87778,0.8642,0.85664,0.84261,0.89051,0.87925,0.88515,0.84982,0.83572,0.85443,0.8765,0.91533,0.85671,0.87141
0.91434,0.95722,0.91166,0.89001,0.863,1,0.96265,0.95602,0.92151,0.94024,0.93302,0.92651,0.91698,0.93129,0.95963,0.93796,0.9056,0.95387,0.95801,0.957,0.96285,0.95472,0.95306,0.92895,0.9251,0.88558,0.89115,0.91794,0.89152,0.91358,0.9147,0.89027,0.92534,0.91132,0.90024,0.90747,0.90905,0.91598,0.91028,0.8999,0.91927,0.91291,0.93006,0.86574,0.93042,0.91354,0.94585,0.90991,0.91232,0.91728,0.8911
0.91639,0.9585,0.9176,0.90324,0.87749,0.96265,1,0.95623,0.91394,0.93186,0.94346,0.92025,0.9282,0.93106,0.96308,0.94519,0.92004,0.94697,0.96109,0.95412,0.97354,0.94817,0.96187,0.93284,0.92727,0.90201,0.8959,0.91823,0.89632,0.91595,0.91865,0.90386,0.93086,0.91055,0.91667,0.91295,0.91482,0.91552,0.92241,0.90334,0.92516,0.92078,0.93819,0.87285,0.93725,0.91424,0.95213,0.91504,0.91924,0.91632,0.89233
0.90234,0.94844,0.91839,0.90633,0.88137,0.95602,0.95623,1,0.92394,0.92446,0.92916,0.91544,0.93082,0.92888,0.95856,0.933,0.9174,0.94373,0.94832,0.94686,0.96204,0.93957,0.94895,0.91584,0.91231,0.89715,0.89814,0.9042,0.87907,0.91375,0.91087,0.89974,0.91802,0.89767,0.91366,0.90517,0.90071,0.92262,0.90635,0.91123,0.91001,0.91936,0.9233,0.87675,0.92281,0.90564,0.93611,0.91962,0.92203,0.91755,0.89742
0.87323,0.91981,0.91845,0.87664,0.85807,0.92151,0.91394,0.92394,1,0.88249,0.87946,0.87245,0.88083,0.899,0.91419,0.88565,0.88482,0.92824,0.91507,0.90725,0.91222,0.89399,0.90103,0.9053,0.88645,0.86187,0.86216,0.88387,0.8662,0.9271,0.86604,0.87878,0.87438,0.86307,0.87518,0.87814,0.88698,0.88541,0.89064,0.87931,0.87176,0.9059,0.90431,0.88691,0.90028,0.88309,0.8958,0.8777,0.9094,0.88154,0.92907
0.93372,0.92617,0.8704,0.86523,0.83581,0.94024,0.93186,0.92446,0.88249,1,0.93858,0.96757,0.9117,0.92032,0.9371,0.95061,0.88017,0.92819,0.9329,0.94979,0.93698,0.9581,0.9486,0.90236,0.94139,0.86881,0.87444,0.92794,0.89272,0.87675,0.93892,0.8607,0.95493,0.94435,0.88436,0.89679,0.9012,0.89758,0.8826,0.88525,0.93553,0.87935,0.90498,0.83493,0.92313,0.91094,0.94896,0.90354,0.87382,0.91472,0.8531
0.9205,0.92886,0.88197,0.89357,0.86843,0.93302,0.94346,0.92916,0.87946,0.93858,1,0.93188,0.93548,0.92671,0.93649,0.94872,0.91282,0.91875,0.93251,0.93462,0.95016,0.94121,0.94626,0.90465,0.9161,0.895,0.89408,0.90298,0.88341,0.88686,0.91886,0.88599,0.93367,0.91277,0.91121,0.90842,0.9036,0.90988,0.89913,0.87869,0.92198,0.90077,0.91431,0.84963,0.91562,0.88898,0.94423,0.91379,0.89253,0.91233,0.86148
0.93363,0.91901,0.86322,0.854,0.82662,0.92651,0.92025,0.91544,0.87245,0.96757,0.93188,1,0.9024,0.9135,0.93085,0.95064,0.86855,0.91745,0.92412,0.94022,0.92339,0.94907,0.94289,0.8924,0.93792,0.85778,0.86341,0.92099,0.88551,0.86612,0.93505,0.84775,0.94475,0.95169,0.87226,0.88932,0.88713,0.88925,0.87867,0.87767,0.93204,0.87221,0.89458,0.82538,0.91265,0.90489,0.94423,0.89071,0.86084,0.90543,0.8433
0.90076,0.91692,0.87974,0.92217,0.89408,0.91698,0.9282,0.93082,0.88083,0.9117,0.93548,0.9024,1,0.91883,0.9189,0.92717,0.93763,0.90849,0.91722,0.9177,0.94133,0.92011,0.92827,0.89115,0.89084,0.92032,0.90781,0.88705,0.87382,0.89032,0.91165,0.90661,0.92292,0.89104,0.93966,0.89966,0.90648,0.91387,0.8865,0.87935,0.91083,0.89671,0.90991,0.86676,0.90196,0.87931,0.92303,0.92778,0.90481,0.9109,0.86241
0.90475,0.93174,0.88438,0.89904,0.86898,0.93129,0.93106,0.92888,0.899,0.92032,0.92671,0.9135,0.91883,1,0.91967,0.93467,0.90708,0.91099,0.92694,0.93221,0.93998,0.92781,0.93977,0.90408,0.9049,0.8923,0.89416,0.9046,0.87452,0.90492,0.91632,0.8804,0.9254,0.90617,0.90828,0.9064,0.92197,0.92653,0.8824,0.87605,0.91943,0.91339,0.94299,0.86513,0.90665,0.9045,0.94178,0.91826,0.90563,0.91972,0.87941
0.91781,0.95792,0.91947,0.887,0.86344,0.95963,0.96308,0.95856,0.91419,0.9371,0.93649,0.93085,0.9189,0.91967,1,0.94216,0.90391,0.9621,0.95802,0.95138,0.95481,0.94893,0.95512,0.92894,0.93115,0.88329,0.88219,0.92207,0.89697,0.9086,0.91432,0.88891,0.92508,0.91139,0.89768,0.90966,0.90034,0.9014,0.92198,0.89926,0.92101,0.91022,0.91889,0.86477,0.94171,0.90677,0.94644,0.90245,0.90279,0.91196,0.88969
0.94275,0.94279,0.88293,0.88191,0.85393,0.93796,0.94519,0.933,0.88565,0.95061,0.94872,0.95064,0.92717,0.93467,0.94216,1,0.89821,0.92696,0.94833,0.94891,0.95147,0.95925,0.96548,0.91078,0.93579,0.8851,0.88633,0.9164,0.89098,0.89261,0.93474,0.87299,0.95409,0.9419,0.89792,0.90709,0.90765,0.91405,0.90104,0.88865,0.93759,0.89903,0.92175,0.84651,0.92223,0.90442,0.97322,0.91213,0.88794,0.91807,0.85941
0.87283,0.90592,0.89737,0.95944,0.93413,0.9056,0.92004,0.9174,0.88482,0.88017,0.91282,0.86855,0.93763,0.90708,0.90391,0.89821,1,0.89648,0.90352,0.89437,0.92586,0.89207,0.90294,0.89306,0.86905,0.93909,0.90659,0.8684,0.8662,0.91293,0.88112,0.94851,0.88894,0.86204,0.95146,0.89332,0.90528,0.90515,0.89055,0.87608,0.8839,0.90829,0.91588,0.8841,0.88708,0.86552,0.89829,0.90782,0.93231,0.88929,0.88095
0.91745,0.95343,0.9214,0.87793,0.85456,0.95387,0.94697,0.94373,0.92824,0.92819,0.91875,0.91745,0.90849,0.91099,0.9621,0.92696,0.89648,1,0.9513,0.93957,0.94311,0.93686,0.93803,0.93406,0.93094,0.87364,0.87067,0.92678,0.90863,0.91507,0.90273,0.8866,0.91519,0.90308,0.88622,0.89518,0.90344,0.88935,0.91818,0.88851,0.9138,0.89894,0.91367,0.87133,0.94723,0.89642,0.93405,0.89504,0.90384,0.90407,0.89602
0.93142,0.9624,0.91133,0.88666,0.85998,0.95801,0.96109,0.94832,0.91507,0.9329,0.93251,0.92412,0.91722,0.92694,0.95802,0.94833,0.90352,0.9513,1,0.95252,0.95868,0.95394,0.96026,0.93365,0.93596,0.88263,0.88595,0.91847,0.90139,0.91552,0.91135,0.8868,0.93019,0.91663,0.89602,0.90594,0.9096,0.91147,0.91806,0.89598,0.92368,0.91143,0.9285,0.86449,0.93732,0.9045,0.95578,0.91052,0.90782,0.91156,0.88711
0.92553,0.94271,0.89765,0.88163,0.85315,0.957,0.95412,0.94686,0.90725,0.94979,0.93462,0.94022,0.9177,0.93221,0.95138,0.94891,0.89437,0.93957,0.95252,1,0.95261,0.95993,0.96789,0.91291,0.94276,0.88036,0.88155,0.93081,0.89541,0.89483,0.93329,0.87805,0.94202,0.92955,0.89608,0.89622,0.89849,0.90942,0.89788,0.90259,0.93071,0.8958,0.92225,0.8586,0.92953,0.92207,0.95448,0.90996,0.89536,0.91645,0.87856
0.91868,0.95555,0.9073,0.909,0.88041,0.96285,0.97354,0.96204,0.91222,0.93698,0.95016,0.92339,0.94133,0.93998,0.95481,0.95147,0.92586,0.94311,0.95868,0.95261,1,0.95353,0.96124,0.92442,0.92143,0.90686,0.90644,0.91074,0.8888,0.91447,0.92001,0.90245,0.93611,0.91046,0.92241,0.91519,0.91835,0.93005,0.91169,0.90146,0.92298,0.92213,0.93856,0.87216,0.92982,0.90676,0.95587,0.92814,0.92173,0.92512,0.88621
0.93769,0.94376,0.88666,0.87572,0.84752,0.95472,0.94817,0.93957,0.89399,0.9581,0.94121,0.94907,0.92011,0.92781,0.94893,0.95925,0.89207,0.93686,0.95394,0.95993,0.95353,1,0.96048,0.91114,0.9372,0.87653,0.88938,0.91987,0.89191,0.88996,0.9277,0.87082,0.94659,0.93579,0.88978,0.90607,0.89801,0.91328,0.89691,0.88913,0.92971,0.89476,0.91519,0.8447,0.92425,0.90633,0.96103,0.91301,0.88782,0.92146,0.86355
0.93236,0.95272,0.89716,0.88857,0.86122,0.95306,0.96187,0.94895,0.90103,0.9486,0.94626,0.94289,0.92827,0.93977,0.95512,0.96548,0.90294,0.93803,0.96026,0.96789,0.96124,0.96048,1,0.92055,0.93885,0.89065,0.88925,0.92919,0.89586,0.89921,0.93886,0.88206,0.95109,0.93221,0.90569,0.90823,0.91006,0.9172,0.90799,0.8976,0.94261,0.90609,0.93026,0.86112,0.93652,0.91905,0.97155,0.9188,0.90087,0.92329,0.87685
0.89648,0.94293,0.91671,0.87675,0.85847,0.92895,0.93284,0.91584,0.9053,0.90236,0.90465,0.8924,0.89115,0.90408,0.92894,0.91078,0.89306,0.93406,0.93365,0.91291,0.92442,0.91114,0.92055,1,0.90857,0.87688,0.86674,0.90809,0.89594,0.91086,0.8907,0.88582,0.89823,0.88615,0.88233,0.88901,0.9157,0.88441,0.92174,0.88242,0.91238,0.90459,0.92064,0.86871,0.93948,0.89009,0.91857,0.88488,0.90628,0.89051,0.89004
0.93672,0.92442,0.88087,0.85384,0.82682,0.9251,0.92727,0.91231,0.88645,0.94139,0.9161,0.93792,0.89084,0.9049,0.93115,0.93579,0.86905,0.93094,0.93596,0.94276,0.92143,0.9372,0.93885,0.90857,1,0.85781,0.85183,0.94483,0.91932,0.87714,0.9213,0.85857,0.93421,0.93729,0.86885,0.87563,0.89429,0.87541,0.8904,0.88383,0.93194,0.86904,0.90147,0.83965,0.93519,0.90823,0.93761,0.88513,0.87178,0.8937,0.86062
0.8546,0.88517,0.87375,0.94315,0.925,0.88558,0.90201,0.89715,0.86187,0.86881,0.895,0.85778,0.92032,0.8923,0.88329,0.8851,0.93909,0.87364,0.88263,0.88036,0.90686,0.87653,0.89065,0.87688,0.85781,1,0.89535,0.8594,0.85221,0.88277,0.88592,0.92583,0.88279,0.85313,0.95305,0.8755,0.8959,0.89444,0.86836,0.87983,0.87919,0.88914,0.9002,0.87264,0.87465,0.86878,0.88385,0.90167,0.91286,0.87799,0.85999
0.85764,0.88326,0.85993,0.90585,0.88568,0.89115,0.8959,0.89814,0.86216,0.87444,0.89408,0.86341,0.90781,0.89416,0.88219,0.88633,0.90659,0.87067,0.88595,0.88155,0.90644,0.88938,0.88925,0.86674,0.85183,0.89535,1,0.84852,0.82716,0.86996,0.8669,0.88261,0.88505,0.85485,0.91097,0.90921,0.87751,0.93699,0.86376,0.8553,0.86532,0.90558,0.8997,0.85554,0.86721,0.85845,0.89271,0.93885,0.89569,0.92153,0.85101
0.91471,0.91663,0.88258,0.85512,0.82922,0.91794,0.91823,0.9042,0.88387,0.92794,0.90298,0.92099,0.88705,0.9046,0.92207,0.9164,0.8684,0.92678,0.91847,0.93081,0.91074,0.91987,0.92919,0.90809,0.94483,0.8594,0.84852,1,0.92793,0.87432,0.92586,0.86116,0.92846,0.92023,0.87074,0.87243,0.89718,0.8671,0.88419,0.87033,0.93783,0.86359,0.90219,0.85456,0.94157,0.90865,0.92586,0.88341,0.87367,0.89683,0.86809
0.90744,0.89443,0.87747,0.84878,0.82525,0.89152,0.89632,0.87907,0.8662,0.89272,0.88341,0.88551,0.87382,0.87452,0.89697,0.89098,0.8662,0.90863,0.90139,0.89541,0.8888,0.89191,0.89586,0.89594,0.91932,0.85221,0.82716,0.92793,1,0.87358,0.89082,0.86792,0.89467,0.89431,0.85687,0.8462,0.88605,0.83858,0.87727,0.85483,0.90647,0.84049,0.88044,0.84251,0.91038,0.87229,0.89266,0.85559,0.86536,0.8567,0.85407
0.87986,0.92036,0.91978,0.90017,0.8809,0.91358,0.91595,0.91375,0.9271,0.87675,0.88686,0.86612,0.89032,0.90492,0.9086,0.89261,0.91293,0.91507,0.91552,0.89483,0.91447,0.88996,0.89921,0.91086,0.87714,0.88277,0.86996,0.87432,0.87358,1,0.86657,0.90241,0.87558,0.86403,0.89105,0.88443,0.90221,0.88767,0.90158,0.87454,0.8722,0.91352,0.9126,0.88383,0.89034,0.87147,0.89807,0.87726,0.92401,0.87357,0.91437
0.91086,0.90729,0.86265,0.87282,0.84368,0.9147,0.91865,0.91087,0.86604,0.93892,0.91886,0.93505,0.91165,0.91632,0.91432,0.93474,0.88112,0.90273,0.91135,0.93329,0.92001,0.9277,0.93886,0.8907,0.9213,0.88592,0.8669,0.92586,0.89082,0.86657,1,0.8646,0.9443,0.93727,0.89319,0.87573,0.89842,0.88909,0.86855,0.89228,0.94969,0.86612,0.90261,0.83772,0.9086,0.92038,0.93024,0.89865,0.87155,0.89947,0.84512
0.85157,0.88892,0.90556,0.94335,0.93195,0.89027,0.90386,0.89974,0.87878,0.8607,0.88599,0.84775,0.90661,0.8804,0.88891,0.87299,0.94851,0.8866,0.8868,0.87805,0.90245,0.87082,0.88206,0.88582,0.85857,0.92583,0.88261,0.86116,0.86792,0.90241,0.8646,1,0.86768,0.84224,0.9295,0.8672,0.88941,0.87741,0.88332,0.87809,0.86789,0.88624,0.8985,0.89205,0.87868,0.85825,0.87398,0.88576,0.93464,0.86789,0.88504
0.93269,0.92171,0.86687,0.87633,0.84495,0.92534,0.93086,0.91802,0.87438,0.95493,0.93367,0.94475,0.92292,0.9254,0.92508,0.95409,0.88894,0.91519,0.93019,0.94202,0.93611,0.94659,0.95109,0.89823,0.93421,0.88279,0.88505,0.92846,0.89467,0.87558,0.9443,0.86768,1,0.94156,0.89864,0.90275,0.91119,0.90391,0.88129,0.87888,0.94392,0.88167,0.91473,0.84386,0.923,0.9108,0.95689,0.91868,0.87885,0.92468,0.85073
0.94248,0.9056,0.85333,0.84766,0.818,0.91132,0.91055,0.89767,0.86307,0.94435,0.91277,0.95169,0.89104,0.90617,0.91139,0.9419,0.86204,0.90308,0.91663,0.92955,0.91046,0.93579,0.93221,0.88615,0.93729,0.85313,0.85485,0.92023,0.89431,0.86403,0.93727,0.84224,0.94156,1,0.86415,0.87684,0.88697,0.87879,0.86971,0.87076,0.93501,0.85852,0.89402,0.81738,0.89976,0.90734,0.93688,0.8808,0.85206,0.88993,0.83348
0.86618,0.89762,0.87855,0.95404,0.92415,0.90024,0.91667,0.91366,0.87518,0.88436,0.91121,0.87226,0.93966,0.90828,0.89768,0.89792,0.95146,0.88622,0.89602,0.89608,0.92241,0.88978,0.90569,0.88233,0.86885,0.95305,0.91097,0.87074,0.85687,0.89105,0.89319,0.9295,0.89864,0.86415,1,0.89223,0.90826,0.90985,0.87561,0.88062,0.88915,0.90339,0.91354,0.87925,0.88641,0.87952,0.89876,0.91937,0.91917,0.89711,0.87045
0.88088,0.91028,0.87329,0.8803,0.86169,0.90747,0.91295,0.90517,0.87814,0.89679,0.90842,0.88932,0.89966,0.9064,0.90966,0.90709,0.89332,0.89518,0.90594,0.89622,0.91519,0.90607,0.90823,0.88901,0.87563,0.8755,0.90921,0.87243,0.8462,0.88443,0.87573,0.8672,0.90275,0.87684,0.89223,1,0.89315,0.90774,0.89401,0.84992,0.8855,0.92439,0.90713,0.84651,0.89382,0.87456,0.91679,0.90347,0.88069,0.91809,0.86245
0.89091,0.91553,0.87325,0.89553,0.86554,0.90905,0.91482,0.90071,0.88698,0.9012,0.9036,0.88713,0.90648,0.92197,0.90034,0.90765,0.90528,0.90344,0.9096,0.89849,0.91835,0.89801,0.91006,0.9157,0.89429,0.8959,0.87751,0.89718,0.88605,0.90221,0.89842,0.88941,0.91119,0.88697,0.90826,0.89315,1,0.89293,0.8817,0.86567,0.9151,0.89592,0.93516,0.8642,0.91129,0.8941,0.91399,0.89852,0.90261,0.89439,0.86945
0.87869,0.91042,0.87286,0.90293,0.87778,0.91598,0.91552,0.92262,0.88541,0.89758,0.90988,0.88925,0.91387,0.92653,0.9014,0.91405,0.90515,0.88935,0.91147,0.90942,0.93005,0.91328,0.9172,0.88441,0.87541,0.89444,0.93699,0.8671,0.83858,0.88767,0.88909,0.87741,0.90391,0.87879,0.90985,0.90774,0.89293,1,0.8739,0.88115,0.88558,0.92317,0.92248,0.86049,0.883,0.88302,0.91918,0.93921,0.90887,0.92936,0.86486
0.8878,0.92742,0.92167,0.87128,0.8642,0.91028,0.92241,0.90635,0.89064,0.8826,0.89913,0.87867,0.8865,0.8824,0.92198,0.90104,0.89055,0.91818,0.91806,0.89788,0.91169,0.89691,0.90799,0.92174,0.8904,0.86836,0.86376,0.88419,0.87727,0.90158,0.86855,0.88332,0.88129,0.86971,0.87561,0.89401,0.8817,0.8739,1,0.86661,0.8854,0.90592,0.89809,0.86736,0.91595,0.86756,0.90651,0.8712,0.89686,0.87846,0.88381
0.86063,0.89151,0.88573,0.87612,0.85664,0.8999,0.90334,0.91123,0.87931,0.88525,0.87869,0.87767,0.87935,0.87605,0.89926,0.88865,0.87608,0.88851,0.89598,0.90259,0.90146,0.88913,0.8976,0.88242,0.88383,0.87983,0.8553,0.87033,0.85483,0.87454,0.89228,0.87809,0.87888,0.87076,0.88062,0.84992,0.86567,0.88115,0.86661,1,0.87775,0.86911,0.88306,0.84506,0.87896,0.90082,0.88315,0.87199,0.88814,0.86391,0.85951
0.92285,0.92161,0.87116,0.86977,0.84261,0.91927,0.92516,0.91001,0.87176,0.93553,0.92198,0.93204,0.91083,0.91943,0.92101,0.93759,0.8839,0.9138,0.92368,0.93071,0.92298,0.92971,0.94261,0.91238,0.93194,0.87919,0.86532,0.93783,0.90647,0.8722,0.94969,0.86789,0.94392,0.93501,0.88915,0.8855,0.9151,0.88558,0.8854,0.87775,1,0.87314,0.91509,0.84356,0.93118,0.9106,0.93819,0.89779,0.87623,0.90278,0.85108
0.86621,0.92249,0.90375,0.90166,0.89051,0.91291,0.92078,0.91936,0.9059,0.87935,0.90077,0.87221,0.89671,0.91339,0.91022,0.89903,0.90829,0.89894,0.91143,0.8958,0.92213,0.89476,0.90609,0.90459,0.86904,0.88914,0.90558,0.86359,0.84049,0.91352,0.86612,0.88624,0.88167,0.85852,0.90339,0.92439,0.89592,0.92317,0.90592,0.86911,0.87314,1,0.92218,0.87903,0.89238,0.87564,0.90791,0.90108,0.91658,0.90531,0.89807
0.89277,0.93231,0.89988,0.90793,0.87925,0.93006,0.93819,0.9233,0.90431,0.90498,0.91431,0.89458,0.90991,0.94299,0.91889,0.92175,0.91588,0.91367,0.9285,0.92225,0.93856,0.91519,0.93026,0.92064,0.90147,0.9002,0.8997,0.90219,0.88044,0.9126,0.90261,0.8985,0.91473,0.89402,0.91354,0.90713,0.93516,0.92248,0.89809,0.88306,0.91509,0.92218,1,0.87867,0.91505,0.90911,0.93269,0.91376,0.92177,0.91513,0.88737
0.82945,0.87403,0.89711,0.88568,0.88515,0.86574,0.87285,0.87675,0.88691,0.83493,0.84963,0.82538,0.86676,0.86513,0.86477,0.84651,0.8841,0.87133,0.86449,0.8586,0.87216,0.8447,0.86112,0.86871,0.83965,0.87264,0.85554,0.85456,0.84251,0.88383,0.83772,0.89205,0.84386,0.81738,0.87925,0.84651,0.8642,0.86049,0.86736,0.84506,0.84356,0.87903,0.87867,1,0.87008,0.84001,0.85651,0.86994,0.91198,0.86631,0.9157
0.91084,0.94037,0.90441,0.87109,0.84982,0.93042,0.93725,0.92281,0.90028,0.92313,0.91562,0.91265,0.90196,0.90665,0.94171,0.92223,0.88708,0.94723,0.93732,0.92953,0.92982,0.92425,0.93652,0.93948,0.93519,0.87465,0.86721,0.94157,0.91038,0.89034,0.9086,0.87868,0.923,0.89976,0.88641,0.89382,0.91129,0.883,0.91595,0.87896,0.93118,0.89238,0.91505,0.87008,1,0.89751,0.93336,0.8988,0.89548,0.91014,0.88444
0.8788,0.90133,0.87178,0.86345,0.83572,0.91354,0.91424,0.90564,0.88309,0.91094,0.88898,0.90489,0.87931,0.9045,0.90677,0.90442,0.86552,0.89642,0.9045,0.92207,0.90676,0.90633,0.91905,0.89009,0.90823,0.86878,0.85845,0.90865,0.87229,0.87147,0.92038,0.85825,0.9108,0.90734,0.87952,0.87456,0.8941,0.88302,0.86756,0.90082,0.9106,0.87564,0.90911,0.84001,0.89751,1,0.91,0.88026,0.87202,0.88444,0.85924
0.93977,0.94974,0.8891,0.88285,0.85443,0.94585,0.95213,0.93611,0.8958,0.94896,0.94423,0.94423,0.92303,0.94178,0.94644,0.97322,0.89829,0.93405,0.95578,0.95448,0.95587,0.96103,0.97155,0.91857,0.93761,0.88385,0.89271,0.92586,0.89266,0.89807,0.93024,0.87398,0.95689,0.93688,0.89876,0.91679,0.91399,0.91918,0.90651,0.88315,0.93819,0.90791,0.93269,0.85651,0.93336,0.91,1,0.91987,0.89404,0.93103,0.87045
0.8849,0.90381,0.86989,0.90366,0.8765,0.90991,0.91504,0.91962,0.8777,0.90354,0.91379,0.89071,0.92778,0.91826,0.90245,0.91213,0.90782,0.89504,0.91052,0.90996,0.92814,0.91301,0.9188,0.88488,0.88513,0.90167,0.93885,0.88341,0.85559,0.87726,0.89865,0.88576,0.91868,0.8808,0.91937,0.90347,0.89852,0.93921,0.8712,0.87199,0.89779,0.90108,0.91376,0.86994,0.8988,0.88026,0.91987,1,0.90576,0.9465,0.86358
0.86428,0.91519,0.92231,0.92992,0.91533,0.91232,0.91924,0.92203,0.9094,0.87382,0.89253,0.86084,0.90481,0.90563,0.90279,0.88794,0.93231,0.90384,0.90782,0.89536,0.92173,0.88782,0.90087,0.90628,0.87178,0.91286,0.89569,0.87367,0.86536,0.92401,0.87155,0.93464,0.87885,0.85206,0.91917,0.88069,0.90261,0.90887,0.89686,0.88814,0.87623,0.91658,0.92177,0.91198,0.89548,0.87202,0.89404,0.90576,1,0.89198,0.91247
0.88959,0.914,0.87269,0.88027,0.85671,0.91728,0.91632,0.91755,0.88154,0.91472,0.91233,0.90543,0.9109,0.91972,0.91196,0.91807,0.88929,0.90407,0.91156,0.91645,0.92512,0.92146,0.92329,0.89051,0.8937,0.87799,0.92153,0.89683,0.8567,0.87357,0.89947,0.86789,0.92468,0.88993,0.89711,0.91809,0.89439,0.92936,0.87846,0.86391,0.90278,0.90531,0.91513,0.86631,0.91014,0.88444,0.93103,0.9465,0.89198,1,0.86692
0.84449,0.89584,0.92469,0.87786,0.87141,0.8911,0.89233,0.89742,0.92907,0.8531,0.86148,0.8433,0.86241,0.87941,0.88969,0.85941,0.88095,0.89602,0.88711,0.87856,0.88621,0.86355,0.87685,0.89004,0.86062,0.85999,0.85101,0.86809,0.85407,0.91437,0.84512,0.88504,0.85073,0.83348,0.87045,0.86245,0.86945,0.86486,0.88381,0.85951,0.85108,0.89807,0.88737,0.9157,0.88444,0.85924,0.87045,0.86358,0.91247,0.86692,1
