-0.0089796
0.057245
0.057469
0.058072
0.056529
0.056055
0.056973
0.057891
0.057125
0.056807
0.057523
0.058452
0.058628
0.057193
0.058033
0.058358
0.056777
0.056471
0.056998
0.057799
0.056893
0.057152
0.056165
0.056415
0.058667
0.057385
0.05614
0.058022
0.055912
0.056703
0.05759
0.057904
0.058711
0.058339
0.056738
0.058937
0.056323
0.058004
0.056815
-0.058418
-0.056955
-0.058172
-0.058062
-0.060166
-0.057633
-0.057239
-0.057228
-0.056978
-0.057349
-0.057597
-0.055865
-0.056958
-0.05792
-0.057502
-0.056925
-0.056756
-0.058232
-0.056501
-0.05906
-0.056759
-0.057902
-0.056843
-0.056887
-0.058535
-0.056829
-0.056486
-0.058173
-0.056702
-0.058378
-0.056825
-0.056822
-0.056933
-0.057668
-0.056811
-0.056524
-0.056843
-0.055771
