-0.005578
0.064036
0.064364
0.06151
0.058648
0.065152
0.062657
0.059318
0.06022
0.061443
0.0631
0.06371
0.058826
0.064066
0.064729
0.06137
0.061737
0.064107
0.063181
0.064315
0.061913
0.061649
0.062672
0.062092
0.061316
0.063027
0.058956
0.063016
0.063255
0.06196
0.066128
0.062572
0.064062
-0.062676
-0.063183
-0.057664
-0.062592
-0.068079
-0.057899
-0.063555
-0.063997
-0.061784
-0.06254
-0.064097
-0.062827
-0.062425
-0.063193
-0.062752
-0.059408
-0.06256
-0.062573
-0.06038
-0.063101
-0.063484
-0.062492
-0.062983
-0.062488
-0.060538
-0.062855
-0.062692
-0.063624
-0.061885
-0.060882
-0.062654
-0.065246
