-1.2621e-05
0.060591
0.060642
0.060621
0.060613
0.060521
0.060736
0.060547
0.060566
0.060655
0.060497
0.060812
0.060611
0.060591
0.060542
0.060639
0.060622
0.060806
0.060642
0.060642
0.060593
0.060615
0.060633
0.060601
0.060557
0.060613
0.060672
0.06063
0.060611
0.060672
0.060644
0.060655
0.060972
0.060611
0.06057
-0.060637
-0.060683
-0.060645
-0.060648
-0.060657
-0.060647
-0.060626
-0.060648
-0.060529
-0.060583
-0.060645
-0.060621
-0.060631
-0.060663
-0.060632
-0.060633
-0.060648
-0.060655
-0.060609
-0.060656
-0.060643
-0.060616
-0.060647
-0.060647
-0.060579
-0.06063
-0.060634
-0.060647
-0.060638
-0.060643
-0.060631
-0.060628
-0.060623
-0.060656
