0.0012333
0.023147
0.02262
0.023366
0.02314
0.02327
0.022143
0.02296
0.02251
0.023085
0.023135
0.022995
0.023507
0.02363
0.022718
0.021925
0.023313
0.024033
0.02242
0.023079
0.023158
0.022096
0.022592
0.023167
0.021356
0.023126
0.023108
0.022995
0.023269
0.023136
0.02314
0.021638
0.023044
0.022198
0.023373
0.023426
0.021775
0.02289
0.023123
0.023129
0.02298
0.021532
0.023515
0.02272
0.023789
0.023005
0.022926
0.023472
0.023542
0.023076
0.022839
0.023243
0.023193
0.023052
0.023499
0.02204
0.022202
0.023018
0.023171
0.021829
0.022151
0.021787
0.023131
0.023103
0.024295
0.023599
0.022903
0.022946
0.023216
0.023279
0.023797
0.022134
0.022872
0.023526
0.023273
0.023075
0.021927
0.023134
0.023186
0.023086
0.023069
0.023185
0.023177
0.023224
0.023491
0.023481
0.021514
0.023059
0.023158
0.023172
0.023192
0.022971
0.02363
0.021982
0.022102
0.021962
0.023203
0.023684
0.021754
0.023332
0.022792
0.023162
0.023094
0.023395
0.022225
0.023105
0.022904
0.023
0.023422
0.022768
0.023118
0.021852
0.023239
0.022144
0.023178
0.023161
0.0231
0.023228
0.022713
0.023133
0.023059
0.022144
0.022702
0.021996
0.02318
0.023007
0.021945
0.023215
0.022395
0.023262
0.023272
0.023035
0.023221
0.023092
0.021415
0.021814
0.021725
0.02236
0.023141
0.023112
0.02331
0.022634
0.023355
0.021812
0.022974
0.022678
0.022995
0.023505
0.023118
0.024108
0.023546
0.023356
0.023398
0.022187
0.022084
0.022817
0.02255
0.023154
0.023117
0.022162
0.022726
0.023301
0.022648
0.021848
0.023955
0.023301
0.023346
0.022476
0.023146
0.023465
0.022976
0.02328
0.023015
0.021919
0.022959
0.023291
0.022982
0.022269
0.022158
0.023092
0.021876
0.023247
0.022649
0.023216
0.023131
0.023149
0.022156
0.022223
0.023102
0.023394
0.022737
0.023642
0.022314
0.023783
0.023124
0.023095
0.022953
0.02287
0.022037
0.022349
0.021559
0.02297
0.021987
0.022381
0.023128
0.022752
0.021998
0.022402
0.023174
0.023269
0.023145
0.023336
0.022181
0.022864
0.022033
0.02316
0.02315
0.021862
0.02297
0.023643
0.02321
0.023487
0.024
0.022638
0.022521
0.021615
0.023232
0.023043
0.022353
0.023146
0.022207
0.022684
0.022198
0.021894
0.022975
0.023131
0.021846
0.022031
0.022573
0.023041
-0.022679
-0.023205
-0.023554
-0.023051
-0.023148
-0.023218
-0.022886
-0.02279
-0.022644
-0.022809
-0.022451
-0.023056
-0.022904
-0.023207
-0.022948
-0.023249
-0.023351
-0.022444
-0.021515
-0.023106
-0.022718
-0.021926
-0.023412
-0.023736
-0.021219
-0.023317
-0.022025
-0.021805
-0.023184
-0.023018
-0.023431
-0.022959
-0.023084
-0.023032
-0.024802
-0.023214
-0.023371
-0.02315
-0.022949
-0.022841
-0.023042
-0.023024
-0.023054
-0.023196
-0.023209
-0.024648
-0.023098
-0.022905
-0.022425
-0.023624
-0.022713
-0.023109
-0.023534
-0.023013
-0.024165
-0.022944
-0.022494
-0.023481
-0.023163
-0.023159
-0.022279
-0.02325
-0.022935
-0.023613
-0.022888
-0.023108
-0.022
-0.022109
-0.022964
-0.02427
-0.021646
-0.023097
-0.022061
-0.024176
-0.023099
-0.023171
-0.023002
-0.022534
-0.024185
-0.021849
-0.02306
-0.023822
-0.021476
-0.022588
-0.023176
-0.023121
-0.021466
-0.022789
-0.023231
-0.022236
-0.022393
-0.021426
-0.023008
-0.022145
-0.020982
-0.022207
-0.023207
-0.023008
-0.022908
-0.023077
-0.022928
-0.022107
-0.023631
-0.022814
-0.02235
-0.022197
-0.022796
-0.023086
-0.024016
-0.023073
-0.023483
-0.023776
-0.023004
-0.023245
-0.022926
-0.02278
-0.022596
-0.023174
-0.022986
-0.022837
-0.022876
-0.023173
-0.023008
-0.023123
-0.023208
-0.021495
-0.021888
-0.023221
-0.022427
-0.02351
-0.022858
-0.023083
-0.022022
-0.02316
-0.022537
-0.021023
-0.023728
-0.023109
-0.023164
-0.022521
-0.0226
-0.023164
-0.022724
-0.02211
-0.023007
-0.022574
-0.021545
-0.023089
-0.021498
-0.024125
-0.024177
-0.02171
-0.022794
-0.02238
-0.022624
-0.022241
-0.023198
-0.022975
-0.023652
-0.02249
-0.023193
-0.023099
-0.022862
-0.021979
-0.022855
-0.023658
-0.022388
-0.023266
-0.021636
-0.023284
-0.022868
-0.023065
-0.022706
-0.022042
-0.022844
-0.023075
-0.02294
-0.023252
-0.021928
-0.023215
-0.022931
-0.021535
-0.023224
-0.022079
-0.022479
-0.023375
-0.024277
-0.020981
-0.022177
-0.020816
-0.023903
-0.023159
-0.022448
-0.022397
-0.024555
-0.022971
-0.023006
-0.023068
-0.023214
-0.023498
-0.022452
-0.02265
-0.02373
-0.022851
-0.022272
-0.023008
-0.023123
-0.023334
-0.022998
-0.022155
-0.023207
-0.023925
-0.023166
-0.022852
-0.023034
-0.023219
-0.021748
-0.022589
-0.02295
-0.022597
-0.023243
-0.023006
-0.023309
-0.022872
-0.021752
-0.022493
-0.022464
-0.02327
-0.022023
-0.022415
-0.022692
-0.023021
-0.023241
-0.022374
-0.023568
-0.022218
-0.023853
-0.022964
-0.02232
