0.28532,0.24072,0.28466,0.24705,0.25044,0.19366,0.30644,0.19913,0.19042,0.26987,0.27182,0.2177,0.29572,0.28005,0.26583,0.23738,0.18857,0.24028,0.30693,0.26925,0.24294,0.26426,0.28107,0.29163,0.27933,0.12149,0.29003,0.23941,0.27491,0.12214,0.27663,0.30797,0.16114,0.11894,0.16308,0.27886,0.17264,0.33504,0.33342,0.27497,0.32941,0.23388,0.21925,0.12276,0.28872,0.2502,0.34435,0.19671,0.21371,0.10535,0.293
0.32348,0.25265,0.31054,0.28337,0.30662,0.17577,0.35701,0.23795,0.18432,0.24747,0.31465,0.22103,0.29956,0.30016,0.31464,0.32447,0.17406,0.23251,0.29455,0.39691,0.21333,0.25392,0.29359,0.31937,0.32974,0.14616,0.13821,0.22174,0.30336,0.06253,0.28032,0.19798,0.12614,0.11865,0.18829,0.23271,0.16607,0.24715,0.27835,0.25512,0.30668,0.32314,0.13133,0.17879,0.22026,0.24124,0.23695,0.081311,0.16654,0.076868,0.14719
0.39751,0.41779,0.35195,0.42662,0.38859,0.42264,0.39599,0.59087,0.42332,0.42579,0.42698,0.39609,0.42852,0.42406,0.45992,0.47804,0.63776,0.45048,0.39708,0.37722,0.39901,0.45162,0.43191,0.41294,0.37588,0.62693,0.52744,0.60373,0.45366,0.64093,0.44073,0.54961,0.62636,0.64984,0.64422,0.57653,0.63145,0.33073,0.43146,0.47797,0.40298,0.52321,0.58633,0.74877,0.47762,0.54046,0.36886,0.67333,0.67332,0.75554,0.44803
0.3198,0.31069,0.4163,0.33422,0.35733,0.4197,0.28854,0.31944,0.39028,0.32994,0.29567,0.44874,0.32178,0.32607,0.31295,0.30559,0.28848,0.34557,0.32966,0.31446,0.41274,0.35991,0.32653,0.31817,0.33556,0.18122,0.14977,0.18308,0.26702,0.064356,0.2995,0.17313,0.22353,0.26908,0.1574,0.21177,0.31497,0.10862,0.28346,0.2453,0.29958,0.25792,0.13669,0.12573,0.21595,0.25824,0.23795,0.092864,0.16294,0.05848,0.20656
0.41829,0.58776,0.36514,0.49781,0.47108,0.52661,0.40664,0.35859,0.57609,0.5015,0.47932,0.41163,0.40716,0.41651,0.41364,0.41195,0.44981,0.51924,0.40224,0.37457,0.47616,0.42615,0.44864,0.42144,0.44119,0.6163,0.63639,0.52605,0.35364,0.69263,0.44879,0.49864,0.55668,0.43381,0.5535,0.46418,0.44344,0.70559,0.44743,0.53046,0.39678,0.30011,0.47698,0.30508,0.51727,0.49117,0.55278,0.62854,0.49035,0.47383,0.63008
0.30237,0.27025,0.33496,0.29014,0.28663,0.17098,0.35416,0.22309,0.17295,0.2469,0.29852,0.21777,0.30328,0.29894,0.31395,0.27873,0.15825,0.22457,0.29333,0.393,0.22121,0.2711,0.30039,0.33582,0.34483,0.13726,0.14361,0.21348,0.25617,0.0488,0.27566,0.2021,0.099333,0.10528,0.10227,0.25557,0.17105,0.21574,0.26651,0.25254,0.30727,0.27906,0.12104,0.10958,0.21743,0.24926,0.26402,0.095118,0.16662,0.056485,0.17319
0.31185,0.22716,0.25489,0.25295,0.27964,0.19822,0.32701,0.30559,0.21582,0.27471,0.29673,0.24749,0.30624,0.30409,0.30595,0.33566,0.29963,0.25645,0.3193,0.29683,0.23943,0.28727,0.28156,0.30229,0.27738,0.2916,0.27684,0.32082,0.45161,0.25544,0.30455,0.37588,0.29519,0.43229,0.36133,0.32095,0.28744,0.24955,0.31506,0.29549,0.31875,0.37887,0.51139,0.46483,0.36262,0.28972,0.31336,0.21983,0.32406,0.40631,0.31896
0.32726,0.28461,0.34859,0.31088,0.32903,0.36137,0.27814,0.3315,0.31383,0.31124,0.28366,0.40922,0.29433,0.31927,0.29896,0.3189,0.27238,0.31556,0.31675,0.3147,0.34445,0.3284,0.29366,0.28888,0.30812,0.18361,0.14459,0.17203,0.27575,0.064978,0.28369,0.19247,0.23787,0.22786,0.14225,0.20183,0.26285,0.10218,0.27896,0.23732,0.30337,0.36862,0.13723,0.20179,0.2235,0.25052,0.21508,0.05871,0.17307,0.0648,0.16104
0.28789,0.2365,0.30547,0.26886,0.27203,0.31675,0.25191,0.26622,0.30218,0.30151,0.26449,0.31604,0.31213,0.29672,0.26113,0.23379,0.22978,0.28357,0.32022,0.21644,0.33799,0.29445,0.29082,0.2756,0.27181,0.14329,0.27005,0.20152,0.29089,0.1206,0.33212,0.25706,0.2286,0.19746,0.17438,0.25746,0.25892,0.29719,0.31066,0.28608,0.31592,0.23074,0.22292,0.12081,0.31157,0.26512,0.33597,0.19169,0.20849,0.10816,0.30721
0.32478,0.30537,0.33773,0.29007,0.27105,0.22792,0.30613,0.26476,0.26539,0.27497,0.29495,0.25175,0.32448,0.31021,0.28419,0.271,0.23913,0.28112,0.33312,0.31479,0.25558,0.32116,0.33982,0.3112,0.33337,0.18527,0.29711,0.15094,0.27385,0.13699,0.33552,0.34049,0.1806,0.16697,0.15689,0.2617,0.2182,0.40708,0.30935,0.2918,0.31424,0.21588,0.20134,0.12348,0.30279,0.25639,0.36941,0.066207,0.22313,0.077766,0.36078
0.37931,0.30309,0.4221,0.3425,0.36929,0.25247,0.4012,0.33207,0.38961,0.29391,0.36557,0.28505,0.34878,0.40482,0.39651,0.39715,0.266,0.30621,0.3215,0.49028,0.27997,0.31493,0.38072,0.39318,0.41427,0.24379,0.1676,0.20229,0.30029,0.13482,0.37631,0.21347,0.23884,0.17281,0.27152,0.22986,0.21045,0.36287,0.2898,0.29609,0.29794,0.33214,0.13689,0.2046,0.23835,0.27379,0.28295,0.080348,0.2243,0.094476,0.16396
0.403,0.52261,0.39964,0.48193,0.48633,0.58016,0.45144,0.57061,0.53937,0.47318,0.48293,0.4585,0.4077,0.41553,0.46777,0.5112,0.68184,0.54488,0.41271,0.35972,0.51311,0.47726,0.45429,0.46814,0.39427,0.70166,0.62307,0.80148,0.47516,0.76631,0.44987,0.53166,0.69818,0.68355,0.74885,0.67262,0.55238,0.4083,0.47882,0.5168,0.46077,0.54592,0.65154,0.76148,0.51323,0.60547,0.39592,0.92519,0.73939,0.85816,0.48385
0.29189,0.32201,0.25676,0.30844,0.30604,0.3474,0.25716,0.2565,0.23032,0.34638,0.29374,0.39747,0.31082,0.2733,0.27445,0.25321,0.22521,0.29962,0.30575,0.20628,0.37453,0.29919,0.25617,0.24973,0.26354,0.27555,0.18941,0.18885,0.2749,0.25372,0.22568,0.20753,0.25993,0.2053,0.19255,0.18656,0.42353,0.15223,0.31055,0.29518,0.3069,0.26812,0.13628,0.15843,0.22539,0.28656,0.26081,0.075035,0.18318,0.067545,0.23175
0.29222,0.266,0.23496,0.24713,0.22914,0.23599,0.25803,0.20864,0.21151,0.29325,0.25499,0.26427,0.3024,0.24097,0.23431,0.19911,0.20823,0.25311,0.32272,0.17012,0.2609,0.28325,0.26045,0.23713,0.23355,0.18074,0.43075,0.13908,0.30096,0.16819,0.31573,0.42107,0.18715,0.1932,0.12338,0.2721,0.23862,0.4354,0.32074,0.30557,0.3277,0.20661,0.30694,0.12297,0.39683,0.23441,0.41025,0.11727,0.21537,0.091727,0.48672
0.35163,0.33901,0.45104,0.34848,0.34004,0.24722,0.39026,0.34691,0.37837,0.29558,0.34844,0.26624,0.34637,0.3918,0.36478,0.35346,0.27261,0.30047,0.32236,0.50491,0.27277,0.34636,0.39882,0.38516,0.4458,0.24754,0.16865,0.179,0.26252,0.12545,0.37154,0.2235,0.20839,0.17082,0.18604,0.2332,0.22341,0.37122,0.28944,0.29513,0.28938,0.27966,0.12446,0.13593,0.22681,0.27477,0.31422,0.076645,0.23004,0.068501,0.20041
0.35739,0.30371,0.33276,0.34682,0.36581,0.3263,0.34899,0.36765,0.37497,0.30889,0.34331,0.32816,0.33456,0.36783,0.37814,0.40136,0.3724,0.35295,0.34982,0.35132,0.31246,0.3342,0.34401,0.38182,0.33021,0.3565,0.33896,0.38995,0.46008,0.3363,0.35999,0.37257,0.38546,0.54729,0.42681,0.42075,0.28915,0.2997,0.33124,0.3432,0.33879,0.38867,0.57154,0.48508,0.40027,0.3652,0.34837,0.31253,0.37955,0.46734,0.35235
0.31121,0.29058,0.25144,0.30992,0.30959,0.35077,0.2712,0.28,0.2414,0.34178,0.2997,0.37311,0.30255,0.29229,0.2878,0.27315,0.23448,0.30179,0.31383,0.24105,0.34395,0.29697,0.25514,0.25753,0.26929,0.26725,0.17769,0.17629,0.28191,0.35604,0.23307,0.22514,0.28238,0.19403,0.21937,0.19732,0.35957,0.14641,0.31628,0.28817,0.31911,0.38983,0.13634,0.23105,0.24195,0.29799,0.24416,0.072566,0.19505,0.077167,0.17549
0.26343,0.27499,0.2225,0.26886,0.24925,0.28404,0.24725,0.22533,0.21671,0.32939,0.25631,0.31546,0.30874,0.24536,0.23256,0.20753,0.21227,0.26552,0.30482,0.15218,0.30706,0.28335,0.2392,0.22433,0.23974,0.21323,0.31465,0.15376,0.28782,0.16577,0.26617,0.30983,0.22015,0.17083,0.15345,0.21682,0.32223,0.2721,0.31334,0.30274,0.31344,0.22186,0.20665,0.12495,0.3311,0.24069,0.33271,0.069831,0.19547,0.080635,0.35083
0.35492,0.45884,0.37821,0.32342,0.29068,0.32276,0.33154,0.32943,0.30408,0.35153,0.32805,0.35614,0.32786,0.34611,0.31422,0.31543,0.3159,0.30384,0.34088,0.36267,0.26873,0.34287,0.41916,0.31821,0.34782,0.12408,0.35174,0.16785,0.32477,0.14623,0.41537,0.32068,0.5117,0.23711,0.36536,0.16955,0.18038,0.45182,0.35172,0.24598,0.30698,0.2101,0.1445,0.13476,0.29154,0.25925,0.36669,0.050521,0.24948,0.08014,0.3274
0.37009,0.24863,0.44264,0.35037,0.37208,0.3058,0.38117,0.40959,0.40491,0.27742,0.35679,0.29874,0.35382,0.41769,0.42593,0.37511,0.36871,0.34216,0.33225,0.46728,0.30509,0.34174,0.36702,0.39162,0.41577,0.15276,0.17129,0.14279,0.2896,0.1239,0.32087,0.20303,0.21132,0.24068,0.21551,0.1702,0.16995,0.27895,0.25062,0.24065,0.30752,0.35234,0.12527,0.23797,0.21925,0.22761,0.27261,0.070022,0.20382,0.060485,0.15179
0.39328,0.44192,0.3517,0.45167,0.47433,0.51222,0.42937,0.48347,0.47857,0.42026,0.4802,0.40303,0.40673,0.39148,0.41819,0.52365,0.54948,0.53949,0.40359,0.32964,0.51746,0.42836,0.38658,0.45327,0.38582,0.81258,0.57421,0.81804,0.39786,0.68608,0.44966,0.55455,0.53963,0.65913,0.65374,0.7324,0.65648,0.42355,0.44643,0.6091,0.4712,0.53031,0.68444,0.7095,0.55414,0.61392,0.39576,0.92177,0.72266,0.86464,0.56854
0.25828,0.24499,0.20204,0.29238,0.24881,0.24224,0.24282,0.18167,0.1959,0.31792,0.27765,0.33436,0.3003,0.24565,0.24687,0.21623,0.20011,0.23775,0.28669,0.19958,0.33949,0.26983,0.22291,0.22435,0.23439,0.14578,0.18441,0.1555,0.30067,0.30184,0.19087,0.21141,0.13968,0.13324,0.098853,0.13913,0.39357,0.13162,0.27895,0.25487,0.2992,0.27308,0.10343,0.19102,0.19502,0.24955,0.23903,0.057964,0.18364,0.061133,0.21877
0.34568,0.31638,0.26057,0.27797,0.34557,0.34424,0.30865,0.23588,0.30345,0.32142,0.26593,0.30281,0.3142,0.25375,0.26332,0.2482,0.25747,0.26974,0.34421,0.21551,0.267,0.33049,0.30602,0.30937,0.28055,0.35218,0.41291,0.22603,0.3775,0.28385,0.34056,0.44231,0.3086,0.29355,0.23291,0.1972,0.19223,0.4573,0.41904,0.37632,0.31781,0.22061,0.30178,0.18083,0.42595,0.38363,0.45728,0.20919,0.2835,0.28504,0.45154
0.35354,0.26269,0.49124,0.35256,0.3632,0.32235,0.40231,0.46876,0.41675,0.28104,0.36335,0.29589,0.34989,0.43978,0.40073,0.38794,0.41521,0.3589,0.32685,0.52214,0.29626,0.39609,0.40015,0.40383,0.45448,0.17006,0.16524,0.11841,0.28555,0.14134,0.31893,0.21992,0.32387,0.27413,0.17774,0.13295,0.18145,0.31416,0.27528,0.24279,0.29708,0.27883,0.089947,0.15481,0.20485,0.23432,0.30971,0.061012,0.20766,0.05746,0.16788
0.35096,0.26788,0.32137,0.35589,0.35332,0.32358,0.34055,0.33446,0.35689,0.28319,0.33711,0.30367,0.33672,0.34509,0.36499,0.34999,0.32963,0.34108,0.34546,0.32625,0.31361,0.29797,0.30744,0.36167,0.32516,0.30665,0.31557,0.35607,0.36798,0.27896,0.33528,0.34019,0.26756,0.47895,0.31099,0.52546,0.30083,0.25707,0.29604,0.34796,0.34041,0.41028,0.59185,0.48263,0.40663,0.33369,0.34153,0.28972,0.35154,0.37946,0.37087
0.26136,0.21097,0.19941,0.28744,0.25241,0.26521,0.2476,0.18392,0.21943,0.30597,0.282,0.30693,0.29676,0.24849,0.25706,0.22928,0.19051,0.25192,0.30295,0.20974,0.3334,0.27083,0.22111,0.22895,0.24503,0.12153,0.16214,0.184,0.28956,0.439,0.20716,0.22095,0.16077,0.14233,0.13622,0.17634,0.34378,0.12608,0.26534,0.25218,0.3193,0.36425,0.10459,0.27122,0.21408,0.24542,0.22305,0.055629,0.19338,0.059198,0.18026
0.28229,0.4323,0.21029,0.26883,0.22412,0.28944,0.25893,0.18934,0.18666,0.40697,0.24786,0.37946,0.29847,0.23125,0.23402,0.22721,0.19647,0.2482,0.30313,0.17917,0.28821,0.28474,0.30538,0.21806,0.22646,0.13369,0.39931,0.17947,0.34448,0.17409,0.33592,0.30846,0.29179,0.15051,0.42623,0.15068,0.27224,0.36259,0.35626,0.24568,0.30421,0.22018,0.15453,0.14881,0.29538,0.26095,0.32565,0.069955,0.23609,0.080419,0.31062
0.31316,0.29457,0.3705,0.35644,0.31471,0.28222,0.35704,0.24582,0.25452,0.28821,0.34358,0.27095,0.33268,0.34357,0.32058,0.28918,0.28193,0.31566,0.33801,0.33405,0.28213,0.32896,0.35656,0.32984,0.34652,0.15043,0.34392,0.31806,0.29152,0.29757,0.32155,0.28459,0.26745,0.29098,0.33722,0.34644,0.2796,0.31754,0.34635,0.31881,0.34711,0.25851,0.29085,0.27319,0.31564,0.28877,0.35818,0.29238,0.31471,0.25946,0.33815
0.38106,0.2921,0.40948,0.38904,0.36422,0.26014,0.42379,0.26861,0.21415,0.25385,0.35096,0.25831,0.32944,0.37294,0.40488,0.38086,0.24554,0.31818,0.33104,0.44717,0.23805,0.32066,0.36897,0.42286,0.42124,0.19402,0.17147,0.30423,0.31416,0.22889,0.32929,0.22723,0.16462,0.20812,0.22365,0.28754,0.26224,0.19527,0.29677,0.26218,0.26407,0.32995,0.15989,0.27139,0.24141,0.26922,0.23007,0.16658,0.24472,0.081617,0.15785
0.32747,0.23246,0.21508,0.24304,0.27428,0.24219,0.27579,0.34418,0.263,0.29863,0.2507,0.34136,0.31423,0.28765,0.26215,0.328,0.18714,0.27083,0.3214,0.24884,0.25009,0.26273,0.24746,0.28551,0.24665,0.15133,0.17038,0.19902,0.36922,0.28057,0.27834,0.45154,0.2765,0.25094,0.24902,0.28797,0.29113,0.13579,0.29437,0.26935,0.29964,0.42437,0.37406,0.40132,0.36686,0.28131,0.276,0.22014,0.284,0.23019,0.31094
0.27233,0.22646,0.25768,0.23135,0.26123,0.29832,0.22695,0.37414,0.30578,0.3588,0.23844,0.38906,0.31713,0.27423,0.24257,0.24156,0.16704,0.25114,0.30608,0.22321,0.34827,0.32575,0.2533,0.22249,0.22815,0.29321,0.19543,0.25906,0.32833,0.21038,0.2942,0.17657,0.24861,0.28586,0.27205,0.30526,0.36514,0.11598,0.28638,0.25689,0.31919,0.30036,0.16724,0.21984,0.23089,0.35391,0.22458,0.18209,0.25948,0.084012,0.22799
0.40243,0.67516,0.4073,0.47223,0.52282,0.64263,0.38337,0.4447,0.66508,0.50675,0.53932,0.42398,0.41068,0.4195,0.46642,0.47037,0.77168,0.57918,0.40487,0.39513,0.59281,0.48681,0.48224,0.41615,0.43866,0.81485,0.76555,0.65008,0.3623,0.69135,0.48841,0.51253,0.73097,0.68108,0.63354,0.50255,0.51266,0.80147,0.4966,0.62318,0.49052,0.32617,0.67075,0.54407,0.54476,0.51822,0.61881,0.78393,0.62341,0.85479,0.6468
0.35188,0.29608,0.46498,0.43166,0.3233,0.24133,0.44996,0.26977,0.2017,0.25658,0.3683,0.25329,0.33904,0.39418,0.40894,0.34396,0.28553,0.30738,0.33555,0.47241,0.24894,0.36005,0.39654,0.41646,0.43326,0.17734,0.19493,0.30122,0.28467,0.22738,0.33054,0.21627,0.16676,0.22895,0.20659,0.32193,0.2608,0.14689,0.29556,0.26961,0.28487,0.30066,0.15138,0.21226,0.23329,0.29653,0.26412,0.20393,0.25084,0.092903,0.1779
0.3596,0.25922,0.28035,0.28851,0.33208,0.24456,0.33415,0.27374,0.2434,0.26888,0.29373,0.3043,0.32494,0.32009,0.32333,0.36289,0.18584,0.29221,0.33386,0.31398,0.22732,0.27647,0.2872,0.35576,0.31498,0.16581,0.17089,0.24007,0.38994,0.25691,0.28592,0.46374,0.242,0.24538,0.28967,0.28337,0.27855,0.20972,0.29417,0.26237,0.28129,0.36441,0.36401,0.392,0.35725,0.25325,0.28238,0.22394,0.25434,0.21531,0.31724
0.29823,0.22666,0.2326,0.23299,0.26861,0.28755,0.23677,0.39591,0.29239,0.34537,0.24671,0.38914,0.29464,0.27683,0.24509,0.28243,0.16906,0.26728,0.30682,0.23558,0.31192,0.29512,0.25201,0.23879,0.24191,0.23063,0.16737,0.23235,0.3066,0.25954,0.28154,0.19324,0.27708,0.24878,0.21104,0.27324,0.32313,0.10036,0.28676,0.263,0.31096,0.39773,0.17363,0.28419,0.24901,0.32105,0.20395,0.16369,0.28533,0.089019,0.16739
0.26699,0.24584,0.25993,0.24927,0.25394,0.30211,0.2195,0.32668,0.31446,0.34689,0.25569,0.32249,0.32473,0.27287,0.23731,0.23309,0.23889,0.2755,0.31152,0.20807,0.34276,0.28922,0.27478,0.22615,0.22737,0.2338,0.32201,0.27297,0.33741,0.27013,0.33958,0.26539,0.256,0.29819,0.35731,0.33165,0.34943,0.33335,0.34718,0.30332,0.34717,0.25735,0.29407,0.25843,0.33671,0.34059,0.34371,0.26829,0.30883,0.26896,0.36522
0.35494,0.36277,0.39239,0.37747,0.35323,0.3259,0.38036,0.32069,0.30789,0.29461,0.3595,0.33576,0.34838,0.37517,0.34348,0.34112,0.36084,0.37006,0.35409,0.36545,0.32023,0.38073,0.38425,0.34,0.39634,0.29288,0.3775,0.31891,0.29955,0.32486,0.40123,0.32316,0.26467,0.32779,0.3412,0.38436,0.28753,0.43812,0.32728,0.34321,0.35775,0.2478,0.32218,0.28872,0.32549,0.30534,0.39595,0.24287,0.34968,0.35593,0.38098
0.44516,0.42982,0.4894,0.41878,0.44034,0.43285,0.48406,0.34321,0.41062,0.28423,0.42747,0.34841,0.3668,0.45449,0.48091,0.47655,0.33069,0.40598,0.35317,0.51893,0.32022,0.35198,0.42442,0.49968,0.46918,0.35122,0.23529,0.41052,0.31055,0.25957,0.41211,0.21832,0.306,0.28619,0.33232,0.34265,0.25951,0.30965,0.31012,0.31497,0.29335,0.35309,0.19816,0.3296,0.25349,0.34753,0.27602,0.28918,0.34183,0.13975,0.19185
0.29948,0.297,0.20761,0.28757,0.31426,0.30375,0.25455,0.32736,0.34186,0.31146,0.28588,0.32482,0.32089,0.26919,0.27346,0.30191,0.30961,0.30754,0.3253,0.22266,0.30515,0.29591,0.2685,0.28862,0.24712,0.24564,0.26032,0.28279,0.37664,0.40476,0.26292,0.46064,0.37198,0.40359,0.31417,0.30843,0.29761,0.19531,0.31031,0.33862,0.3441,0.43997,0.42451,0.44023,0.41017,0.33641,0.30826,0.449,0.33763,0.42156,0.3265
0.23865,0.23951,0.18666,0.25818,0.23753,0.28692,0.17713,0.35815,0.28886,0.4157,0.26717,0.34549,0.30742,0.22927,0.23569,0.20629,0.3211,0.25106,0.30511,0.16405,0.39248,0.31665,0.24826,0.18066,0.19073,0.41825,0.33913,0.34524,0.32809,0.32931,0.22672,0.19789,0.41648,0.30379,0.33077,0.27822,0.45207,0.19358,0.34924,0.32463,0.32294,0.3073,0.19849,0.27251,0.24091,0.37026,0.26441,0.2596,0.30414,0.13671,0.2502
0.28752,0.28231,0.23282,0.26441,0.27234,0.27467,0.2396,0.29144,0.2654,0.32936,0.28592,0.3021,0.31678,0.25418,0.243,0.2389,0.33987,0.30706,0.33445,0.18617,0.31145,0.31724,0.29764,0.21034,0.26636,0.31951,0.47112,0.27367,0.33925,0.31528,0.36057,0.44236,0.25087,0.35503,0.36291,0.36773,0.32948,0.5662,0.3675,0.35022,0.37272,0.22664,0.52538,0.30535,0.43699,0.26672,0.46061,0.42081,0.33787,0.56378,0.55043
0.42251,0.45286,0.55492,0.46749,0.42115,0.40519,0.52073,0.35798,0.39784,0.29188,0.43744,0.35061,0.37256,0.48785,0.46714,0.4653,0.36236,0.41668,0.35546,0.57082,0.33984,0.40358,0.46634,0.49178,0.50222,0.35465,0.26426,0.40523,0.28725,0.31587,0.42413,0.21838,0.2618,0.29456,0.29726,0.37485,0.27487,0.28669,0.31594,0.33354,0.30776,0.31235,0.18,0.26197,0.23174,0.36996,0.32139,0.28084,0.35371,0.14934,0.20343
0.3792,0.35352,0.30993,0.3361,0.38677,0.36558,0.35273,0.32046,0.36004,0.28147,0.34547,0.34507,0.34271,0.34571,0.36611,0.38958,0.32272,0.35797,0.35338,0.31949,0.30293,0.30787,0.32104,0.39336,0.34656,0.26922,0.25031,0.32256,0.39361,0.29273,0.33626,0.45062,0.35847,0.41357,0.37092,0.3419,0.26196,0.2677,0.30278,0.32181,0.32744,0.38297,0.41866,0.43577,0.40329,0.32004,0.31258,0.44122,0.32872,0.40284,0.33814
0.26321,0.25545,0.1897,0.25525,0.26568,0.30039,0.19091,0.35803,0.32214,0.37962,0.27359,0.33739,0.29746,0.23581,0.25277,0.23678,0.29346,0.27555,0.30466,0.19322,0.34716,0.30272,0.25337,0.21732,0.20527,0.35685,0.28924,0.32233,0.30543,0.43786,0.22438,0.21414,0.40561,0.29142,0.27871,0.2708,0.38955,0.16805,0.32023,0.33072,0.32877,0.412,0.20647,0.34186,0.26238,0.36905,0.24241,0.26482,0.32969,0.15108,0.19837
0.23437,0.25092,0.18538,0.25727,0.23321,0.26133,0.18805,0.31612,0.27226,0.38151,0.25993,0.30639,0.3186,0.2234,0.21259,0.20343,0.35252,0.26192,0.30833,0.14404,0.35057,0.30555,0.25521,0.17526,0.19973,0.35753,0.42554,0.28888,0.34425,0.27955,0.27443,0.32288,0.31602,0.29439,0.36001,0.31032,0.39056,0.36581,0.38643,0.34072,0.3381,0.24611,0.33314,0.26694,0.35688,0.29839,0.36078,0.25968,0.31354,0.36337,0.38828
0.37882,0.47088,0.39843,0.36498,0.3445,0.35627,0.37671,0.38103,0.34849,0.35753,0.38014,0.38422,0.34344,0.37985,0.36923,0.37102,0.36063,0.37119,0.34629,0.39728,0.28,0.35985,0.43289,0.33919,0.37684,0.36267,0.48699,0.34758,0.34662,0.24692,0.4665,0.35639,0.44693,0.35882,0.54426,0.33946,0.25051,0.4869,0.37024,0.32887,0.36038,0.24664,0.31117,0.24299,0.32903,0.33329,0.38832,0.19578,0.36976,0.31927,0.37842
0.38765,0.30737,0.39285,0.35108,0.36712,0.36468,0.42325,0.39225,0.39879,0.23297,0.39595,0.29185,0.3525,0.40459,0.43014,0.42911,0.37035,0.35662,0.32869,0.45543,0.22926,0.3024,0.34215,0.44072,0.41414,0.30217,0.17498,0.39339,0.29659,0.20633,0.33342,0.22192,0.23961,0.29939,0.30193,0.30782,0.204,0.24029,0.20506,0.29506,0.32086,0.375,0.20781,0.35843,0.24852,0.31752,0.25499,0.23237,0.32071,0.087685,0.18697
0.28507,0.25518,0.24625,0.30806,0.29155,0.27839,0.27527,0.24894,0.27685,0.30016,0.27455,0.26294,0.31867,0.26841,0.26745,0.28191,0.25654,0.30411,0.3338,0.21441,0.32447,0.28259,0.27596,0.28567,0.25843,0.1411,0.18734,0.32495,0.30315,0.43882,0.25549,0.3822,0.27326,0.29784,0.20712,0.37187,0.28799,0.22076,0.21571,0.3106,0.34088,0.41751,0.38013,0.44238,0.40843,0.28146,0.28965,0.35481,0.31241,0.22758,0.33062
0.26383,0.25728,0.28354,0.33069,0.3086,0.28507,0.23761,0.26953,0.29848,0.39337,0.29512,0.37554,0.31409,0.28138,0.2681,0.24057,0.26393,0.29994,0.31684,0.22827,0.45756,0.34192,0.27246,0.24472,0.27272,0.29379,0.2623,0.2586,0.33336,0.36206,0.2221,0.2143,0.34881,0.26796,0.19732,0.2794,0.5108,0.16363,0.3358,0.31674,0.30106,0.30416,0.19408,0.26987,0.22201,0.31239,0.24841,0.21444,0.28649,0.10019,0.23062
0.35638,0.33744,0.32442,0.30974,0.38412,0.38832,0.31534,0.37834,0.34293,0.33159,0.31033,0.33152,0.33901,0.29766,0.30927,0.2936,0.44698,0.33236,0.35393,0.25458,0.31503,0.39979,0.33531,0.3144,0.29908,0.58092,0.46786,0.34341,0.40739,0.37108,0.40657,0.52766,0.32535,0.50512,0.38677,0.34794,0.31151,0.58954,0.51938,0.46706,0.3645,0.24738,0.59035,0.30009,0.47218,0.46989,0.52839,0.68109,0.40282,0.81211,0.56846
0.39186,0.32279,0.44726,0.37931,0.38795,0.37244,0.46051,0.44029,0.41836,0.2478,0.41538,0.30921,0.35925,0.45779,0.43302,0.46354,0.41704,0.3948,0.32289,0.54743,0.25324,0.35578,0.37485,0.45404,0.47383,0.40061,0.203,0.3844,0.30322,0.24661,0.33771,0.23981,0.25951,0.33256,0.32291,0.3112,0.22467,0.24332,0.24889,0.31284,0.33206,0.31591,0.17569,0.26039,0.21826,0.33144,0.29446,0.23048,0.33628,0.10459,0.19294
0.34089,0.27623,0.29619,0.32579,0.32024,0.30626,0.33954,0.30755,0.30729,0.24282,0.32476,0.26441,0.33386,0.31011,0.33152,0.32754,0.29135,0.32337,0.35038,0.27545,0.25492,0.26676,0.29296,0.35005,0.32026,0.15622,0.18562,0.34821,0.30901,0.28727,0.30595,0.34089,0.24607,0.31301,0.26062,0.41906,0.22065,0.24591,0.20062,0.29911,0.33673,0.40149,0.39188,0.47078,0.41409,0.28871,0.29287,0.34819,0.31905,0.20735,0.33231
0.26446,0.25553,0.27412,0.31495,0.30493,0.28806,0.24139,0.23892,0.30234,0.36876,0.29564,0.33157,0.31304,0.26271,0.27472,0.25579,0.23884,0.29264,0.31449,0.23103,0.41334,0.32425,0.27123,0.26546,0.25374,0.24026,0.22108,0.28742,0.29568,0.46167,0.22209,0.24956,0.32408,0.24839,0.16565,0.29742,0.4384,0.16196,0.24867,0.32127,0.31699,0.38569,0.19837,0.33076,0.24813,0.29188,0.2265,0.1999,0.29778,0.1049,0.20244
0.29769,0.43903,0.27875,0.30675,0.26956,0.33909,0.24822,0.27863,0.27441,0.45466,0.27292,0.41429,0.32268,0.27826,0.25824,0.25889,0.28565,0.30985,0.33019,0.20715,0.39387,0.34578,0.36441,0.22623,0.2537,0.30125,0.53363,0.28692,0.38475,0.28031,0.36648,0.34248,0.45565,0.30932,0.42599,0.30271,0.40415,0.369,0.47725,0.31507,0.32146,0.2465,0.32484,0.23458,0.33202,0.33474,0.36823,0.23935,0.33892,0.32249,0.38409
0.34421,0.27113,0.37637,0.36636,0.32386,0.30851,0.37127,0.26902,0.28359,0.28968,0.36145,0.28463,0.33131,0.35467,0.32191,0.31298,0.2913,0.3185,0.34054,0.35224,0.27076,0.33925,0.34781,0.32303,0.36804,0.16801,0.28565,0.19464,0.31022,0.28774,0.31611,0.28966,0.22247,0.31612,0.26695,0.34379,0.27038,0.30863,0.32037,0.30761,0.38873,0.24857,0.28851,0.2271,0.31517,0.28826,0.27587,0.16974,0.30492,0.27242,0.31911
0.38514,0.24478,0.45378,0.39888,0.33008,0.29359,0.43168,0.29929,0.25293,0.28331,0.34921,0.25908,0.33039,0.37714,0.45258,0.40716,0.41448,0.33146,0.33551,0.40705,0.23758,0.35349,0.38256,0.46926,0.39964,0.19439,0.19327,0.14024,0.31053,0.2567,0.28137,0.14827,0.13482,0.28607,0.22556,0.27248,0.25939,0.25394,0.29786,0.26026,0.22135,0.29813,0.16415,0.22445,0.23667,0.29971,0.15159,0.14626,0.20247,0.057928,0.16831
0.3182,0.26323,0.21956,0.27075,0.2833,0.27293,0.27712,0.33031,0.31052,0.31548,0.24313,0.32917,0.32283,0.28596,0.28812,0.33023,0.26355,0.28977,0.3388,0.26967,0.27226,0.27172,0.28703,0.28793,0.25191,0.35573,0.4349,0.30329,0.34327,0.38766,0.27268,0.48408,0.303,0.2992,0.37396,0.27396,0.38664,0.27663,0.36603,0.33889,0.23705,0.44311,0.37166,0.4981,0.38956,0.36242,0.36368,0.43673,0.33314,0.34551,0.32783
0.24678,0.21471,0.19073,0.19399,0.21074,0.23697,0.19453,0.341,0.25983,0.33337,0.18046,0.38033,0.29639,0.25303,0.1988,0.20316,0.11705,0.22799,0.28266,0.21925,0.31845,0.30161,0.2301,0.17037,0.19506,0.23793,0.16585,0.14543,0.33621,0.19318,0.26708,0.11747,0.11927,0.14003,0.21505,0.2861,0.30445,0.17638,0.24827,0.24582,0.28316,0.3221,0.17217,0.18339,0.22052,0.28883,0.1428,0.13797,0.21681,0.0619,0.21094
0.40749,0.72014,0.36674,0.45649,0.60858,0.64024,0.38728,0.45879,0.64054,0.50122,0.58642,0.44607,0.42483,0.42753,0.39774,0.44864,0.56305,0.58129,0.41171,0.45127,0.61639,0.45056,0.46231,0.39276,0.4813,0.71452,0.67783,0.52437,0.377,0.57351,0.48664,0.58619,0.59528,0.64827,0.47705,0.55312,0.48642,0.69067,0.48799,0.61476,0.58651,0.35663,0.66281,0.50378,0.54523,0.52839,0.62203,0.43173,0.60626,0.83715,0.63898
0.39061,0.25012,0.52674,0.46473,0.30954,0.31021,0.47461,0.32414,0.2667,0.29417,0.39664,0.28206,0.34633,0.40875,0.45471,0.40357,0.52002,0.3276,0.34632,0.4457,0.25734,0.42311,0.40657,0.45515,0.42778,0.17394,0.18154,0.15398,0.30235,0.22208,0.30295,0.14297,0.16563,0.33507,0.19693,0.31194,0.24669,0.2076,0.26333,0.25917,0.28442,0.26933,0.15196,0.18129,0.24122,0.30344,0.1742,0.16105,0.21578,0.071048,0.18835
0.34253,0.22729,0.27656,0.27769,0.29441,0.22873,0.31446,0.27993,0.23279,0.2641,0.25915,0.25445,0.32542,0.32678,0.33458,0.34456,0.18009,0.28786,0.32774,0.28801,0.19677,0.25929,0.30667,0.35572,0.30198,0.35349,0.25389,0.69239,0.3565,0.40593,0.43622,0.4482,0.63404,0.32969,0.54824,0.2722,0.36639,0.29113,0.36881,0.25877,0.21504,0.3458,0.36928,0.47239,0.3377,0.26382,0.49361,0.69501,0.40311,0.12979,0.36611
0.26114,0.21403,0.18192,0.20292,0.22096,0.23686,0.2161,0.35078,0.27084,0.32147,0.19075,0.36675,0.29331,0.2561,0.21868,0.24486,0.13865,0.239,0.30149,0.23014,0.29502,0.26412,0.24742,0.20761,0.22482,0.21431,0.18348,0.1345,0.30695,0.24174,0.2467,0.10972,0.1306,0.14592,0.21998,0.25151,0.31419,0.17092,0.25609,0.26266,0.26112,0.39082,0.17666,0.23425,0.24078,0.28183,0.12991,0.14123,0.22588,0.064193,0.15934
0.25858,0.26919,0.21514,0.23034,0.24445,0.27087,0.2008,0.30926,0.28749,0.33804,0.22566,0.34792,0.31084,0.25281,0.21039,0.20755,0.14484,0.2598,0.29833,0.22626,0.35035,0.27588,0.25103,0.18009,0.21659,0.19771,0.27157,0.18181,0.34873,0.2494,0.30895,0.26262,0.15916,0.2158,0.27639,0.33167,0.29495,0.31383,0.32235,0.28512,0.35242,0.27782,0.3034,0.22708,0.34174,0.30324,0.26545,0.15708,0.28349,0.26895,0.33858
0.36828,0.33406,0.38508,0.38004,0.35015,0.30776,0.39212,0.32143,0.26985,0.28606,0.36556,0.32157,0.34369,0.37149,0.36349,0.34816,0.30168,0.36073,0.34661,0.3724,0.29526,0.36737,0.34732,0.32804,0.40538,0.24547,0.27238,0.24033,0.31189,0.30089,0.36467,0.3316,0.1715,0.29739,0.25851,0.39226,0.28222,0.39368,0.30342,0.32889,0.36148,0.26737,0.32561,0.25566,0.32876,0.26686,0.34316,0.069583,0.30207,0.36698,0.35521
0.42903,0.34788,0.4567,0.40227,0.38414,0.40762,0.45896,0.28943,0.27801,0.27789,0.38918,0.26359,0.34726,0.40772,0.4806,0.44395,0.37072,0.36704,0.34261,0.43817,0.2598,0.34167,0.39114,0.50469,0.38926,0.31579,0.23911,0.3239,0.29973,0.276,0.31461,0.15684,0.16483,0.28604,0.30409,0.35195,0.26613,0.31746,0.34051,0.32013,0.26135,0.34234,0.1963,0.31811,0.24485,0.37951,0.22832,0.10044,0.2561,0.11523,0.19422
0.311,0.35727,0.2559,0.33185,0.34845,0.3527,0.28191,0.30736,0.39329,0.35891,0.345,0.32021,0.3373,0.29804,0.27829,0.33766,0.58821,0.34449,0.34639,0.28888,0.35871,0.33031,0.35025,0.30918,0.29219,0.48158,0.58498,0.31807,0.34734,0.5003,0.28399,0.50988,0.38045,0.46836,0.37971,0.28217,0.41076,0.30106,0.38661,0.388,0.30738,0.42927,0.4075,0.49615,0.43906,0.42414,0.39189,0.49108,0.41684,0.54097,0.35357
0.23813,0.34052,0.25072,0.26425,0.3011,0.32431,0.20073,0.39842,0.41724,0.40898,0.27053,0.42206,0.31189,0.27185,0.21349,0.22613,0.21244,0.31214,0.30587,0.25887,0.41704,0.33326,0.27381,0.1895,0.25605,0.29448,0.24581,0.18708,0.34585,0.22288,0.27195,0.13431,0.27695,0.26718,0.23383,0.27837,0.35942,0.25834,0.31461,0.31747,0.33689,0.32944,0.19985,0.23287,0.23057,0.31719,0.22236,0.075369,0.27779,0.11558,0.23606
0.29477,0.29148,0.24932,0.26204,0.30262,0.27934,0.26456,0.33483,0.2852,0.31983,0.3074,0.33315,0.32578,0.27544,0.24897,0.25728,0.24332,0.31617,0.34393,0.26363,0.34724,0.31778,0.30326,0.20255,0.31744,0.23858,0.36956,0.18419,0.35841,0.29848,0.35599,0.47014,0.15549,0.29332,0.27117,0.36237,0.32244,0.45211,0.30791,0.33653,0.42171,0.25144,0.54078,0.271,0.43802,0.25946,0.4165,0.10881,0.29931,0.57448,0.52642
0.4341,0.36866,0.51009,0.46638,0.38001,0.37505,0.49568,0.31808,0.27042,0.28735,0.41364,0.28882,0.35782,0.45226,0.49411,0.45203,0.41493,0.36438,0.34064,0.4799,0.26894,0.38809,0.40592,0.49468,0.42364,0.29466,0.18944,0.33327,0.2941,0.28227,0.3424,0.16556,0.15869,0.2997,0.24871,0.40646,0.26472,0.32454,0.31275,0.32409,0.29394,0.30874,0.17554,0.24899,0.23204,0.35684,0.26429,0.094184,0.27228,0.13109,0.20234
0.35573,0.31387,0.29732,0.31046,0.32928,0.33454,0.33745,0.27706,0.28092,0.28123,0.32117,0.26326,0.33418,0.33516,0.33318,0.35577,0.23156,0.34333,0.34233,0.30183,0.25063,0.29016,0.3341,0.37371,0.35234,0.47205,0.336,0.70008,0.35536,0.45021,0.46091,0.49008,0.75786,0.47384,0.62008,0.3067,0.37274,0.30816,0.3913,0.32815,0.28648,0.36996,0.40323,0.49894,0.38885,0.34237,0.48744,0.83987,0.5164,0.24733,0.40282
0.25188,0.32941,0.23674,0.25581,0.31152,0.30893,0.20789,0.36317,0.42095,0.36671,0.27605,0.3793,0.31893,0.26588,0.22649,0.26709,0.2018,0.29545,0.30999,0.27641,0.36988,0.30422,0.29615,0.22597,0.26021,0.31274,0.27884,0.19113,0.31128,0.31955,0.25141,0.12594,0.2305,0.26167,0.23819,0.26233,0.35672,0.23285,0.30062,0.33373,0.31233,0.38024,0.21057,0.30457,0.25718,0.3387,0.20552,0.082932,0.28686,0.11373,0.1855
0.24803,0.30946,0.21902,0.25643,0.27609,0.28889,0.20741,0.37109,0.33242,0.3826,0.27869,0.37261,0.32039,0.26374,0.21313,0.21923,0.23359,0.28478,0.3183,0.22697,0.38747,0.31587,0.2695,0.17231,0.2471,0.23861,0.32056,0.17159,0.36674,0.24429,0.30627,0.28797,0.21217,0.2648,0.25526,0.32509,0.33372,0.35765,0.32772,0.31725,0.38622,0.28019,0.34534,0.23635,0.35066,0.2786,0.32237,0.072138,0.28197,0.35306,0.37498
0.35707,0.38211,0.31677,0.3418,0.32273,0.29281,0.38074,0.33652,0.31467,0.2944,0.35747,0.34005,0.33881,0.35092,0.39555,0.34275,0.278,0.36027,0.33396,0.35746,0.27383,0.33281,0.35312,0.3242,0.34975,0.34895,0.41884,0.30194,0.33799,0.23512,0.42641,0.32365,0.34971,0.23265,0.40418,0.38954,0.26886,0.44911,0.32306,0.31362,0.36213,0.27197,0.33949,0.23782,0.33122,0.28742,0.3371,0.07488,0.29911,0.30627,0.33809
0.37479,0.29194,0.32612,0.29853,0.30754,0.34601,0.42095,0.25323,0.29062,0.24047,0.37208,0.23536,0.32459,0.33465,0.39924,0.37966,0.2247,0.31458,0.31669,0.34342,0.21743,0.27191,0.31648,0.43033,0.36108,0.26753,0.20158,0.3723,0.27918,0.21878,0.27551,0.17081,0.15526,0.17258,0.30782,0.32227,0.2351,0.26561,0.27386,0.30842,0.29902,0.3655,0.19637,0.36262,0.23658,0.321,0.21596,0.071157,0.25755,0.10647,0.17865
0.30497,0.2788,0.2591,0.31912,0.31145,0.28683,0.28537,0.23869,0.27698,0.34823,0.29877,0.2581,0.33535,0.31223,0.25548,0.31905,0.46058,0.31056,0.33645,0.28736,0.32926,0.31646,0.36471,0.30328,0.29122,0.34766,0.45123,0.29359,0.31867,0.53358,0.26728,0.52432,0.31161,0.41694,0.26981,0.29374,0.36968,0.32001,0.337,0.36887,0.32926,0.40108,0.3562,0.45438,0.442,0.40261,0.35466,0.47486,0.41068,0.48251,0.37319
0.29419,0.35809,0.45478,0.40695,0.38242,0.38517,0.24944,0.43217,0.43603,0.41511,0.32697,0.45819,0.32961,0.34194,0.29731,0.31004,0.39456,0.36826,0.34529,0.35928,0.47117,0.39719,0.33205,0.29631,0.34085,0.24831,0.21791,0.16391,0.33982,0.26972,0.2373,0.14935,0.28848,0.39923,0.19747,0.28278,0.40222,0.21552,0.34333,0.31651,0.30892,0.31884,0.19839,0.22939,0.20916,0.30318,0.22109,0.048397,0.2277,0.11308,0.20719
0.33776,0.31604,0.27085,0.29984,0.35299,0.34071,0.30048,0.41698,0.33441,0.30961,0.31958,0.33062,0.34476,0.31939,0.30944,0.29607,0.41546,0.33319,0.34585,0.31657,0.32724,0.37049,0.30432,0.27381,0.30527,0.5044,0.43372,0.25877,0.40804,0.34524,0.3898,0.48216,0.2424,0.43039,0.31347,0.41063,0.35314,0.4903,0.40166,0.40334,0.3917,0.27874,0.59184,0.32416,0.48355,0.43007,0.50427,0.14521,0.33528,0.68971,0.53093
0.39301,0.32084,0.3584,0.34457,0.33966,0.32974,0.4535,0.29498,0.31086,0.24384,0.38398,0.25976,0.33697,0.38128,0.44587,0.40264,0.24257,0.34238,0.30816,0.39683,0.22537,0.29971,0.32153,0.44318,0.40462,0.34239,0.16241,0.37248,0.28582,0.23566,0.28261,0.18813,0.15348,0.16423,0.26756,0.34137,0.24454,0.26087,0.27096,0.31889,0.31244,0.31865,0.17798,0.27587,0.20584,0.3065,0.24381,0.072285,0.25612,0.10141,0.17326
0.31418,0.27528,0.24871,0.26796,0.27538,0.27843,0.33125,0.22889,0.23974,0.25784,0.29958,0.21651,0.31351,0.29881,0.28336,0.31601,0.20497,0.30972,0.33608,0.26531,0.24547,0.2584,0.31674,0.32664,0.32382,0.34775,0.25954,0.61218,0.31724,0.42843,0.43748,0.44391,0.61915,0.38075,0.56457,0.30724,0.30343,0.30035,0.32935,0.31259,0.32677,0.38058,0.35951,0.48704,0.40125,0.31325,0.43977,0.85257,0.5548,0.22528,0.43049
0.30927,0.34068,0.39287,0.38015,0.38547,0.36403,0.25466,0.35386,0.40904,0.41183,0.33288,0.39732,0.34111,0.32075,0.28225,0.33679,0.37462,0.33108,0.33626,0.35988,0.41562,0.36859,0.34808,0.31123,0.30422,0.2263,0.23228,0.19351,0.30255,0.34257,0.2263,0.16898,0.23142,0.33652,0.17845,0.28936,0.38412,0.21275,0.28338,0.31857,0.30597,0.35842,0.20344,0.29345,0.23565,0.2862,0.20308,0.06012,0.23541,0.11688,0.16992
0.29922,0.40989,0.31827,0.31875,0.30585,0.35914,0.25224,0.37461,0.34116,0.41284,0.29564,0.41334,0.33416,0.33296,0.27557,0.27811,0.30085,0.32458,0.33933,0.29153,0.39545,0.35728,0.33816,0.23441,0.30321,0.28333,0.44375,0.19793,0.38785,0.25241,0.37428,0.2745,0.39236,0.33529,0.33105,0.33882,0.38704,0.36733,0.40697,0.32661,0.35233,0.27815,0.35688,0.21982,0.32012,0.31834,0.34157,0.068047,0.28707,0.31432,0.38135
