0.07736,0.21242,0.25296,0.15626,0.2011,0.15676,0.29516,0.18918,0.16749,0.27057,0.13852,0.27322,0.16303,0.17492,0.10047,0.18551,0.11952,0.11602,0.25347,0.21445,0.26791,0.25724,0.26385,0.27734,0.21409,0.13282,0.19648,0.18126,0.1583,0.10791,0.11933,0.25936,0.39603,0.12541,0.15664,0.292,0.27397,0.25442,0.28174,0.11467,0.2246,0.26045,0.24817,0.32969,0.27663,0.21938,0.22978,0.21187,0.29353,0.26337,0.25085,0.18471,0.042018,0.12005,0.22057,0.13098,0.12901,0.24055,0.1603,0.35522
0.077276,0.18655,0.25661,0.1562,0.18414,0.19389,0.30223,0.21975,0.24001,0.30455,0.099454,0.26508,0.19553,0.12962,0.059731,0.18052,0.10284,0.05877,0.27267,0.25658,0.24917,0.22788,0.28042,0.2535,0.21591,0.095392,0.16898,0.15699,0.15814,0.037554,0.11692,0.18566,0.12233,0.11677,0.091263,0.24747,0.20272,0.20623,0.24218,0.13157,0.1753,0.2107,0.20092,0.15547,0.25045,0.19502,0.22622,0.12871,0.25848,0.16855,0.26029,0.12259,0.019435,0.1374,0.12363,0.062185,0.075319,0.22084,0.1552,0.30956
0.80593,0.66359,0.58579,0.72996,0.63493,0.67575,0.44258,0.64197,0.7076,0.48823,0.73109,0.48688,0.71133,0.72547,0.8032,0.68527,0.77041,0.66662,0.56769,0.63386,0.52549,0.59836,0.52596,0.53783,0.62232,0.7119,0.66209,0.70911,0.72399,0.73864,0.76344,0.52516,0.37546,0.72603,0.4488,0.47837,0.50628,0.55337,0.49045,0.78026,0.47279,0.47463,0.58369,0.35563,0.48233,0.61207,0.52911,0.5662,0.51468,0.50627,0.59033,0.57016,0.6971,0.71157,0.59335,0.76863,0.74607,0.57898,0.69207,0.42026
0.075524,0.20449,0.21041,0.15009,0.25398,0.2441,0.30541,0.21406,0.25875,0.27178,0.13975,0.32524,0.19682,0.14623,0.061625,0.23222,0.13958,0.078363,0.2482,0.23417,0.27147,0.18609,0.22846,0.18202,0.24168,0.1187,0.22343,0.19643,0.17949,0.039143,0.086727,0.13213,0.21367,0.096442,0.070004,0.24326,0.19519,0.17734,0.33068,0.10781,0.30741,0.23298,0.16399,0.12458,0.27063,0.20874,0.2621,0.22457,0.24286,0.20464,0.18218,0.22049,0.015825,0.092443,0.087011,0.068471,0.089454,0.23338,0.16242,0.25692
0.51808,0.43886,0.45532,0.40954,0.4694,0.42902,0.38284,0.44034,0.30525,0.39291,0.51876,0.3973,0.4264,0.48064,0.48664,0.4209,0.47538,0.66843,0.37292,0.43405,0.4296,0.49031,0.49026,0.51479,0.44542,0.58625,0.44372,0.44613,0.41365,0.50232,0.43936,0.57081,0.59755,0.52646,0.72687,0.51456,0.54017,0.49746,0.42982,0.39223,0.60126,0.56669,0.5598,0.75273,0.49789,0.5191,0.509,0.59548,0.43705,0.62245,0.46768,0.6093,0.67645,0.2863,0.51858,0.44306,0.51204,0.45672,0.38023,0.43725
0.065468,0.18647,0.22138,0.12107,0.17037,0.14372,0.29864,0.19415,0.18691,0.26851,0.083854,0.25905,0.17517,0.13734,0.048045,0.16913,0.088891,0.049256,0.24802,0.22561,0.24336,0.22694,0.2361,0.25114,0.19377,0.086144,0.15635,0.15253,0.129,0.029775,0.081313,0.15931,0.22019,0.10273,0.045647,0.23316,0.18736,0.17422,0.28716,0.089876,0.18729,0.2158,0.18912,0.25752,0.27904,0.2138,0.2585,0.14459,0.248,0.15995,0.25288,0.11637,0.019707,0.090578,0.11229,0.063578,0.066032,0.22898,0.113,0.35999
0.21099,0.34509,0.3402,0.38291,0.30002,0.31871,0.32777,0.34514,0.33062,0.36686,0.30336,0.30936,0.31944,0.31145,0.28771,0.31095,0.30059,0.25004,0.36726,0.29256,0.34846,0.33609,0.31062,0.34166,0.32149,0.24755,0.32756,0.30796,0.34965,0.41919,0.38882,0.43847,0.25089,0.3457,0.28041,0.2998,0.35822,0.412,0.28789,0.3929,0.24652,0.32007,0.28772,0.18223,0.30558,0.29456,0.3405,0.30562,0.37237,0.27046,0.3445,0.26894,0.22965,0.57165,0.49959,0.41066,0.33081,0.36365,0.44822,0.26693
0.088802,0.2121,0.24272,0.19656,0.23992,0.27226,0.30222,0.23976,0.27377,0.28984,0.15702,0.31966,0.21242,0.16783,0.072779,0.24466,0.14028,0.078671,0.28784,0.25365,0.27159,0.19772,0.25442,0.1887,0.2556,0.14121,0.24357,0.20257,0.22175,0.039716,0.12579,0.14217,0.12123,0.10578,0.051473,0.26584,0.2001,0.20111,0.3126,0.13098,0.28529,0.15592,0.18315,0.089809,0.28521,0.20099,0.24456,0.12803,0.24313,0.21093,0.19665,0.23113,0.010826,0.13977,0.11023,0.080742,0.089875,0.2225,0.24668,0.25944
0.087176,0.21545,0.22739,0.16769,0.24702,0.20281,0.31278,0.223,0.18501,0.27697,0.15494,0.29896,0.17529,0.17263,0.1006,0.21703,0.13462,0.12067,0.24327,0.20556,0.27803,0.21267,0.25603,0.23658,0.23911,0.14131,0.23779,0.20695,0.18526,0.096039,0.1226,0.20316,0.39794,0.12556,0.38606,0.29284,0.3068,0.25893,0.25351,0.12479,0.24895,0.33724,0.25482,0.22561,0.23312,0.2306,0.21381,0.28673,0.26985,0.27078,0.21814,0.25794,0.026483,0.12375,0.18206,0.089233,0.17003,0.24675,0.16049,0.27563
0.13176,0.23191,0.25207,0.14802,0.20825,0.21874,0.28853,0.20952,0.2146,0.27249,0.16878,0.27587,0.24548,0.17571,0.074067,0.21819,0.23561,0.15536,0.2521,0.27846,0.29138,0.29625,0.19938,0.25488,0.23828,0.19078,0.19507,0.12712,0.17343,0.091963,0.062023,0.19955,0.41977,0.14477,0.2684,0.29006,0.23418,0.26341,0.27904,0.081359,0.28206,0.31883,0.33783,0.44869,0.2339,0.22716,0.21521,0.2184,0.28369,0.27286,0.25569,0.2486,0.13483,0.05096,0.27567,0.1758,0.12152,0.29122,0.17016,0.35352
0.16964,0.25895,0.30302,0.20267,0.29531,0.27961,0.31753,0.29448,0.29634,0.3104,0.22301,0.30566,0.26791,0.20377,0.091396,0.22223,0.27871,0.17602,0.32507,0.31839,0.30105,0.29978,0.2304,0.31276,0.29534,0.18643,0.21263,0.13697,0.20968,0.095368,0.12609,0.15304,0.1292,0.15429,0.14331,0.24408,0.23664,0.20775,0.2594,0.13166,0.29437,0.31381,0.24062,0.23418,0.29987,0.23154,0.22574,0.1303,0.257,0.24108,0.23565,0.23577,0.15463,0.093938,0.1171,0.1922,0.13637,0.29189,0.16133,0.33627
0.87925,0.6353,0.61757,0.7657,0.597,0.63224,0.46887,0.63713,0.67281,0.48829,0.80052,0.50906,0.66564,0.75446,0.9041,0.70758,0.66584,0.79781,0.5851,0.58372,0.50062,0.57479,0.73693,0.64011,0.59877,0.76217,0.70516,0.86028,0.75134,0.81965,0.8644,0.71192,0.41192,0.8158,0.64967,0.59599,0.63823,0.61785,0.59057,0.85902,0.57467,0.5021,0.51643,0.4919,0.55855,0.72153,0.71787,0.67232,0.56832,0.60085,0.63883,0.64293,0.89563,0.77223,0.60901,0.73019,0.85336,0.51795,0.73912,0.45449
0.12566,0.26815,0.24356,0.17804,0.30173,0.28653,0.31123,0.24874,0.22682,0.31149,0.14,0.31254,0.23001,0.23169,0.091977,0.24332,0.25061,0.18238,0.23245,0.26475,0.31222,0.24657,0.23266,0.18766,0.28262,0.22172,0.25982,0.12171,0.20038,0.092622,0.075574,0.13308,0.21943,0.14256,0.10395,0.23596,0.23591,0.18734,0.31416,0.10498,0.29138,0.23856,0.22456,0.16941,0.27385,0.20475,0.2083,0.2604,0.28311,0.25932,0.23731,0.24848,0.028246,0.051544,0.088927,0.24341,0.08992,0.3108,0.18226,0.25177
0.12574,0.23611,0.24477,0.14436,0.22501,0.20329,0.31168,0.21589,0.20399,0.29499,0.12155,0.27128,0.24293,0.14849,0.073067,0.22982,0.20827,0.18646,0.24486,0.25123,0.27607,0.28342,0.20883,0.21824,0.23717,0.21473,0.20675,0.13321,0.1926,0.092354,0.056632,0.22002,0.52223,0.17929,0.43377,0.34938,0.25015,0.37391,0.22849,0.075861,0.22797,0.3515,0.46344,0.40307,0.26807,0.22844,0.17648,0.35421,0.28485,0.30557,0.31429,0.28071,0.068376,0.054705,0.45113,0.17177,0.10616,0.27856,0.19751,0.34225
0.16171,0.25118,0.26323,0.14644,0.24986,0.24716,0.2937,0.26139,0.25866,0.26927,0.21874,0.2929,0.25645,0.20072,0.084137,0.22052,0.2535,0.14295,0.2752,0.29574,0.30504,0.29507,0.20011,0.29312,0.26642,0.17387,0.19021,0.11809,0.17336,0.091746,0.083267,0.13132,0.23403,0.14411,0.081186,0.23268,0.22039,0.18074,0.31291,0.09911,0.33352,0.33241,0.24437,0.37558,0.26967,0.23022,0.262,0.14169,0.25391,0.22872,0.2274,0.22908,0.18918,0.054323,0.095233,0.17915,0.14512,0.3094,0.13726,0.36346
0.29546,0.37496,0.38138,0.44521,0.35407,0.36744,0.33937,0.39343,0.37577,0.3668,0.39314,0.34471,0.36724,0.37789,0.3607,0.34701,0.38028,0.38015,0.42165,0.34836,0.36135,0.36846,0.34578,0.41963,0.36181,0.33715,0.37314,0.37958,0.38898,0.51623,0.44317,0.54775,0.27208,0.41027,0.45145,0.33295,0.44534,0.43467,0.34047,0.42976,0.33369,0.34462,0.2562,0.27029,0.39922,0.36733,0.40897,0.36792,0.38212,0.36375,0.36901,0.36918,0.33363,0.60846,0.51174,0.43046,0.41699,0.35605,0.45089,0.30917
0.13856,0.28233,0.27677,0.23942,0.33804,0.31336,0.3175,0.28784,0.25453,0.32476,0.16463,0.34019,0.24029,0.26538,0.10591,0.24955,0.25429,0.21259,0.26519,0.2883,0.29949,0.24707,0.25453,0.20986,0.30346,0.25919,0.2923,0.14136,0.26269,0.10464,0.13126,0.15052,0.12408,0.15202,0.086622,0.25791,0.24228,0.20821,0.28,0.14021,0.29608,0.17507,0.24401,0.12776,0.31157,0.21167,0.20524,0.15106,0.29094,0.27896,0.24748,0.26372,0.036419,0.10415,0.10775,0.22192,0.11041,0.30084,0.27363,0.25669
0.12806,0.25389,0.2294,0.14544,0.26313,0.23766,0.31593,0.22128,0.21779,0.30722,0.13036,0.28226,0.23355,0.17057,0.080489,0.24275,0.20901,0.1736,0.22486,0.23487,0.29463,0.25874,0.20471,0.1963,0.25949,0.20379,0.21985,0.11973,0.18375,0.086962,0.059458,0.15425,0.41512,0.15812,0.26153,0.30291,0.24072,0.25657,0.25083,0.084224,0.23739,0.32767,0.33339,0.28319,0.25947,0.21729,0.18656,0.33426,0.27204,0.28861,0.25833,0.26516,0.041052,0.050337,0.21308,0.20871,0.10877,0.27295,0.17162,0.285
0.12842,0.20628,0.2768,0.15264,0.18973,0.22064,0.30436,0.22515,0.21115,0.28213,0.22374,0.29034,0.27132,0.16609,0.068094,0.19774,0.23766,0.207,0.25281,0.30332,0.27676,0.27861,0.12595,0.24503,0.24243,0.2221,0.17122,0.16299,0.22034,0.14112,0.24406,0.24703,0.41603,0.23868,0.35114,0.23928,0.37963,0.21681,0.25505,0.1384,0.29294,0.32104,0.31251,0.38877,0.25902,0.10633,0.22612,0.15256,0.37077,0.40439,0.36275,0.37748,0.28127,0.046295,0.28512,0.19316,0.11503,0.28291,0.1806,0.33454
0.15003,0.23367,0.31457,0.20836,0.29014,0.28381,0.31526,0.29774,0.27864,0.30734,0.26681,0.3041,0.29258,0.19483,0.077572,0.17711,0.27989,0.21209,0.3123,0.33394,0.30533,0.28949,0.13455,0.24643,0.30216,0.225,0.2009,0.15442,0.26146,0.11439,0.13953,0.10749,0.12769,0.19904,0.11569,0.23521,0.2008,0.17392,0.2305,0.10577,0.3002,0.28094,0.21514,0.25723,0.31751,0.11055,0.25255,0.088792,0.20906,0.19822,0.19602,0.21588,0.23425,0.10882,0.10515,0.2097,0.13375,0.26777,0.24089,0.32597
0.90012,0.67606,0.55613,0.75694,0.63733,0.67642,0.4672,0.63648,0.65371,0.44377,0.71075,0.50065,0.62578,0.74939,0.90013,0.79672,0.67424,0.70478,0.56289,0.53894,0.52961,0.60176,0.83209,0.64217,0.60735,0.66752,0.73983,0.7978,0.65713,0.73835,0.7834,0.70919,0.40571,0.6796,0.53364,0.64849,0.51643,0.66953,0.57638,0.82656,0.57168,0.60978,0.59432,0.47229,0.49104,0.84531,0.61731,0.76056,0.50972,0.52278,0.563,0.57824,0.79293,0.78066,0.61862,0.6912,0.85862,0.5382,0.70377,0.46524
0.10074,0.24315,0.26445,0.15187,0.25786,0.22182,0.30515,0.2131,0.26712,0.33858,0.16998,0.29584,0.23788,0.2261,0.066877,0.15929,0.21656,0.18835,0.25195,0.25726,0.28426,0.2248,0.16182,0.15745,0.24465,0.24591,0.21586,0.15909,0.21194,0.08968,0.074892,0.12148,0.22448,0.22209,0.067017,0.19705,0.192,0.15796,0.31849,0.11002,0.19724,0.17869,0.21513,0.21119,0.29816,0.11677,0.25496,0.18812,0.2503,0.21925,0.21904,0.1592,0.044428,0.057415,0.093,0.2607,0.050849,0.2988,0.18517,0.27252
0.1929,0.29965,0.30823,0.22544,0.25222,0.24047,0.31938,0.29183,0.21659,0.31485,0.2542,0.31581,0.27395,0.22869,0.20147,0.2615,0.28508,0.3026,0.29311,0.27959,0.30662,0.33627,0.25504,0.41257,0.30696,0.31733,0.27484,0.28193,0.28018,0.3553,0.16448,0.30598,0.52886,0.33172,0.55309,0.37579,0.40794,0.36287,0.32153,0.2681,0.39137,0.33613,0.44509,0.47017,0.34686,0.32715,0.26158,0.40119,0.36795,0.3609,0.36928,0.40066,0.21317,0.10819,0.46627,0.26736,0.23697,0.32799,0.30738,0.34438
0.15011,0.22293,0.27289,0.1537,0.24321,0.26019,0.31821,0.26977,0.24786,0.28582,0.26503,0.30585,0.28722,0.17952,0.071505,0.19701,0.26005,0.16825,0.27244,0.32043,0.30503,0.30482,0.11706,0.23197,0.27475,0.21728,0.17284,0.1483,0.22053,0.1037,0.076607,0.10921,0.23337,0.20048,0.09915,0.20285,0.17858,0.15177,0.27103,0.086359,0.36271,0.3003,0.22597,0.31297,0.29913,0.08299,0.28399,0.085652,0.2083,0.18465,0.21683,0.22096,0.3059,0.058351,0.10037,0.19645,0.14249,0.29517,0.21655,0.34852
0.24359,0.35062,0.36801,0.45482,0.36248,0.37172,0.33068,0.38281,0.36044,0.34556,0.38457,0.3354,0.34406,0.38503,0.34426,0.30892,0.362,0.37867,0.40129,0.34898,0.35692,0.34282,0.33822,0.38444,0.33515,0.3486,0.36277,0.37078,0.40263,0.49639,0.43863,0.49319,0.26487,0.35848,0.35534,0.38195,0.35286,0.45817,0.33657,0.39209,0.29235,0.34429,0.25696,0.28293,0.34773,0.32355,0.42576,0.33746,0.30868,0.31102,0.3069,0.33832,0.29437,0.58579,0.49075,0.39295,0.38047,0.34585,0.38503,0.30421
0.10241,0.25859,0.28327,0.19797,0.30887,0.24712,0.30435,0.25291,0.29732,0.33383,0.18546,0.30445,0.24402,0.23898,0.076816,0.16395,0.21942,0.2432,0.27782,0.27533,0.28503,0.20304,0.17,0.16385,0.27494,0.26605,0.2519,0.15781,0.26931,0.11301,0.13078,0.11474,0.12188,0.2114,0.060465,0.22296,0.19233,0.17761,0.26999,0.14358,0.20112,0.17143,0.23153,0.17378,0.27958,0.1156,0.25158,0.11085,0.24098,0.2276,0.20481,0.14842,0.053602,0.11017,0.097345,0.24574,0.061223,0.28168,0.22824,0.26561
0.10448,0.23943,0.24498,0.12928,0.23989,0.19796,0.30218,0.20407,0.22879,0.32042,0.16577,0.29423,0.23886,0.17833,0.066605,0.19951,0.18852,0.23982,0.24466,0.24772,0.27048,0.24723,0.15923,0.2082,0.25201,0.23181,0.18933,0.15445,0.21104,0.13252,0.24326,0.21829,0.42005,0.26225,0.35821,0.22364,0.39006,0.23092,0.2918,0.14342,0.21821,0.25125,0.29614,0.29275,0.30525,0.12697,0.21295,0.24597,0.40518,0.40358,0.38145,0.32447,0.081005,0.053319,0.19623,0.21927,0.063075,0.27503,0.19499,0.29647
0.288,0.29794,0.29904,0.2627,0.28587,0.25526,0.32093,0.29329,0.17788,0.29263,0.2416,0.32021,0.27744,0.27101,0.20699,0.2588,0.29616,0.25113,0.3128,0.25235,0.32991,0.38315,0.25913,0.33171,0.28175,0.2777,0.26133,0.27874,0.254,0.28331,0.22305,0.29728,0.43603,0.20587,0.20225,0.35477,0.34281,0.28263,0.35033,0.23483,0.35218,0.3069,0.25552,0.23212,0.21917,0.26223,0.27823,0.27561,0.28786,0.35292,0.30076,0.24865,0.096823,0.15797,0.22922,0.31308,0.24127,0.30553,0.15628,0.34386
0.33956,0.30597,0.2566,0.27424,0.23968,0.30547,0.32956,0.31377,0.32804,0.30223,0.2707,0.29587,0.3498,0.23957,0.1508,0.26295,0.29437,0.19475,0.35765,0.30853,0.32205,0.28582,0.21763,0.3081,0.27824,0.2364,0.24726,0.24369,0.2825,0.19388,0.25806,0.19401,0.12223,0.21913,0.1375,0.25143,0.23435,0.21253,0.28025,0.27374,0.27936,0.27365,0.22917,0.10657,0.3295,0.22903,0.27343,0.11295,0.26321,0.20784,0.38435,0.20908,0.023149,0.18434,0.13841,0.15456,0.17763,0.26597,0.22045,0.31902
0.33016,0.3396,0.30207,0.37594,0.25196,0.33122,0.32386,0.34081,0.49828,0.35158,0.33552,0.3097,0.38209,0.31886,0.19127,0.35231,0.32275,0.28325,0.34998,0.3757,0.3259,0.26322,0.24884,0.27413,0.33273,0.3145,0.38187,0.32412,0.38462,0.23484,0.4071,0.3204,0.081328,0.25745,0.2158,0.27975,0.25968,0.41446,0.24678,0.34725,0.19098,0.23841,0.39492,0.084029,0.30636,0.35996,0.31743,0.23961,0.26995,0.21752,0.27375,0.22307,0.016198,0.56253,0.55549,0.38125,0.24429,0.27488,0.58776,0.26202
0.21383,0.29048,0.26065,0.29179,0.3529,0.37485,0.3226,0.30435,0.28753,0.3476,0.2604,0.34965,0.25294,0.31545,0.15351,0.31603,0.29066,0.22419,0.28297,0.29124,0.29534,0.24704,0.24678,0.23328,0.31701,0.30325,0.27873,0.29723,0.28052,0.14966,0.20712,0.2045,0.23954,0.2048,0.078837,0.23494,0.23096,0.19498,0.35718,0.24521,0.27364,0.19194,0.19508,0.15077,0.32446,0.22795,0.28257,0.1871,0.25874,0.22928,0.21887,0.20632,0.0161,0.11566,0.080921,0.18656,0.21204,0.2725,0.1939,0.31768
0.54617,0.47961,0.61421,0.5043,0.56295,0.40772,0.40291,0.45635,0.28228,0.391,0.59933,0.43204,0.4361,0.56723,0.85833,0.51692,0.52759,0.73165,0.3878,0.4731,0.43482,0.55278,0.71345,0.59051,0.49882,0.58713,0.53873,0.57589,0.50275,0.78681,0.59328,0.66945,0.66708,0.7752,0.78967,0.60891,0.63526,0.5667,0.49032,0.60355,0.61707,0.69862,0.62796,0.89968,0.54857,0.62201,0.57966,0.78199,0.64838,0.6925,0.52978,0.76937,0.99183,0.46825,0.50275,0.64988,0.76912,0.61364,0.35895,0.456
0.32364,0.29406,0.23907,0.23013,0.24346,0.28387,0.32922,0.30111,0.23193,0.2998,0.21535,0.30354,0.29311,0.22523,0.13352,0.25143,0.26984,0.1616,0.32773,0.26304,0.32229,0.32006,0.19045,0.29273,0.2609,0.22135,0.22724,0.23835,0.23555,0.15463,0.19232,0.15396,0.23981,0.19946,0.056469,0.24835,0.2359,0.19039,0.32581,0.22085,0.35632,0.26203,0.20569,0.17313,0.3112,0.2425,0.30343,0.12905,0.26133,0.23025,0.38026,0.18348,0.028114,0.13687,0.13345,0.17833,0.15993,0.2871,0.13829,0.38256
0.35078,0.33865,0.28582,0.34766,0.24066,0.30147,0.32917,0.32658,0.46137,0.32888,0.33158,0.31332,0.40186,0.28432,0.18661,0.32152,0.33606,0.27281,0.37576,0.36063,0.34035,0.28501,0.25371,0.29994,0.31705,0.25678,0.31221,0.30026,0.35602,0.25083,0.38903,0.33935,0.084322,0.27322,0.2943,0.28565,0.25559,0.42506,0.24539,0.33428,0.20127,0.27478,0.36439,0.083849,0.28098,0.33955,0.31649,0.24057,0.27994,0.21878,0.30595,0.2201,0.017285,0.55342,0.55134,0.36175,0.2467,0.28965,0.48183,0.25908
0.24764,0.30862,0.28672,0.3542,0.30376,0.3918,0.31598,0.32431,0.38135,0.34733,0.31104,0.32745,0.30546,0.32417,0.17344,0.33795,0.30407,0.25126,0.31532,0.3431,0.29902,0.24293,0.24076,0.24202,0.33095,0.34071,0.3456,0.30222,0.32645,0.18507,0.28577,0.19476,0.11766,0.19726,0.058669,0.24284,0.23698,0.20105,0.31808,0.29885,0.24202,0.20051,0.22328,0.094717,0.35626,0.23876,0.26428,0.12862,0.23955,0.21085,0.23737,0.21681,0.017506,0.1932,0.093133,0.1942,0.1837,0.24541,0.36961,0.28754
0.24396,0.30239,0.29527,0.27505,0.3826,0.31633,0.31701,0.30978,0.19482,0.32712,0.275,0.32794,0.24444,0.33093,0.23382,0.30298,0.2835,0.26355,0.27063,0.27259,0.3095,0.3048,0.30817,0.28725,0.32406,0.31676,0.29701,0.31542,0.29569,0.25364,0.23019,0.32324,0.45549,0.21692,0.41293,0.32311,0.35502,0.29434,0.31981,0.27384,0.28232,0.25452,0.26239,0.2225,0.20142,0.28128,0.2629,0.34096,0.28895,0.32776,0.25244,0.28458,0.065292,0.17204,0.17308,0.2742,0.30616,0.28803,0.16476,0.326
0.32035,0.29725,0.30154,0.26521,0.2513,0.31048,0.30929,0.29616,0.2012,0.28428,0.30824,0.31526,0.28764,0.27555,0.27241,0.29745,0.32981,0.27863,0.31145,0.2791,0.31273,0.36573,0.25198,0.31737,0.2901,0.29587,0.25739,0.3263,0.27165,0.25065,0.20432,0.27434,0.47306,0.30632,0.354,0.34488,0.33736,0.36917,0.36595,0.24856,0.36967,0.34366,0.3555,0.41607,0.22997,0.3048,0.3206,0.32584,0.28412,0.3563,0.29493,0.31492,0.34252,0.10401,0.26372,0.33342,0.27514,0.36226,0.18517,0.32977
0.39827,0.33927,0.32132,0.33099,0.31236,0.36859,0.33934,0.35337,0.32483,0.30508,0.36097,0.3283,0.36715,0.3215,0.32296,0.32527,0.36691,0.33328,0.38881,0.3624,0.34941,0.36745,0.27067,0.39334,0.32831,0.30751,0.29594,0.33005,0.34267,0.35492,0.33544,0.25481,0.14072,0.29049,0.23482,0.33271,0.31643,0.24097,0.35489,0.3296,0.33309,0.3809,0.21163,0.26301,0.40272,0.32185,0.26744,0.1523,0.29296,0.31805,0.38778,0.29138,0.56098,0.16551,0.12697,0.27376,0.39222,0.31209,0.19916,0.41897
0.36178,0.37293,0.36588,0.43476,0.36043,0.32633,0.34242,0.36119,0.52527,0.35452,0.39827,0.34278,0.39548,0.39296,0.41031,0.37635,0.33676,0.39781,0.36209,0.39338,0.35032,0.31878,0.38058,0.35657,0.37084,0.37712,0.42998,0.3813,0.39169,0.45424,0.52839,0.43482,0.097099,0.40554,0.35609,0.32776,0.33979,0.32441,0.29053,0.46321,0.24135,0.35519,0.34413,0.20903,0.39812,0.41619,0.44325,0.33433,0.37837,0.3391,0.34271,0.34238,0.19347,0.67299,0.58674,0.39602,0.44309,0.32855,0.60245,0.2476
0.26531,0.33217,0.33878,0.31723,0.40025,0.34283,0.3343,0.33432,0.25549,0.38899,0.28741,0.35229,0.29395,0.35995,0.32186,0.33132,0.32443,0.32317,0.28825,0.31495,0.33857,0.29137,0.38653,0.28085,0.34487,0.36204,0.34703,0.29933,0.32506,0.285,0.22034,0.30041,0.25371,0.28302,0.15631,0.30373,0.32726,0.27457,0.33956,0.28954,0.37582,0.25942,0.27962,0.312,0.33566,0.28348,0.28104,0.26874,0.37681,0.31587,0.31953,0.32864,0.12768,0.10352,0.078617,0.32467,0.22611,0.31032,0.27023,0.29219
0.2858,0.29702,0.32998,0.25238,0.28494,0.27579,0.33077,0.29641,0.19097,0.30067,0.24938,0.31032,0.28085,0.26455,0.28824,0.30402,0.30055,0.30462,0.29169,0.27136,0.29469,0.32903,0.3313,0.29711,0.30768,0.30596,0.27982,0.32841,0.30661,0.22867,0.19523,0.37413,0.59467,0.38521,0.54515,0.36377,0.35786,0.50745,0.2973,0.24878,0.33292,0.31268,0.5391,0.46786,0.19409,0.31176,0.32909,0.56879,0.2993,0.35589,0.30581,0.38938,0.21174,0.14177,0.4171,0.34077,0.23104,0.37124,0.18592,0.3497
0.36992,0.32763,0.28514,0.27621,0.27228,0.3722,0.31828,0.32519,0.24715,0.29096,0.36051,0.33655,0.3095,0.29025,0.28779,0.31492,0.34991,0.28192,0.3439,0.31062,0.34133,0.37296,0.23479,0.3604,0.31072,0.27434,0.2609,0.31493,0.28395,0.29423,0.23774,0.21603,0.2653,0.27505,0.13267,0.33071,0.30796,0.2497,0.41658,0.27632,0.40514,0.36629,0.20166,0.34652,0.34194,0.30583,0.31177,0.16859,0.29574,0.31749,0.38472,0.27409,0.56418,0.10937,0.10946,0.28036,0.32916,0.35694,0.16442,0.40346
0.39727,0.35848,0.36272,0.41002,0.32156,0.33354,0.3469,0.36018,0.49748,0.32703,0.39401,0.33425,0.42392,0.37098,0.41013,0.36839,0.35719,0.37891,0.40355,0.3997,0.35536,0.34794,0.34066,0.37832,0.34549,0.34458,0.35815,0.37098,0.37493,0.44945,0.52666,0.40583,0.09826,0.40119,0.46601,0.33976,0.34056,0.31545,0.31093,0.44578,0.25342,0.40367,0.29204,0.22087,0.39137,0.41892,0.43759,0.32219,0.33037,0.34014,0.35641,0.33474,0.32407,0.63837,0.57606,0.41138,0.50284,0.33733,0.44941,0.31533
0.29725,0.35234,0.35851,0.39647,0.41656,0.34809,0.34091,0.36152,0.35043,0.3831,0.34036,0.34952,0.3266,0.39702,0.34866,0.34843,0.33208,0.37356,0.30657,0.35735,0.34156,0.296,0.37915,0.31737,0.36486,0.39972,0.41898,0.33442,0.3805,0.35553,0.33576,0.30857,0.12925,0.28864,0.13905,0.32069,0.33082,0.26382,0.30599,0.36604,0.30033,0.28065,0.28269,0.22871,0.39166,0.30086,0.26586,0.2058,0.38823,0.32211,0.30364,0.32902,0.1481,0.21214,0.088532,0.29637,0.25621,0.27952,0.43774,0.25273
0.26964,0.31446,0.32686,0.25518,0.34188,0.31094,0.33597,0.30186,0.21191,0.34689,0.2649,0.32824,0.2803,0.29531,0.30608,0.32484,0.29541,0.30521,0.27824,0.28141,0.31057,0.29771,0.37977,0.27656,0.32843,0.31173,0.30104,0.30499,0.29945,0.23723,0.18211,0.36586,0.48187,0.32995,0.34192,0.33262,0.33929,0.36879,0.29695,0.24509,0.35134,0.26393,0.36832,0.42017,0.22923,0.30507,0.28728,0.43417,0.3336,0.33194,0.28688,0.37885,0.15381,0.11621,0.19554,0.31593,0.2064,0.33159,0.18673,0.34729
0.29652,0.28499,0.32042,0.28425,0.25401,0.33424,0.32,0.3147,0.22446,0.27637,0.33357,0.33038,0.2863,0.27721,0.24254,0.32826,0.36549,0.30504,0.29437,0.32936,0.29778,0.34345,0.26665,0.33302,0.2959,0.31275,0.26569,0.32241,0.29785,0.28772,0.3944,0.38342,0.47465,0.34489,0.37987,0.27887,0.44115,0.36723,0.33983,0.32331,0.32631,0.36557,0.3657,0.37341,0.25216,0.2089,0.30822,0.24772,0.46056,0.4516,0.44773,0.42414,0.46718,0.10428,0.31814,0.29571,0.25915,0.34912,0.31113,0.31794
0.37079,0.31718,0.32129,0.32711,0.31393,0.38002,0.33247,0.35645,0.32246,0.31343,0.34294,0.32684,0.35687,0.33985,0.28041,0.32707,0.37262,0.33572,0.3576,0.35288,0.33975,0.39645,0.26192,0.3446,0.33407,0.31891,0.28705,0.28964,0.34278,0.28887,0.29123,0.23937,0.13463,0.25673,0.15778,0.26908,0.24046,0.19993,0.2952,0.22848,0.26883,0.30876,0.21718,0.28686,0.38809,0.25248,0.25822,0.14238,0.20995,0.25042,0.23673,0.18894,0.4458,0.21921,0.11893,0.30125,0.36502,0.30696,0.29575,0.41994
0.36408,0.35757,0.33588,0.40648,0.36036,0.30699,0.34233,0.3263,0.44897,0.36357,0.34834,0.32487,0.38702,0.37142,0.36551,0.33115,0.28617,0.38504,0.3664,0.34298,0.35706,0.30482,0.35462,0.30808,0.35628,0.36177,0.39676,0.34561,0.36908,0.35226,0.43507,0.31202,0.088148,0.31039,0.22953,0.35261,0.26033,0.23438,0.28681,0.33169,0.21271,0.36053,0.30383,0.23922,0.34975,0.44064,0.40283,0.34226,0.24761,0.28158,0.27158,0.27042,0.16086,0.62878,0.51051,0.35133,0.37776,0.31381,0.29026,0.24437
0.29536,0.34408,0.32052,0.28914,0.37579,0.31844,0.32928,0.30176,0.33523,0.37136,0.30502,0.34015,0.30908,0.33624,0.25637,0.28542,0.30115,0.27619,0.31682,0.31497,0.34379,0.26944,0.34278,0.2557,0.31399,0.32474,0.3391,0.30305,0.29996,0.23438,0.16207,0.259,0.25037,0.31574,0.10766,0.25826,0.25854,0.23165,0.38615,0.25662,0.38548,0.25465,0.30596,0.28395,0.34063,0.22081,0.30321,0.27391,0.27478,0.28032,0.28641,0.25133,0.10376,0.1376,0.10055,0.33203,0.14041,0.3101,0.35594,0.24946
0.33383,0.36718,0.4052,0.36238,0.34085,0.30868,0.34182,0.39019,0.25185,0.31408,0.35221,0.35505,0.31526,0.33122,0.56724,0.41229,0.38078,0.37239,0.32575,0.33544,0.32103,0.35798,0.46348,0.48651,0.37771,0.37409,0.38184,0.4587,0.36723,0.568,0.28704,0.50255,0.60868,0.48498,0.69923,0.56527,0.48059,0.64733,0.36755,0.55531,0.49417,0.40839,0.5289,0.51054,0.3185,0.54837,0.41808,0.64162,0.43623,0.40965,0.43003,0.5037,0.39236,0.23656,0.53884,0.41854,0.51124,0.41706,0.463,0.40769
0.32723,0.30618,0.28256,0.28132,0.27611,0.39648,0.33673,0.33872,0.25198,0.28965,0.34968,0.33731,0.31488,0.30414,0.23817,0.34824,0.3797,0.28434,0.32617,0.33658,0.33149,0.39901,0.23906,0.32896,0.32713,0.29484,0.26545,0.29108,0.30038,0.25951,0.18688,0.20009,0.25601,0.25781,0.13967,0.2558,0.23456,0.21107,0.35972,0.21133,0.30828,0.30654,0.22592,0.32189,0.35509,0.17358,0.29897,0.14342,0.21003,0.23669,0.27185,0.20328,0.50995,0.10751,0.11322,0.28767,0.30093,0.35291,0.32021,0.37012
0.38562,0.33249,0.35252,0.41127,0.32205,0.33474,0.33723,0.33087,0.41799,0.3366,0.34767,0.32823,0.39384,0.37864,0.3695,0.32638,0.31369,0.36416,0.36716,0.36367,0.3459,0.34475,0.31054,0.33318,0.32084,0.36401,0.34127,0.336,0.37464,0.33929,0.47151,0.29185,0.089833,0.30185,0.30717,0.33347,0.26287,0.2146,0.28066,0.30778,0.20947,0.37783,0.26395,0.26434,0.35595,0.43523,0.39072,0.31927,0.22578,0.27118,0.25813,0.2428,0.26762,0.6261,0.5008,0.3783,0.46983,0.3164,0.26868,0.34077
0.32446,0.35708,0.3289,0.33731,0.39651,0.30671,0.33253,0.32989,0.40308,0.38604,0.32488,0.32132,0.33946,0.36154,0.28694,0.29612,0.29661,0.34802,0.32963,0.31455,0.35292,0.2733,0.35243,0.2758,0.34138,0.34157,0.39002,0.31786,0.34065,0.28388,0.24072,0.27179,0.12483,0.30857,0.085304,0.28059,0.25489,0.22587,0.31806,0.28854,0.29997,0.27568,0.30533,0.2383,0.35695,0.27451,0.27662,0.22302,0.27073,0.28024,0.25848,0.24079,0.11695,0.23511,0.10578,0.30288,0.18508,0.28392,0.34606,0.21943
0.28673,0.32444,0.31942,0.26441,0.33535,0.2993,0.32693,0.30174,0.25979,0.33227,0.28974,0.33457,0.27645,0.28337,0.25626,0.32948,0.28177,0.31049,0.30798,0.30512,0.30502,0.28005,0.35261,0.27933,0.32574,0.29676,0.29949,0.30287,0.29335,0.26266,0.38267,0.42367,0.47583,0.36204,0.39545,0.28944,0.43916,0.3948,0.34867,0.36912,0.39273,0.31092,0.37341,0.38658,0.25642,0.23193,0.30123,0.3771,0.49822,0.44668,0.44205,0.48585,0.21626,0.10916,0.22077,0.30874,0.17324,0.3317,0.30965,0.36481
0.27533,0.2168,0.30845,0.21815,0.26579,0.2836,0.28974,0.32416,0.10471,0.3053,0.25359,0.32392,0.27695,0.24451,0.13568,0.25515,0.28146,0.24091,0.2703,0.24577,0.31739,0.35472,0.18071,0.22868,0.28757,0.29248,0.26069,0.28167,0.28585,0.15849,0.2336,0.29667,0.42016,0.13836,0.10116,0.3072,0.29122,0.19564,0.32432,0.21185,0.32558,0.27828,0.24491,0.1739,0.15038,0.25761,0.27398,0.29649,0.14823,0.35238,0.28047,0.21918,0.10182,0.11718,0.26818,0.30235,0.21843,0.28946,0.21654,0.29107
0.30847,0.23157,0.23478,0.232,0.19025,0.31939,0.30843,0.32291,0.22825,0.29607,0.31204,0.31215,0.35608,0.26584,0.1092,0.25254,0.28985,0.24202,0.31473,0.30718,0.29417,0.27915,0.17525,0.19868,0.2736,0.265,0.2838,0.22533,0.30524,0.10089,0.29632,0.21251,0.12034,0.16679,0.15111,0.21323,0.20059,0.16307,0.25686,0.24214,0.36718,0.2534,0.20851,0.091056,0.36737,0.23753,0.2594,0.1481,0.099953,0.23771,0.31662,0.2221,0.02743,0.19589,0.17825,0.24829,0.16602,0.21251,0.21831,0.25867
0.29788,0.35717,0.26421,0.39961,0.24154,0.34075,0.32672,0.37275,0.46986,0.36344,0.39524,0.30367,0.39165,0.35948,0.31917,0.32102,0.43581,0.44333,0.36765,0.41537,0.31788,0.27308,0.41212,0.45578,0.39096,0.31187,0.4343,0.36258,0.35841,0.4784,0.40559,0.30331,0.14786,0.44109,0.36304,0.3921,0.36905,0.57043,0.33311,0.57913,0.25347,0.37204,0.46891,0.10286,0.36558,0.40082,0.2701,0.30849,0.47529,0.25959,0.40075,0.45391,0.024207,0.66886,0.41692,0.39978,0.26841,0.4046,0.52844,0.27298
0.21425,0.197,0.23981,0.26372,0.32748,0.35866,0.29133,0.27568,0.17321,0.34794,0.24763,0.31397,0.22399,0.36944,0.095781,0.25416,0.25318,0.23583,0.25855,0.2946,0.24599,0.25421,0.206,0.15,0.27536,0.31916,0.29192,0.30194,0.30828,0.072613,0.25668,0.23479,0.22145,0.14161,0.052776,0.17392,0.20018,0.12404,0.30372,0.19732,0.21053,0.21002,0.18253,0.22885,0.23358,0.23322,0.24449,0.23501,0.095292,0.26982,0.18263,0.16331,0.021865,0.092112,0.097992,0.20916,0.16619,0.21547,0.19343,0.30738
0.42613,0.43179,0.66947,0.38834,0.5232,0.38403,0.39361,0.46589,0.20083,0.40395,0.48754,0.46565,0.45409,0.43577,0.47411,0.6321,0.52028,0.58764,0.35036,0.43867,0.42775,0.57168,0.75305,0.60302,0.52937,0.52285,0.48126,0.54499,0.4436,0.43876,0.50014,0.65457,0.63847,0.68,0.5326,0.66446,0.52324,0.48623,0.50869,0.49858,0.56279,0.66217,0.56475,0.88354,0.55771,0.61933,0.66684,0.67625,0.6814,0.6175,0.5015,0.6715,0.99025,0.41939,0.6681,0.61197,0.61326,0.63428,0.45916,0.45097
0.29089,0.20637,0.23467,0.20029,0.19937,0.29826,0.28995,0.31733,0.14536,0.29646,0.25851,0.30683,0.29579,0.23271,0.085443,0.24189,0.25538,0.19936,0.2772,0.26099,0.30519,0.2907,0.14718,0.16629,0.24511,0.2576,0.22953,0.23014,0.27557,0.081699,0.22361,0.18242,0.23172,0.15424,0.048381,0.20232,0.20325,0.12021,0.27726,0.1897,0.44138,0.24236,0.18002,0.12895,0.30131,0.20496,0.27774,0.17367,0.084753,0.25855,0.31939,0.17872,0.031236,0.10876,0.17002,0.2289,0.1686,0.22674,0.17054,0.29947
0.56265,0.63765,0.2527,0.56574,0.43537,0.32676,0.46019,0.30212,0.72591,0.29749,0.39563,0.31211,0.40902,0.31712,0.77046,0.30827,0.32131,0.3136,0.53259,0.34224,0.48275,0.29605,0.20717,0.45268,0.30883,0.27742,0.31022,0.29477,0.35019,0.70832,0.38549,0.31088,0.27647,0.46287,0.72276,0.27988,0.50302,0.53508,0.33365,0.35643,0.23344,0.27044,0.4379,0.084482,0.40074,0.31395,0.27443,0.21279,0.46996,0.23469,0.41851,0.31658,0.024475,0.49947,0.43522,0.29358,0.58263,0.31346,0.44973,0.45
0.23855,0.2235,0.24398,0.32038,0.26484,0.36401,0.30413,0.28319,0.29126,0.34695,0.29998,0.30629,0.28499,0.37885,0.12314,0.26767,0.27092,0.28853,0.28738,0.35375,0.25393,0.26149,0.20088,0.18293,0.29091,0.33191,0.32808,0.33591,0.32475,0.093269,0.34721,0.22108,0.12297,0.13448,0.060786,0.19093,0.20501,0.13691,0.27235,0.23976,0.18701,0.21481,0.20124,0.14027,0.26522,0.22909,0.22518,0.19258,0.10776,0.23247,0.19582,0.19315,0.023095,0.20822,0.10382,0.23527,0.17967,0.20251,0.31109,0.27548
0.2338,0.21764,0.30936,0.23597,0.39289,0.31156,0.29327,0.29402,0.11341,0.3256,0.264,0.32345,0.22507,0.34009,0.13307,0.28038,0.26483,0.25398,0.24495,0.28817,0.27838,0.29944,0.22855,0.21971,0.30562,0.34383,0.29909,0.31225,0.31745,0.14454,0.24062,0.33523,0.43031,0.1409,0.14206,0.28088,0.29749,0.19597,0.32324,0.23014,0.22256,0.24354,0.24434,0.27268,0.14621,0.29229,0.27762,0.41218,0.1702,0.34902,0.24515,0.22236,0.070217,0.10695,0.1934,0.27367,0.2207,0.26057,0.22321,0.32842
0.28416,0.21307,0.31362,0.21538,0.24326,0.31097,0.28277,0.33364,0.099114,0.30368,0.30294,0.32306,0.24544,0.27616,0.10312,0.32739,0.29993,0.26704,0.26485,0.27172,0.27454,0.34558,0.25223,0.21035,0.29045,0.29872,0.22591,0.29907,0.30176,0.10367,0.23014,0.23217,0.44391,0.19535,0.1416,0.28782,0.26537,0.31039,0.33347,0.22084,0.34388,0.32535,0.23445,0.35421,0.17207,0.2571,0.30367,0.29446,0.15875,0.33096,0.29226,0.2355,0.41255,0.098093,0.28077,0.30156,0.1196,0.3303,0.26531,0.28417
0.33984,0.26437,0.28898,0.26261,0.22025,0.35572,0.30211,0.34272,0.21615,0.32369,0.3295,0.34422,0.36462,0.33047,0.13753,0.34161,0.33954,0.34384,0.32303,0.3583,0.32909,0.3665,0.23944,0.26513,0.30109,0.32327,0.30886,0.29855,0.33694,0.16647,0.38278,0.29881,0.13164,0.20047,0.21791,0.30705,0.25377,0.25822,0.3159,0.27511,0.36831,0.30114,0.18665,0.23815,0.37701,0.30503,0.30144,0.16731,0.15818,0.30618,0.36754,0.26507,0.45075,0.18821,0.20802,0.3184,0.25376,0.22523,0.24882,0.37871
0.32556,0.4006,0.34946,0.41808,0.30912,0.34888,0.35352,0.40863,0.48302,0.35967,0.40966,0.32568,0.44922,0.3858,0.37535,0.35961,0.4761,0.47878,0.38467,0.42902,0.36743,0.33939,0.54433,0.56739,0.42797,0.36196,0.51888,0.40038,0.36793,0.55547,0.44732,0.46649,0.17112,0.59567,0.45345,0.5274,0.43596,0.48126,0.37648,0.65076,0.32442,0.45205,0.56844,0.22107,0.49575,0.55828,0.41396,0.35586,0.64545,0.37724,0.42323,0.55056,0.23382,0.74906,0.53727,0.47318,0.43507,0.50423,0.50927,0.27003
0.23532,0.24573,0.36529,0.2585,0.39446,0.33205,0.32663,0.31193,0.14652,0.37254,0.28609,0.34055,0.27266,0.34398,0.11956,0.30082,0.29212,0.29457,0.26866,0.31479,0.29653,0.29081,0.31644,0.22489,0.33669,0.35206,0.32016,0.33078,0.33212,0.12004,0.27376,0.304,0.23042,0.18145,0.09263,0.25957,0.25143,0.24199,0.31627,0.23307,0.33527,0.26988,0.22401,0.38604,0.27949,0.27279,0.31525,0.3091,0.19193,0.35046,0.23637,0.28723,0.20231,0.10226,0.15233,0.29084,0.14265,0.25468,0.27567,0.26666
0.26127,0.2119,0.34494,0.2064,0.31061,0.29624,0.29411,0.32157,0.091705,0.30099,0.29918,0.32495,0.25247,0.27965,0.11805,0.32002,0.28312,0.27444,0.24973,0.27797,0.2683,0.31576,0.34858,0.21826,0.32813,0.31663,0.24645,0.32468,0.31751,0.092559,0.20929,0.2893,0.55935,0.23332,0.18025,0.30942,0.27601,0.3826,0.3132,0.22927,0.29466,0.37266,0.3592,0.44585,0.14078,0.25463,0.31071,0.50486,0.16879,0.33117,0.27942,0.31857,0.30273,0.12917,0.37621,0.36386,0.099942,0.39321,0.29481,0.31471
0.31265,0.24181,0.28164,0.22062,0.20405,0.34885,0.28478,0.32994,0.13241,0.3095,0.31892,0.34502,0.27218,0.29676,0.1059,0.34632,0.32631,0.2924,0.28764,0.30216,0.30027,0.36234,0.20929,0.22831,0.27285,0.29494,0.24315,0.28512,0.29991,0.1286,0.27455,0.24198,0.24626,0.17672,0.099358,0.28745,0.2441,0.23399,0.35043,0.23331,0.42855,0.26772,0.1555,0.28497,0.28746,0.28643,0.32699,0.19438,0.15603,0.30408,0.37805,0.2152,0.49046,0.10547,0.20826,0.27031,0.17857,0.25974,0.22284,0.32057
0.58679,0.6597,0.32493,0.63728,0.49041,0.35584,0.4592,0.32471,0.77036,0.32428,0.40083,0.3259,0.47323,0.38353,0.86883,0.3609,0.34851,0.37328,0.55568,0.37125,0.49998,0.36098,0.30939,0.54035,0.32873,0.34552,0.36039,0.35667,0.36911,0.76177,0.46764,0.44307,0.33466,0.61246,0.80366,0.36373,0.58044,0.43227,0.37848,0.39565,0.27462,0.37372,0.51416,0.2181,0.49011,0.39524,0.42327,0.24351,0.60229,0.31879,0.45934,0.38079,0.31835,0.54353,0.54901,0.34024,0.78424,0.36535,0.43973,0.51864
0.2712,0.27271,0.35262,0.3158,0.35228,0.33745,0.35234,0.31297,0.24257,0.3681,0.33072,0.3328,0.32926,0.3704,0.14448,0.30932,0.30719,0.34112,0.29697,0.34022,0.32839,0.31099,0.31614,0.27662,0.35849,0.37034,0.39117,0.36672,0.35027,0.15368,0.37619,0.3241,0.13187,0.18351,0.11444,0.29382,0.2571,0.24982,0.30212,0.29023,0.29108,0.29066,0.22856,0.26566,0.35898,0.28189,0.28997,0.25744,0.22194,0.33572,0.21204,0.2849,0.21871,0.22529,0.14092,0.28178,0.20978,0.2631,0.36387,0.23973
0.24178,0.22552,0.36644,0.21415,0.37203,0.30792,0.30738,0.30208,0.10188,0.32832,0.29779,0.33684,0.24574,0.31107,0.11956,0.32851,0.28326,0.27911,0.25151,0.30405,0.27093,0.2974,0.34863,0.21128,0.33125,0.32785,0.2811,0.32129,0.31626,0.097464,0.21457,0.3211,0.44756,0.19849,0.12987,0.28331,0.27034,0.31044,0.30301,0.22329,0.31266,0.30259,0.25893,0.4709,0.18108,0.26843,0.28184,0.49484,0.17711,0.33921,0.25985,0.3385,0.22144,0.096701,0.24462,0.3139,0.10312,0.31022,0.26456,0.32171
0.23879,0.17983,0.31172,0.20994,0.24675,0.3191,0.26905,0.32613,0.15803,0.30671,0.30299,0.32456,0.24116,0.28614,0.083649,0.35094,0.31186,0.30559,0.25983,0.31372,0.23646,0.33273,0.21417,0.23808,0.27368,0.31156,0.23291,0.30906,0.30515,0.14252,0.3931,0.28131,0.44523,0.24715,0.15814,0.20632,0.36665,0.33489,0.30975,0.28025,0.29291,0.33145,0.2585,0.33633,0.17763,0.16378,0.304,0.22769,0.42853,0.43857,0.42383,0.35915,0.44076,0.12737,0.34512,0.27252,0.0718,0.29546,0.33535,0.24164
0.31822,0.22319,0.28508,0.24662,0.22011,0.3599,0.28057,0.32256,0.26022,0.33268,0.30557,0.33096,0.32041,0.37086,0.1134,0.30735,0.33094,0.3501,0.3143,0.37065,0.29563,0.37122,0.20929,0.23346,0.26911,0.33771,0.28248,0.30144,0.3363,0.14176,0.34929,0.28651,0.12766,0.2029,0.18488,0.22135,0.23888,0.21961,0.29121,0.24927,0.26776,0.27823,0.22129,0.2414,0.31622,0.25007,0.26122,0.18767,0.14169,0.25983,0.2442,0.16172,0.35272,0.24164,0.19456,0.2753,0.16906,0.23153,0.26047,0.37729
0.33389,0.39126,0.31763,0.38155,0.31981,0.35072,0.3679,0.40033,0.40561,0.34664,0.37539,0.3083,0.44815,0.38741,0.36073,0.29726,0.48364,0.44549,0.37617,0.40006,0.38476,0.33161,0.58262,0.52209,0.43267,0.35945,0.5015,0.336,0.3463,0.51974,0.3711,0.4667,0.15326,0.49279,0.39939,0.57018,0.36471,0.37715,0.3745,0.53409,0.33843,0.44572,0.5095,0.22017,0.47042,0.66946,0.35509,0.42343,0.43676,0.30617,0.33948,0.45286,0.19934,0.67329,0.40899,0.43393,0.47461,0.49539,0.26757,0.27696
0.24627,0.23748,0.34973,0.21981,0.33392,0.30691,0.31168,0.30074,0.21144,0.3624,0.31463,0.34699,0.29396,0.27623,0.10841,0.32645,0.26732,0.26326,0.27831,0.30246,0.30102,0.27113,0.29563,0.20254,0.33903,0.30396,0.31981,0.29616,0.32765,0.1123,0.21142,0.24821,0.22512,0.25625,0.085849,0.20619,0.23169,0.20358,0.34047,0.22677,0.3888,0.25881,0.28383,0.34426,0.34123,0.16844,0.3216,0.32045,0.15964,0.28205,0.28785,0.22752,0.15936,0.15258,0.20728,0.27644,0.088788,0.26809,0.33792,0.20924
0.26154,0.25756,0.42886,0.29035,0.33404,0.31405,0.30074,0.40191,0.17242,0.31513,0.37084,0.37408,0.36805,0.32047,0.21546,0.42287,0.36986,0.3343,0.28574,0.32665,0.29019,0.35879,0.44014,0.42235,0.40303,0.37999,0.34334,0.46901,0.36456,0.33063,0.28855,0.33237,0.58982,0.42844,0.37963,0.57947,0.39415,0.59217,0.35963,0.46714,0.43058,0.41624,0.39573,0.52839,0.26107,0.40614,0.47439,0.48534,0.40271,0.39533,0.37693,0.43138,0.49827,0.26936,0.53167,0.518,0.18335,0.4026,0.50282,0.35241
0.26035,0.19831,0.2773,0.20842,0.20863,0.36398,0.27302,0.32219,0.18794,0.31371,0.30614,0.32429,0.26254,0.33685,0.085903,0.33744,0.33205,0.3003,0.28813,0.32628,0.25926,0.37744,0.19618,0.21703,0.26448,0.3011,0.24054,0.28891,0.30809,0.12091,0.25135,0.21437,0.23009,0.20653,0.092652,0.21142,0.23147,0.19945,0.32497,0.21116,0.28627,0.24379,0.2013,0.2609,0.27569,0.23335,0.28513,0.18213,0.14672,0.24593,0.27827,0.14395,0.39952,0.12585,0.22013,0.2327,0.10066,0.26483,0.27856,0.27451
0.62966,0.70528,0.31729,0.67904,0.57115,0.35973,0.50094,0.2991,0.73063,0.33295,0.34427,0.32417,0.41011,0.41084,0.8712,0.28232,0.31078,0.36664,0.53083,0.35684,0.53501,0.36291,0.26229,0.50292,0.27316,0.37551,0.33798,0.33998,0.36292,0.71802,0.42099,0.45581,0.30575,0.49508,0.75553,0.23474,0.46751,0.31999,0.36428,0.33138,0.24288,0.35862,0.4158,0.23133,0.43886,0.37902,0.34985,0.27916,0.42284,0.25241,0.34184,0.294,0.2637,0.52374,0.41167,0.32539,0.80687,0.3763,0.27628,0.57397
0.2878,0.25166,0.3328,0.25796,0.32091,0.3174,0.33732,0.29215,0.27081,0.36498,0.34577,0.31769,0.33831,0.31537,0.12453,0.3005,0.27866,0.31209,0.30729,0.29181,0.33414,0.28334,0.30947,0.23576,0.34809,0.32003,0.38319,0.3099,0.3193,0.13163,0.28654,0.30198,0.12784,0.24514,0.099324,0.22605,0.24019,0.21236,0.31319,0.24133,0.33088,0.28738,0.28427,0.25124,0.39696,0.21509,0.28577,0.27945,0.16992,0.27403,0.23988,0.22401,0.17136,0.26329,0.16691,0.24001,0.18295,0.28993,0.29051,0.20684
0.23245,0.20467,0.35503,0.21393,0.30419,0.30025,0.29436,0.31414,0.16065,0.3193,0.32487,0.34427,0.2545,0.26409,0.099442,0.35307,0.25788,0.2872,0.27174,0.29491,0.26209,0.29119,0.29425,0.20289,0.34972,0.29794,0.27442,0.31284,0.324,0.14134,0.36775,0.32234,0.44791,0.24039,0.20111,0.2323,0.36958,0.34344,0.31202,0.3028,0.3754,0.32121,0.30524,0.44462,0.19055,0.15668,0.31529,0.45406,0.43427,0.4596,0.41072,0.49447,0.33012,0.1292,0.32299,0.31501,0.068879,0.28965,0.37778,0.32701
