0.14257,0.16654,0.15443,0.13228,0.1619,0.23043,0.18699,0.17481,0.17427,0.18766,0.096724,0.20549,0.18084,0.19884,0.27379,0.19883,0.22429,0.25724,0.18834,0.27736,0.18306,0.1995,0.19779,0.20285,0.18056,0.29303,0.21077,0.19054,0.22675,0.17364,0.224,0.23829,0.24052,0.18529,0.2369,0.24504,0.25909,0.39991,0.17299,0.15539,0.28768,0.28682,0.14453,0.19888,0.15232,0.16308,0.25372,0.17111,0.1821,0.16105,0.17088,0.28018,0.44456,0.28883,0.16119,0.26775,0.27315,0.25312,0.19336,0.12149,0.34279,0.089025,0.26045,0.15037,0.26142,0.29522,0.30172,0.23052,0.24977,0.18669,0.24961,0.23778,0.035857
0.15969,0.14194,0.14275,0.089886,0.1998,0.14794,0.20167,0.16483,0.1355,0.1772,0.086155,0.16118,0.20083,0.19728,0.25114,0.18636,0.19128,0.22526,0.12846,0.27363,0.12195,0.19935,0.22155,0.17164,0.15214,0.19974,0.18251,0.19161,0.18723,0.17795,0.23885,0.2543,0.16139,0.1982,0.21916,0.21996,0.23875,0.2302,0.13946,0.13623,0.22574,0.097213,0.10314,0.12392,0.12668,0.18829,0.25328,0.091749,0.11481,0.14562,0.13441,0.29055,0.13716,0.1732,0.092494,0.24531,0.30641,0.09276,0.15623,0.14616,0.16885,0.059575,0.2107,0.069894,0.31587,0.2501,0.19925,0.18738,0.27935,0.070823,0.19509,0.25233,0.025344
0.73772,0.72311,0.74027,0.77893,0.72031,0.67541,0.68643,0.70861,0.71548,0.69965,0.78523,0.65859,0.70135,0.67701,0.52127,0.70239,0.61534,0.5981,0.71375,0.53683,0.72844,0.68769,0.6544,0.67894,0.71077,0.57626,0.67063,0.70116,0.66707,0.71857,0.63774,0.60529,0.62635,0.68123,0.60295,0.59903,0.54936,0.43947,0.5856,0.6941,0.34656,0.23649,0.54927,0.62487,0.58563,0.64422,0.53551,0.5045,0.60119,0.67166,0.6036,0.54117,0.32043,0.48592,0.66968,0.54274,0.44365,0.37373,0.57286,0.62693,0.31221,0.76106,0.47463,0.64378,0.51141,0.40854,0.41441,0.56636,0.54711,0.54482,0.55775,0.59529,0.77343
0.12238,0.10061,0.11542,0.080178,0.15561,0.1426,0.15905,0.11735,0.10891,0.15942,0.063586,0.13994,0.16199,0.16741,0.26842,0.14063,0.17821,0.199,0.13204,0.21322,0.10445,0.15083,0.18848,0.12648,0.13261,0.16783,0.16053,0.15248,0.15151,0.14092,0.17549,0.19712,0.13901,0.14954,0.21639,0.22122,0.25073,0.23016,0.15811,0.16951,0.41809,0.24726,0.41579,0.15841,0.24881,0.1574,0.27501,0.18437,0.21809,0.13101,0.20612,0.2022,0.14949,0.18041,0.080554,0.24445,0.28538,0.15823,0.17861,0.18122,0.40885,0.05496,0.23298,0.11651,0.26863,0.28889,0.23285,0.19581,0.12851,0.073786,0.25968,0.2137,0.059346
0.41747,0.45111,0.40275,0.37233,0.33766,0.50308,0.3515,0.45496,0.42395,0.41847,0.40261,0.50126,0.40227,0.42107,0.44851,0.47231,0.53076,0.47185,0.51135,0.46739,0.4673,0.41464,0.41136,0.47311,0.48543,0.51214,0.48289,0.4246,0.41712,0.40815,0.4179,0.4083,0.55511,0.38995,0.47057,0.4454,0.42899,0.5134,0.63499,0.53574,0.46599,0.77628,0.46368,0.61753,0.59837,0.5535,0.43158,0.74898,0.55252,0.50653,0.58475,0.40192,0.69916,0.63073,0.60215,0.49087,0.42839,0.79485,0.64148,0.6163,0.48835,0.32045,0.56669,0.64926,0.31485,0.53125,0.61361,0.57856,0.4906,0.75352,0.49072,0.45151,0.5733
0.10813,0.10867,0.09922,0.069989,0.14804,0.13664,0.15375,0.11065,0.098602,0.14367,0.053185,0.13391,0.15163,0.1658,0.23739,0.1574,0.17951,0.19889,0.11371,0.25334,0.08429,0.16005,0.16744,0.12139,0.12022,0.16519,0.16056,0.15666,0.14834,0.14589,0.19435,0.2026,0.15384,0.15619,0.187,0.19691,0.22063,0.38553,0.11139,0.13795,0.25558,0.14509,0.10755,0.14692,0.12117,0.10227,0.24993,0.12298,0.1057,0.097085,0.11804,0.28666,0.16298,0.19964,0.088939,0.2259,0.33582,0.11895,0.14465,0.13726,0.22694,0.051716,0.2158,0.063916,0.29191,0.2623,0.20893,0.20718,0.28496,0.0739,0.20594,0.2029,0.022025
0.39701,0.39655,0.41679,0.43586,0.43737,0.32926,0.44472,0.38425,0.42592,0.38629,0.42194,0.36416,0.37753,0.38677,0.29903,0.32728,0.32496,0.34143,0.30416,0.32327,0.37863,0.40374,0.37983,0.37714,0.33685,0.35126,0.33377,0.37623,0.41557,0.37542,0.38457,0.399,0.30572,0.4486,0.33405,0.3477,0.36132,0.20624,0.32724,0.31196,0.21778,0.10549,0.22131,0.27011,0.26323,0.36133,0.34375,0.21295,0.32845,0.37943,0.35579,0.39811,0.18824,0.27732,0.33762,0.29445,0.35123,0.17811,0.27556,0.2916,0.19024,0.53909,0.32007,0.24725,0.3659,0.25988,0.26291,0.2812,0.42457,0.21654,0.30896,0.33452,0.24551
0.15825,0.13664,0.14852,0.09318,0.19644,0.14949,0.22368,0.1625,0.14955,0.18979,0.094704,0.17269,0.2128,0.20519,0.28501,0.15536,0.1823,0.21516,0.14592,0.24164,0.11558,0.17521,0.25399,0.16528,0.14538,0.1922,0.17769,0.1775,0.19041,0.20109,0.22483,0.23744,0.13645,0.18319,0.23418,0.23998,0.26277,0.24419,0.14917,0.15293,0.29732,0.18574,0.3042,0.14317,0.25268,0.14225,0.26993,0.13878,0.25968,0.21035,0.17291,0.2123,0.15368,0.20731,0.076908,0.24178,0.27126,0.14296,0.1512,0.18361,0.32167,0.063406,0.15592,0.11819,0.34893,0.28043,0.21457,0.16262,0.1394,0.068887,0.23553,0.27513,0.058413
0.16209,0.16678,0.16299,0.13794,0.15792,0.21432,0.18122,0.18176,0.18499,0.19342,0.10302,0.21632,0.19014,0.19661,0.29997,0.18286,0.22334,0.24626,0.18131,0.26263,0.16683,0.18301,0.20479,0.21039,0.19163,0.2531,0.21154,0.18484,0.20149,0.18077,0.21061,0.22348,0.24597,0.16925,0.25017,0.26101,0.2809,0.16289,0.19403,0.14125,0.39123,0.34912,0.35464,0.18185,0.22357,0.17438,0.26326,0.18164,0.22989,0.17399,0.18312,0.23675,0.28998,0.24563,0.14149,0.2768,0.24491,0.25391,0.21635,0.14329,0.39963,0.079108,0.33724,0.20888,0.24121,0.32047,0.32853,0.26345,0.14879,0.18144,0.29487,0.21693,0.058749
0.15412,0.21023,0.19122,0.1333,0.13926,0.15399,0.18019,0.14174,0.15213,0.21902,0.077752,0.17867,0.14185,0.19288,0.30612,0.22411,0.25231,0.25648,0.21126,0.2377,0.19682,0.19765,0.18345,0.12887,0.1353,0.13158,0.21046,0.19821,0.21112,0.13306,0.22026,0.217,0.19159,0.19571,0.2104,0.26263,0.24943,0.45254,0.24229,0.25187,0.12172,0.36139,0.11239,0.28026,0.14053,0.15689,0.25095,0.31719,0.12486,0.17205,0.26881,0.24531,0.38816,0.25192,0.16562,0.27832,0.34106,0.30634,0.24191,0.18527,0.45507,0.061142,0.31883,0.09561,0.26473,0.33696,0.32579,0.25129,0.27366,0.1514,0.25619,0.20795,0.2139
0.20792,0.20418,0.19889,0.12233,0.17608,0.14171,0.22225,0.17407,0.17271,0.21137,0.1171,0.12861,0.18327,0.24624,0.27702,0.21581,0.24095,0.23963,0.16868,0.27978,0.20154,0.25939,0.2285,0.19426,0.16992,0.19606,0.24892,0.24799,0.20347,0.17329,0.25122,0.27122,0.19343,0.21809,0.23334,0.25894,0.25645,0.28356,0.21528,0.20338,0.093538,0.19599,0.097954,0.17798,0.16712,0.27152,0.26753,0.23311,0.15685,0.17985,0.21274,0.33124,0.14761,0.1972,0.12103,0.27083,0.32247,0.1341,0.20694,0.24379,0.18151,0.055009,0.31381,0.12266,0.32841,0.32232,0.21552,0.2403,0.30272,0.10433,0.23372,0.35418,0.19307
0.78249,0.73985,0.75711,0.80834,0.7716,0.80001,0.71279,0.78617,0.75989,0.71048,0.83455,0.7872,0.77125,0.70975,0.53998,0.71755,0.65363,0.66486,0.7807,0.64969,0.7418,0.69105,0.72337,0.78606,0.80703,0.75318,0.71832,0.71514,0.73326,0.79153,0.68521,0.66016,0.76177,0.72689,0.68491,0.61217,0.59768,0.41557,0.68357,0.69018,0.22113,0.33296,0.77309,0.70394,0.74979,0.74885,0.55061,0.67659,0.72073,0.76903,0.63062,0.58054,0.2516,0.70065,0.82178,0.57593,0.39542,0.68895,0.69035,0.70166,0.33943,0.79545,0.5021,0.88581,0.52808,0.44956,0.51722,0.63336,0.6079,0.85228,0.58314,0.62399,0.72927
0.15549,0.16436,0.14966,0.09839,0.13888,0.12687,0.1957,0.11453,0.11969,0.20864,0.077668,0.11294,0.14984,0.18559,0.27689,0.16648,0.2267,0.21511,0.17909,0.20484,0.18254,0.18908,0.19065,0.13048,0.14266,0.14993,0.21114,0.20522,0.15464,0.11862,0.1981,0.21118,0.15279,0.17604,0.23315,0.25388,0.27355,0.26244,0.16359,0.24553,0.69667,0.36578,0.34513,0.2239,0.27953,0.19255,0.33859,0.19124,0.27482,0.13376,0.2083,0.23774,0.16684,0.21547,0.10237,0.30092,0.31259,0.22511,0.24635,0.27555,0.29277,0.040543,0.23856,0.12718,0.26685,0.29265,0.27614,0.26098,0.16506,0.15674,0.30931,0.21089,0.1906
0.18271,0.22275,0.25193,0.15182,0.15518,0.17469,0.18567,0.21363,0.20787,0.2224,0.074658,0.24651,0.16252,0.20952,0.33887,0.28401,0.28407,0.27934,0.22666,0.23657,0.22457,0.21083,0.19501,0.18268,0.14432,0.14881,0.21842,0.19341,0.25921,0.13701,0.22803,0.23093,0.21126,0.20155,0.25203,0.28908,0.27025,0.29464,0.30623,0.24932,0.17673,0.48406,0.1511,0.27879,0.17674,0.12338,0.25153,0.24219,0.1632,0.19631,0.33757,0.20557,0.66646,0.265,0.19971,0.28582,0.3347,0.36051,0.26742,0.18074,0.50631,0.065213,0.3515,0.10165,0.22976,0.31541,0.39696,0.30403,0.23234,0.18745,0.30779,0.20097,0.25711
0.1552,0.17749,0.14212,0.10464,0.12059,0.1185,0.18811,0.10939,0.12136,0.19213,0.092276,0.10945,0.13456,0.18952,0.26191,0.16586,0.23072,0.2167,0.17004,0.24719,0.16066,0.19018,0.16949,0.12275,0.12756,0.13965,0.2007,0.193,0.16339,0.13217,0.20552,0.21804,0.17077,0.1797,0.18403,0.24341,0.23594,0.45738,0.17957,0.22432,0.099671,0.2375,0.11387,0.23922,0.15117,0.18604,0.25352,0.30249,0.13243,0.11611,0.18065,0.32769,0.16604,0.21518,0.11574,0.25986,0.38009,0.19971,0.21058,0.24754,0.28285,0.046261,0.33241,0.099664,0.30551,0.36674,0.24879,0.23597,0.30614,0.11019,0.23883,0.25341,0.17973
0.41167,0.43384,0.42163,0.49202,0.49512,0.46254,0.44781,0.45443,0.49207,0.41533,0.49443,0.44119,0.4705,0.44008,0.32174,0.40304,0.37093,0.38643,0.36177,0.41058,0.42816,0.45689,0.4389,0.44867,0.44175,0.50258,0.38266,0.4178,0.42528,0.48047,0.4189,0.42237,0.42701,0.45292,0.39495,0.36381,0.39286,0.22219,0.43804,0.36814,0.11484,0.22353,0.27928,0.32384,0.35,0.42681,0.37239,0.36098,0.39304,0.45812,0.44941,0.41655,0.15748,0.37193,0.43342,0.3212,0.31319,0.29688,0.35951,0.3565,0.18496,0.58962,0.34462,0.34382,0.38232,0.28739,0.32884,0.35747,0.47335,0.34143,0.34139,0.42446,0.38406
0.19601,0.18684,0.17683,0.10847,0.17778,0.1471,0.2477,0.16327,0.16545,0.23746,0.116,0.14153,0.1983,0.24207,0.27739,0.19924,0.23806,0.24254,0.18867,0.25012,0.20446,0.23249,0.24589,0.18606,0.16924,0.19225,0.23074,0.24332,0.19168,0.16842,0.24926,0.2613,0.17603,0.20864,0.25067,0.26633,0.2852,0.29829,0.17769,0.23774,0.36904,0.29934,0.29432,0.177,0.2873,0.21937,0.3196,0.20136,0.36323,0.21115,0.18817,0.26126,0.14526,0.23901,0.10972,0.3061,0.27754,0.19275,0.2228,0.26725,0.19032,0.051086,0.17507,0.15428,0.35843,0.28862,0.25037,0.24131,0.17578,0.14665,0.29348,0.27295,0.23042
0.17642,0.18821,0.18841,0.12758,0.13976,0.14106,0.19994,0.16616,0.1667,0.2091,0.075328,0.17781,0.15409,0.17844,0.31203,0.22414,0.26724,0.23512,0.19624,0.23003,0.18879,0.19202,0.18607,0.16223,0.14226,0.15244,0.21319,0.19285,0.20224,0.12713,0.21846,0.22663,0.18727,0.18205,0.24812,0.2804,0.27492,0.19702,0.22662,0.23232,0.50162,0.39497,0.24601,0.26999,0.22985,0.15345,0.28155,0.17202,0.1849,0.14896,0.23963,0.21243,0.46773,0.21978,0.13735,0.28426,0.3066,0.26,0.25794,0.21323,0.39018,0.046375,0.32767,0.1119,0.2263,0.3081,0.33659,0.2751,0.18441,0.17265,0.29925,0.19529,0.22308
0.18403,0.21381,0.21425,0.14646,0.14636,0.16595,0.22024,0.15966,0.15142,0.19369,0.12045,0.12283,0.1402,0.17098,0.28377,0.24077,0.2379,0.2276,0.19782,0.18704,0.24155,0.20735,0.20543,0.17493,0.11797,0.097387,0.17851,0.22179,0.18414,0.13529,0.19821,0.20586,0.20888,0.22003,0.21127,0.2588,0.25822,0.42117,0.19429,0.18931,0.097867,0.3254,0.0023749,0.27491,0.10584,0.36536,0.21799,0.2648,0.21721,0.20912,0.25281,0.25912,0.29707,0.12033,0.24355,0.23257,0.32917,0.22386,0.22742,0.12408,0.39485,0.10003,0.32104,0.40951,0.26624,0.33297,0.42412,0.23294,0.2308,0.10609,0.24688,0.18654,0.23141
0.21495,0.22027,0.23451,0.15141,0.18164,0.17367,0.25426,0.18146,0.21106,0.22004,0.1359,0.097135,0.1835,0.24249,0.27582,0.19941,0.21278,0.2667,0.16953,0.21121,0.26301,0.24145,0.24162,0.21251,0.167,0.14732,0.2358,0.27601,0.16572,0.18748,0.25985,0.25558,0.17367,0.23043,0.24777,0.2791,0.25381,0.28723,0.18295,0.15269,0.11487,0.27153,0.0039345,0.1662,0.11818,0.21551,0.24805,0.23297,0.15109,0.15719,0.21023,0.24574,0.11852,0.092277,0.11836,0.23821,0.26107,0.13641,0.14328,0.15276,0.22686,0.088327,0.28094,0.14885,0.33994,0.33581,0.24423,0.24915,0.23438,0.088685,0.25552,0.34308,0.20277
0.73473,0.69521,0.67064,0.77938,0.77288,0.76264,0.63424,0.73704,0.74196,0.71542,0.80002,0.82672,0.75656,0.71718,0.57393,0.64123,0.6644,0.65333,0.77247,0.70647,0.62272,0.66939,0.6823,0.73031,0.79517,0.7851,0.73984,0.64521,0.74321,0.77224,0.66877,0.67545,0.71409,0.68465,0.69236,0.58874,0.56909,0.46793,0.78354,0.76255,0.19353,0.39906,0.94625,0.68546,0.80959,0.65374,0.50808,0.71596,0.6146,0.75121,0.67579,0.59677,0.20372,0.77874,0.72443,0.584,0.40513,0.81242,0.73077,0.81258,0.49319,0.77185,0.60978,0.70126,0.51791,0.50505,0.44927,0.60829,0.62464,0.82323,0.61013,0.5874,0.68124
0.1701,0.18331,0.18239,0.10766,0.11853,0.15586,0.24332,0.11717,0.13894,0.17603,0.088868,0.069462,0.15015,0.18038,0.246,0.16848,0.21299,0.23469,0.16384,0.14774,0.2604,0.21324,0.2095,0.15763,0.11302,0.098554,0.17753,0.23693,0.11927,0.1274,0.21219,0.20072,0.14686,0.19539,0.20012,0.24988,0.27417,0.22427,0.11926,0.19289,0.70325,0.35093,0.036846,0.19503,0.13852,0.098853,0.43367,0.17842,0.30399,0.12125,0.1407,0.24488,0.17499,0.095261,0.11753,0.35335,0.3172,0.13722,0.1903,0.14578,0.28873,0.062843,0.17869,0.08203,0.26039,0.20688,0.26203,0.26989,0.18478,0.13776,0.27299,0.26749,0.18727
0.29018,0.29743,0.3407,0.27626,0.21854,0.22639,0.27744,0.30568,0.25755,0.26504,0.22549,0.22595,0.20862,0.21905,0.3594,0.42256,0.33708,0.27636,0.30501,0.31558,0.28026,0.27046,0.26924,0.29679,0.19681,0.17258,0.24811,0.28028,0.37418,0.21005,0.26856,0.27091,0.37648,0.29274,0.26693,0.32425,0.33911,0.31925,0.20513,0.29824,0.17021,0.40698,0.16223,0.37725,0.36449,0.23291,0.22054,0.20642,0.35411,0.33372,0.39616,0.34437,0.68645,0.46634,0.40653,0.26582,0.44616,0.25037,0.3607,0.35218,0.34967,0.20029,0.33613,0.25389,0.25818,0.33668,0.34321,0.35689,0.38312,0.36377,0.29581,0.25941,0.35147
0.17063,0.18889,0.17647,0.12032,0.13241,0.14466,0.21811,0.11943,0.14686,0.18427,0.11552,0.08161,0.14985,0.17852,0.25575,0.14684,0.2142,0.22571,0.17494,0.17443,0.24693,0.19991,0.19509,0.15234,0.11665,0.096379,0.1752,0.21376,0.12458,0.13497,0.21184,0.19819,0.14543,0.20654,0.21194,0.26562,0.23801,0.45898,0.16449,0.17767,0.10891,0.27527,0.0036488,0.21557,0.11792,0.17774,0.24679,0.29269,0.14139,0.10993,0.21154,0.24804,0.13416,0.097449,0.11813,0.22237,0.31056,0.20201,0.1841,0.17006,0.24093,0.064624,0.3003,0.1316,0.31329,0.36171,0.26682,0.24049,0.24967,0.086735,0.27052,0.24222,0.19764
0.40699,0.43191,0.42376,0.45392,0.4717,0.46108,0.4075,0.47386,0.45429,0.44142,0.47717,0.45086,0.47382,0.45021,0.3386,0.38825,0.37473,0.39033,0.35014,0.43819,0.37711,0.43237,0.41122,0.40962,0.47589,0.52268,0.40887,0.39171,0.38901,0.47497,0.42116,0.43839,0.38805,0.39981,0.40203,0.35324,0.37691,0.22066,0.43681,0.35007,0.12023,0.29277,0.27265,0.29941,0.34579,0.31099,0.31864,0.36615,0.34212,0.41551,0.3973,0.37177,0.11813,0.33391,0.39165,0.3056,0.28069,0.31807,0.33191,0.30665,0.24813,0.56798,0.34429,0.27554,0.38336,0.33526,0.30688,0.3478,0.43189,0.32434,0.3631,0.41834,0.37727
0.1936,0.19352,0.21678,0.13187,0.16312,0.16654,0.27969,0.14823,0.18611,0.19921,0.11761,0.10018,0.19179,0.22618,0.2498,0.19199,0.21421,0.25492,0.1649,0.19076,0.27211,0.24259,0.24899,0.20652,0.15002,0.13255,0.21153,0.27621,0.15785,0.16955,0.25913,0.21626,0.17667,0.22319,0.22619,0.27447,0.27978,0.2677,0.12726,0.18811,0.32668,0.30268,0.048634,0.17022,0.10624,0.13622,0.37033,0.19418,0.31178,0.15908,0.13219,0.25168,0.12498,0.093894,0.1223,0.35025,0.26872,0.1125,0.17894,0.12153,0.23818,0.074578,0.17143,0.092226,0.33376,0.21743,0.26088,0.24967,0.18099,0.13222,0.27497,0.26145,0.2244
0.18619,0.20162,0.20554,0.14943,0.14054,0.15437,0.23773,0.17422,0.18369,0.18022,0.1154,0.12694,0.15631,0.17702,0.28604,0.27373,0.25587,0.22457,0.18725,0.20253,0.24712,0.21494,0.21978,0.21037,0.10843,0.11334,0.1715,0.21948,0.20052,0.13123,0.19834,0.21004,0.22357,0.23129,0.21342,0.265,0.27907,0.19459,0.15604,0.20888,0.53216,0.34528,0.009659,0.28537,0.15013,0.42623,0.31064,0.17611,0.31649,0.17611,0.19587,0.27328,0.55388,0.11904,0.20103,0.29498,0.335,0.187,0.22628,0.13369,0.40913,0.10001,0.25125,0.38117,0.23311,0.2731,0.37244,0.26879,0.19764,0.14693,0.24254,0.248,0.22551
0.1898,0.1818,0.17263,0.2182,0.20228,0.24452,0.13187,0.16842,0.15222,0.24245,0.15497,0.21946,0.19347,0.23811,0.21308,0.20384,0.19681,0.24344,0.20651,0.22564,0.21998,0.22227,0.19504,0.22386,0.19882,0.24749,0.22998,0.24411,0.19191,0.16207,0.22645,0.17717,0.24366,0.20737,0.22762,0.23867,0.3102,0.4683,0.2365,0.24147,0.30537,0.29321,0.15688,0.34414,0.16791,0.33722,0.31919,0.19209,0.25739,0.1374,0.24739,0.3509,0.32489,0.30574,0.28667,0.29732,0.27583,0.24159,0.21986,0.15043,0.38612,0.10117,0.3069,0.24518,0.28378,0.30507,0.35752,0.27972,0.32198,0.24571,0.26992,0.28787,0.11278
0.21155,0.1907,0.21541,0.19758,0.225,0.18581,0.18452,0.22811,0.16447,0.25253,0.18209,0.20102,0.22167,0.26031,0.21374,0.21922,0.24938,0.2574,0.18759,0.27056,0.23379,0.25632,0.21867,0.23447,0.19644,0.19132,0.23852,0.27329,0.2152,0.21823,0.27288,0.26549,0.21018,0.25904,0.23285,0.2625,0.27045,0.27289,0.21608,0.22775,0.26717,0.13715,0.12391,0.21676,0.18083,0.22365,0.31108,0.13285,0.19087,0.20384,0.21774,0.3139,0.23784,0.18829,0.16992,0.27122,0.28468,0.087651,0.20539,0.19402,0.18526,0.058334,0.27365,0.097803,0.34765,0.27072,0.24202,0.24032,0.35601,0.094694,0.2046,0.22142,0.06277
0.47446,0.54207,0.53408,0.50775,0.49348,0.48597,0.62334,0.51369,0.55977,0.44788,0.54911,0.50606,0.44307,0.4621,0.52083,0.51085,0.49268,0.46576,0.49698,0.4782,0.51282,0.4783,0.47206,0.48201,0.45102,0.52852,0.45293,0.44758,0.56921,0.57318,0.44822,0.52703,0.45406,0.52446,0.42315,0.46428,0.32595,0.19221,0.26572,0.21585,0.19229,0.10625,0.19551,0.16811,0.21578,0.24902,0.29229,0.10523,0.2525,0.53279,0.33612,0.2486,0.29529,0.24134,0.19181,0.29659,0.37043,0.078882,0.22121,0.15133,0.23737,0.45532,0.23841,0.11372,0.38748,0.27757,0.25633,0.18787,0.2289,0.09395,0.21993,0.30973,0.1387
0.14929,0.13386,0.16451,0.1629,0.18194,0.16206,0.11571,0.14868,0.12764,0.19912,0.13077,0.15663,0.17181,0.22554,0.21783,0.15883,0.20208,0.20818,0.15806,0.20358,0.18236,0.195,0.1771,0.15638,0.15236,0.13944,0.18128,0.18876,0.16911,0.15065,0.1859,0.15226,0.16678,0.18481,0.19707,0.22576,0.29082,0.22104,0.17455,0.25352,0.44688,0.23599,0.48965,0.26052,0.29926,0.27205,0.31113,0.1682,0.30985,0.15707,0.2231,0.29067,0.21918,0.20478,0.1252,0.30307,0.30382,0.17156,0.1825,0.29321,0.37585,0.062624,0.19194,0.11394,0.29768,0.28472,0.28058,0.24264,0.16425,0.10264,0.32844,0.28781,0.10432
0.59004,0.51283,0.46904,0.52071,0.51183,0.54922,0.36265,0.51745,0.50577,0.52483,0.53049,0.5232,0.61451,0.47918,0.42798,0.51373,0.45673,0.47887,0.57257,0.47622,0.46052,0.48836,0.56627,0.52727,0.62691,0.46003,0.56691,0.51932,0.37869,0.41248,0.52926,0.43812,0.56997,0.40721,0.58442,0.45761,0.52483,0.54398,0.76887,0.75758,0.45086,0.79755,0.59302,0.69688,0.774,0.63354,0.48936,0.90186,0.66835,0.55073,0.67629,0.5195,0.6512,0.74725,0.82188,0.56671,0.47632,0.89786,0.8108,0.81485,0.51621,0.78717,0.69862,0.88972,0.35073,0.59161,0.57363,0.72288,0.62978,0.90437,0.6612,0.62146,0.95053
0.14243,0.1333,0.15117,0.15344,0.15503,0.14669,0.11077,0.12611,0.11039,0.20389,0.11659,0.15455,0.14001,0.20474,0.17996,0.16815,0.18567,0.1963,0.12422,0.21171,0.1607,0.18258,0.14767,0.16211,0.14031,0.14742,0.18573,0.20249,0.15434,0.14676,0.20798,0.16568,0.16955,0.18097,0.18292,0.20458,0.25327,0.44067,0.1746,0.20584,0.30888,0.18674,0.11687,0.29791,0.16613,0.20659,0.31276,0.1569,0.17177,0.11825,0.22137,0.34836,0.23207,0.20867,0.15756,0.25365,0.32435,0.12018,0.18422,0.17734,0.25709,0.056019,0.26203,0.11798,0.31808,0.27837,0.28115,0.25352,0.37473,0.10917,0.21044,0.21373,0.058365
0.45714,0.51574,0.52432,0.48991,0.49451,0.467,0.5702,0.51203,0.53617,0.43698,0.51379,0.48787,0.43217,0.44501,0.49554,0.49762,0.508,0.47907,0.46767,0.44864,0.51442,0.47475,0.45345,0.48441,0.43995,0.54281,0.41774,0.45471,0.54904,0.5414,0.44481,0.53468,0.45624,0.52392,0.41341,0.47416,0.31593,0.18957,0.29636,0.23374,0.19657,0.087051,0.13858,0.15356,0.18469,0.28967,0.30379,0.1131,0.1902,0.41929,0.35729,0.26435,0.29987,0.21061,0.19646,0.29297,0.35945,0.067527,0.23208,0.16581,0.18926,0.36923,0.27478,0.107,0.36337,0.26635,0.24348,0.19635,0.29701,0.09471,0.20978,0.23142,0.10934
0.23291,0.19642,0.23473,0.21173,0.24379,0.22249,0.24164,0.23097,0.19453,0.26715,0.19922,0.21352,0.24287,0.28959,0.27397,0.21703,0.2672,0.24583,0.22292,0.28573,0.24011,0.27279,0.26193,0.23199,0.21296,0.17863,0.26437,0.25156,0.25038,0.2494,0.27006,0.24256,0.20769,0.26355,0.25337,0.26507,0.29954,0.21488,0.18393,0.24649,0.31853,0.17737,0.36603,0.20843,0.2681,0.21104,0.30433,0.12308,0.34978,0.33149,0.19757,0.26444,0.2285,0.22733,0.14373,0.29482,0.29847,0.14137,0.18143,0.23063,0.32704,0.064864,0.20051,0.11178,0.36441,0.27842,0.25189,0.22211,0.17141,0.09526,0.25499,0.35895,0.11955
0.2002,0.18282,0.19633,0.22227,0.20439,0.229,0.13882,0.18542,0.16355,0.2404,0.1595,0.22248,0.21104,0.24013,0.23233,0.19286,0.20714,0.23741,0.19603,0.22622,0.20117,0.21543,0.20778,0.21282,0.20864,0.20836,0.22771,0.22125,0.18124,0.1668,0.21108,0.18166,0.23981,0.1952,0.2567,0.2474,0.33267,0.21944,0.22996,0.21716,0.39986,0.34382,0.40433,0.31139,0.26509,0.35731,0.31129,0.20018,0.32061,0.1672,0.23568,0.31777,0.28735,0.27002,0.27717,0.31608,0.25095,0.23042,0.22133,0.2338,0.379,0.10819,0.25452,0.27345,0.26611,0.31553,0.37189,0.30832,0.18857,0.25179,0.37217,0.27376,0.14131
0.1688,0.19401,0.21029,0.2517,0.16232,0.17525,0.11198,0.1526,0.11388,0.21858,0.13801,0.21297,0.14379,0.22218,0.23304,0.2019,0.21538,0.21448,0.20201,0.17363,0.20824,0.20087,0.15569,0.14937,0.15188,0.11671,0.1669,0.21798,0.18537,0.1487,0.1918,0.13903,0.18931,0.20727,0.18869,0.25549,0.30407,0.49304,0.33423,0.33861,0.1433,0.37847,0.1515,0.42706,0.25393,0.3412,0.30747,0.51118,0.2073,0.091288,0.33309,0.32697,0.39312,0.38671,0.3316,0.3215,0.34849,0.40581,0.33838,0.29288,0.46033,0.098319,0.34366,0.29377,0.28744,0.38205,0.36751,0.31392,0.39466,0.34308,0.30245,0.23611,0.28357
0.24639,0.23709,0.31243,0.25641,0.21879,0.18235,0.21261,0.27158,0.2127,0.26358,0.21655,0.21574,0.2241,0.3098,0.23105,0.24872,0.30057,0.28075,0.22529,0.27743,0.24633,0.3054,0.24752,0.25544,0.22254,0.19756,0.21461,0.27651,0.26363,0.22343,0.26609,0.28683,0.23088,0.29275,0.23918,0.27306,0.30567,0.32664,0.31763,0.32757,0.20287,0.21916,0.13708,0.29815,0.3041,0.33232,0.31796,0.32815,0.25712,0.31494,0.28057,0.38984,0.28248,0.27833,0.32961,0.30549,0.31315,0.25671,0.30028,0.35122,0.20042,0.11211,0.3809,0.27965,0.36087,0.35049,0.27738,0.29297,0.43844,0.21994,0.29252,0.33317,0.29449
0.60817,0.61023,0.5162,0.54649,0.61353,0.64582,0.65732,0.58754,0.64875,0.5631,0.64196,0.59187,0.61401,0.52472,0.54923,0.57518,0.51372,0.54811,0.60669,0.57953,0.5755,0.5413,0.60919,0.60679,0.61677,0.64747,0.62324,0.5607,0.58084,0.63242,0.59099,0.60385,0.60557,0.55756,0.58105,0.50998,0.3673,0.22051,0.39474,0.34021,0.1415,0.20327,0.25328,0.22774,0.32388,0.31417,0.31624,0.23522,0.38701,0.61489,0.39302,0.29273,0.30318,0.3479,0.39598,0.32755,0.30515,0.22692,0.3642,0.24564,0.16626,0.74227,0.35519,0.38425,0.40741,0.26248,0.30169,0.28819,0.27846,0.28871,0.34196,0.39426,0.44558
0.16782,0.16955,0.24674,0.20434,0.17298,0.14348,0.14404,0.18609,0.14251,0.21443,0.14183,0.15753,0.17797,0.23533,0.2301,0.19141,0.24428,0.2055,0.19855,0.19611,0.20788,0.22137,0.18613,0.15154,0.18538,0.12739,0.18509,0.2204,0.2055,0.16352,0.1891,0.15552,0.17184,0.20923,0.21444,0.24026,0.34205,0.25451,0.21462,0.33596,0.66855,0.35221,0.6108,0.32301,0.42481,0.33077,0.39364,0.24223,0.43683,0.14813,0.25319,0.33226,0.27632,0.3033,0.25046,0.37392,0.34736,0.37639,0.27491,0.41825,0.32136,0.080965,0.25942,0.35179,0.30301,0.3069,0.33572,0.37979,0.19822,0.37189,0.37454,0.37203,0.27261
0.18136,0.20991,0.22328,0.26186,0.18004,0.19629,0.12487,0.19216,0.11968,0.22091,0.13285,0.26087,0.15347,0.24266,0.24953,0.23472,0.21918,0.2385,0.18819,0.19916,0.22705,0.21389,0.16358,0.17584,0.15274,0.12556,0.17529,0.23149,0.20097,0.14697,0.17031,0.14003,0.17799,0.19594,0.20041,0.28134,0.33984,0.3465,0.41189,0.33735,0.18614,0.53639,0.2321,0.38834,0.30558,0.36291,0.3122,0.37154,0.24475,0.1092,0.43327,0.29097,0.45361,0.39649,0.36779,0.33368,0.36728,0.43166,0.42208,0.31951,0.51583,0.11541,0.31268,0.32578,0.25321,0.36639,0.41476,0.40346,0.30922,0.44382,0.35565,0.24538,0.34262
0.17794,0.17282,0.2163,0.228,0.14922,0.14526,0.13912,0.1597,0.1449,0.20743,0.16447,0.16567,0.14627,0.22681,0.20233,0.16909,0.23037,0.19916,0.18875,0.1786,0.17961,0.21383,0.17021,0.17394,0.15425,0.12566,0.16768,0.20187,0.19197,0.16863,0.20894,0.17868,0.1757,0.21083,0.17888,0.22841,0.28105,0.49283,0.25559,0.30254,0.18203,0.26432,0.13491,0.40281,0.28269,0.29726,0.31502,0.43422,0.22627,0.15143,0.24145,0.41366,0.30414,0.30765,0.29471,0.30037,0.37081,0.34199,0.26889,0.35465,0.30987,0.079121,0.36629,0.27033,0.33635,0.39897,0.31339,0.28629,0.46002,0.23924,0.29523,0.28685,0.25513
0.59515,0.58876,0.53947,0.54333,0.62303,0.60704,0.60874,0.59658,0.63624,0.55253,0.62487,0.59291,0.62005,0.51511,0.55978,0.57576,0.5463,0.56573,0.57768,0.579,0.57608,0.53947,0.59095,0.61292,0.61561,0.65728,0.59707,0.53046,0.56629,0.60665,0.56909,0.60515,0.6048,0.55754,0.58349,0.52749,0.35569,0.20607,0.44287,0.36671,0.15203,0.18261,0.17234,0.22502,0.30299,0.37092,0.31152,0.27955,0.28851,0.57251,0.44529,0.31134,0.30721,0.32147,0.4053,0.32759,0.30595,0.20137,0.36305,0.26922,0.16797,0.61656,0.40367,0.34528,0.36952,0.27722,0.30393,0.30178,0.36071,0.24172,0.323,0.3348,0.40752
0.25877,0.22998,0.2966,0.24019,0.22261,0.21481,0.26071,0.265,0.2109,0.27787,0.2185,0.20946,0.26041,0.31449,0.25186,0.27093,0.30045,0.26536,0.25359,0.27129,0.25535,0.31184,0.27906,0.23835,0.24509,0.1835,0.2416,0.29579,0.28171,0.24939,0.28177,0.26992,0.24236,0.29379,0.25896,0.25802,0.348,0.27326,0.24826,0.34571,0.36741,0.28975,0.51029,0.24299,0.36362,0.27871,0.36946,0.23522,0.522,0.33831,0.23852,0.31773,0.26393,0.32567,0.28565,0.37206,0.29693,0.32897,0.28217,0.35685,0.21726,0.11558,0.28065,0.37502,0.39061,0.28295,0.29598,0.33528,0.21391,0.3423,0.33986,0.45439,0.33614
0.16416,0.17747,0.23472,0.23868,0.16424,0.15501,0.1261,0.18574,0.12621,0.21282,0.13736,0.20492,0.15206,0.2221,0.24013,0.20309,0.22317,0.21321,0.17833,0.1952,0.20148,0.21112,0.16076,0.16601,0.1624,0.12093,0.17213,0.22308,0.19796,0.1448,0.17709,0.13752,0.16573,0.19138,0.20936,0.25722,0.34655,0.23809,0.3044,0.3,0.49541,0.41043,0.39849,0.38692,0.40038,0.36001,0.34517,0.2382,0.28884,0.12346,0.30089,0.30224,0.36752,0.31412,0.3061,0.32989,0.33547,0.35224,0.35371,0.35753,0.42367,0.083797,0.26393,0.35278,0.25094,0.34315,0.36607,0.37422,0.22817,0.42701,0.36365,0.27973,0.31362
0.16287,0.2017,0.18166,0.23372,0.1533,0.17655,0.15881,0.15911,0.11337,0.20686,0.15246,0.24443,0.13365,0.17168,0.27309,0.22566,0.25066,0.19269,0.20756,0.1323,0.21378,0.20599,0.17932,0.1571,0.15372,0.13585,0.14681,0.21049,0.16147,0.14549,0.15594,0.11721,0.19906,0.21754,0.18936,0.24775,0.30276,0.52642,0.33403,0.29357,0.096256,0.38097,0.11048,0.38136,0.22141,0.54426,0.27652,0.40369,0.33769,0.17841,0.31802,0.3614,0.33273,0.32312,0.37179,0.29329,0.35403,0.47674,0.33242,0.36267,0.41593,0.17103,0.36557,0.5154,0.28719,0.37962,0.40007,0.28931,0.37234,0.2697,0.27821,0.27228,0.28608
0.25165,0.22604,0.31087,0.25127,0.22922,0.19382,0.24457,0.28145,0.23587,0.28393,0.2427,0.24337,0.21133,0.32966,0.26701,0.22964,0.27679,0.30779,0.2664,0.23767,0.27685,0.29829,0.26049,0.2418,0.25642,0.20523,0.19775,0.28926,0.26828,0.26287,0.26032,0.28818,0.22406,0.27633,0.25168,0.29226,0.28518,0.30982,0.29993,0.276,0.19781,0.25628,0.12098,0.21407,0.23921,0.30193,0.27553,0.24944,0.18369,0.32974,0.2666,0.31015,0.30901,0.24723,0.17891,0.29534,0.27065,0.25181,0.24899,0.30217,0.26268,0.16201,0.30876,0.10744,0.34902,0.34727,0.30123,0.27687,0.35894,0.20224,0.32007,0.3037,0.26223
0.57412,0.58472,0.53007,0.51933,0.61148,0.62594,0.60408,0.5534,0.61444,0.53069,0.60148,0.51258,0.6058,0.5293,0.4653,0.5319,0.48091,0.53016,0.53828,0.60764,0.53578,0.52548,0.56987,0.58903,0.57521,0.62464,0.62662,0.5136,0.57275,0.5947,0.58517,0.59382,0.57728,0.52955,0.5687,0.48742,0.33883,0.18049,0.40985,0.32413,0.10885,0.24225,0.21676,0.18523,0.23167,0.20712,0.29406,0.25936,0.26868,0.52799,0.37595,0.25883,0.33898,0.29742,0.24273,0.33444,0.25726,0.15245,0.29596,0.1411,0.23998,0.54206,0.36053,0.12331,0.40711,0.27025,0.28878,0.28711,0.25502,0.28481,0.4015,0.34369,0.37401
0.16865,0.16611,0.20979,0.16427,0.14566,0.14717,0.1959,0.16909,0.13203,0.19516,0.13207,0.18037,0.15098,0.21897,0.2415,0.18683,0.23381,0.21659,0.19631,0.14686,0.24458,0.23605,0.20402,0.15554,0.18107,0.12477,0.15054,0.22796,0.18418,0.16391,0.17597,0.13369,0.17232,0.20701,0.19382,0.22105,0.34522,0.20625,0.23813,0.31458,0.69464,0.35141,0.5964,0.2854,0.37659,0.19732,0.45954,0.3868,0.40181,0.12624,0.25966,0.3073,0.26698,0.2579,0.14506,0.38846,0.32811,0.28208,0.24936,0.29379,0.34563,0.1172,0.25465,0.13018,0.30277,0.28943,0.3244,0.38023,0.19314,0.28593,0.33337,0.3687,0.23115
0.29625,0.32984,0.28439,0.40762,0.2308,0.27382,0.23151,0.30318,0.26069,0.31978,0.25012,0.38136,0.25878,0.23645,0.36706,0.38386,0.37729,0.25697,0.34412,0.2716,0.27052,0.26865,0.27408,0.28758,0.26803,0.24796,0.22908,0.34057,0.2986,0.23261,0.2726,0.20936,0.30323,0.32324,0.26485,0.36161,0.41844,0.38698,0.38379,0.50944,0.16364,0.4758,0.40724,0.59312,0.61477,0.38677,0.30563,0.37408,0.48182,0.33839,0.49812,0.46519,0.46076,0.61479,0.71952,0.33104,0.50927,0.49326,0.58886,0.58092,0.38241,0.60485,0.40839,0.39973,0.28164,0.38803,0.35073,0.46857,0.52948,0.65983,0.32435,0.36876,0.56088
0.17372,0.17912,0.19196,0.20444,0.16456,0.15348,0.17581,0.16702,0.1509,0.19612,0.186,0.1967,0.14607,0.20624,0.24677,0.16201,0.22551,0.21191,0.21594,0.13703,0.22794,0.23267,0.19749,0.16501,0.17182,0.13821,0.1507,0.20804,0.18013,0.17943,0.18651,0.15711,0.15684,0.2202,0.18393,0.2409,0.27016,0.52464,0.25694,0.27328,0.16569,0.271,0.12699,0.28979,0.24272,0.32291,0.28066,0.33607,0.1996,0.14974,0.25592,0.34052,0.2918,0.26205,0.15864,0.2829,0.33199,0.40062,0.26235,0.40061,0.28887,0.11708,0.30654,0.1217,0.32926,0.38802,0.31367,0.27236,0.3833,0.2093,0.32784,0.29125,0.24923
0.59214,0.56014,0.57047,0.53026,0.61798,0.59494,0.5564,0.59335,0.62116,0.55995,0.60947,0.53179,0.62477,0.55595,0.49285,0.53312,0.49602,0.56281,0.53491,0.5986,0.52001,0.51847,0.55121,0.59155,0.60528,0.63404,0.62056,0.51091,0.55276,0.60056,0.57996,0.63133,0.58376,0.52788,0.59409,0.50198,0.32655,0.17759,0.45092,0.32378,0.13754,0.23433,0.15643,0.17182,0.23546,0.26062,0.26624,0.24663,0.21504,0.56909,0.41799,0.25923,0.34282,0.28699,0.24744,0.31243,0.26093,0.14258,0.2757,0.15622,0.25686,0.4545,0.37783,0.11832,0.3699,0.29022,0.30189,0.3002,0.30984,0.25353,0.36558,0.31907,0.33855
0.23509,0.21658,0.26469,0.2127,0.20407,0.198,0.29462,0.23643,0.204,0.23703,0.2126,0.21926,0.22572,0.29684,0.25708,0.24333,0.25717,0.2696,0.26379,0.24437,0.29229,0.30009,0.29027,0.23629,0.24516,0.17701,0.20854,0.28808,0.2755,0.24718,0.25698,0.23536,0.24053,0.26729,0.22349,0.25447,0.33324,0.22559,0.25154,0.31249,0.30819,0.30822,0.50266,0.21607,0.26638,0.16565,0.4024,0.31673,0.39083,0.26796,0.22998,0.28561,0.28617,0.27356,0.16828,0.40875,0.26055,0.20239,0.23789,0.24026,0.27133,0.14393,0.27568,0.1163,0.37988,0.27269,0.30853,0.33041,0.20354,0.27232,0.35728,0.37255,0.28272
0.1678,0.19267,0.17902,0.22604,0.15772,0.16136,0.17529,0.18107,0.13517,0.21533,0.15735,0.26582,0.13426,0.19507,0.27315,0.24786,0.26301,0.19927,0.19187,0.15675,0.22299,0.22696,0.17697,0.173,0.13804,0.14036,0.14207,0.23002,0.19201,0.14515,0.15147,0.10079,0.17885,0.22336,0.18128,0.24734,0.35673,0.21045,0.30607,0.31109,0.53767,0.39654,0.33349,0.42534,0.36732,0.42599,0.38075,0.3791,0.38412,0.17876,0.27887,0.36141,0.33277,0.275,0.34241,0.3311,0.34931,0.37587,0.35967,0.30125,0.46005,0.17314,0.31092,0.69878,0.26346,0.34459,0.3909,0.34576,0.25588,0.32519,0.27167,0.34362,0.2911
0.20128,0.19155,0.18141,0.16179,0.2067,0.13927,0.15082,0.17043,0.11231,0.19076,0.1507,0.17215,0.18872,0.20926,0.13065,0.11374,0.12901,0.15756,0.18275,0.16851,0.15612,0.21942,0.19634,0.18238,0.16654,0.16298,0.17588,0.21299,0.16406,0.15856,0.18599,0.18524,0.17907,0.1848,0.18698,0.17165,0.31221,0.40922,0.21021,0.17782,0.33538,0.18633,0.07442,0.28826,0.090395,0.26695,0.27954,0.10191,0.21053,0.11033,0.21882,0.28663,0.29235,0.29535,0.25965,0.23507,0.34956,0.16531,0.25927,0.16801,0.4123,0.12081,0.27828,0.26742,0.27616,0.27684,0.3432,0.19936,0.20316,0.20182,0.25628,0.27153,0.087182
0.15444,0.1876,0.2412,0.18834,0.17411,0.15833,0.20669,0.15218,0.074281,0.21651,0.20988,0.22146,0.15861,0.216,0.16738,0.12067,0.20842,0.20144,0.16198,0.22584,0.23427,0.22815,0.12552,0.22318,0.17313,0.15174,0.17963,0.23122,0.23399,0.21312,0.13968,0.19307,0.16974,0.2096,0.1849,0.20883,0.28788,0.24098,0.21421,0.12343,0.35919,0.12811,0.078001,0.16913,0.17508,0.22556,0.30069,0.14555,0.173,0.17766,0.189,0.2727,0.28967,0.18402,0.1332,0.30356,0.22997,0.084239,0.27081,0.19439,0.16163,0.086089,0.2534,0.17166,0.31792,0.33722,0.26952,0.25773,0.14904,0.094635,0.18305,0.12584,0.037748
0.39532,0.45279,0.47555,0.53957,0.35826,0.56574,0.55745,0.41915,0.58058,0.47096,0.5281,0.53741,0.24629,0.4612,0.59987,0.61602,0.55942,0.54665,0.47978,0.52201,0.54404,0.44674,0.26959,0.47948,0.43243,0.59445,0.50197,0.44797,0.55861,0.52639,0.29324,0.44324,0.48954,0.53804,0.40451,0.50563,0.37461,0.2253,0.22122,0.32087,0.21447,0.17568,0.14594,0.30496,0.37829,0.37396,0.38664,0.29617,0.39645,0.60444,0.33353,0.37946,0.38011,0.33531,0.477,0.43193,0.27234,0.16137,0.24228,0.35573,0.21015,0.59923,0.37204,0.26957,0.40553,0.36464,0.30871,0.43304,0.4172,0.25156,0.3367,0.31301,0.26951
0.10147,0.13644,0.11214,0.12349,0.12645,0.1041,0.15643,0.11017,0.045865,0.13917,0.13227,0.13556,0.11501,0.1973,0.13905,0.080718,0.12775,0.11267,0.10749,0.14283,0.16303,0.18919,0.078851,0.13855,0.10774,0.096836,0.11796,0.14546,0.14906,0.12958,0.095508,0.12668,0.11926,0.15045,0.10675,0.13467,0.2891,0.2631,0.18343,0.19838,0.3311,0.18399,0.2752,0.22726,0.083178,0.21505,0.2832,0.15434,0.18672,0.13529,0.1187,0.28447,0.2488,0.18767,0.13075,0.33628,0.27765,0.076571,0.21664,0.23793,0.26779,0.081369,0.21002,0.10077,0.31016,0.30744,0.30884,0.23507,0.10966,0.093137,0.32239,0.2922,0.039241
0.74419,0.63865,0.5873,0.51738,0.74119,0.50398,0.48356,0.71168,0.5493,0.58853,0.50687,0.49987,0.83781,0.5717,0.40148,0.4294,0.46149,0.50439,0.63639,0.51729,0.42651,0.5798,0.85759,0.58708,0.69929,0.39183,0.59935,0.611,0.4156,0.52345,0.84156,0.6529,0.60806,0.54771,0.71191,0.54458,0.4765,0.58599,0.8128,0.51231,0.45776,0.80334,0.88015,0.69692,0.86263,0.47705,0.44802,0.84269,0.52397,0.54852,0.58875,0.49368,0.53939,0.73325,0.63563,0.38969,0.59094,0.85025,0.72718,0.71452,0.64465,0.61889,0.66217,0.80431,0.3546,0.43252,0.50887,0.54743,0.56541,0.89607,0.64338,0.53587,0.54495
0.11012,0.13228,0.16444,0.12699,0.12447,0.088277,0.1235,0.091237,0.045952,0.14394,0.1325,0.15015,0.11282,0.1593,0.10216,0.076009,0.11805,0.11269,0.093604,0.12873,0.15652,0.16319,0.085979,0.14489,0.11577,0.11721,0.11921,0.15514,0.15603,0.13146,0.094813,0.12252,0.099055,0.13988,0.11918,0.13809,0.26758,0.38139,0.20381,0.12967,0.38716,0.16889,0.065082,0.24368,0.093643,0.19693,0.29413,0.13476,0.16013,0.097948,0.19287,0.27713,0.26083,0.19745,0.15669,0.25345,0.28999,0.12343,0.22329,0.17394,0.22654,0.058489,0.24236,0.18137,0.29315,0.30485,0.29943,0.24729,0.16678,0.092235,0.1925,0.16229,0.037854
0.37572,0.44902,0.4822,0.53674,0.37575,0.55028,0.49028,0.43346,0.56513,0.47555,0.5387,0.51283,0.27692,0.44989,0.57092,0.60458,0.56097,0.54881,0.47226,0.50415,0.55298,0.42162,0.27197,0.47401,0.42167,0.61883,0.47212,0.44758,0.55185,0.51949,0.27703,0.44949,0.49688,0.44786,0.40332,0.52087,0.32232,0.19273,0.21886,0.68003,0.26355,0.37237,0.096109,0.30706,0.20413,0.54824,0.38574,0.30179,0.57399,0.39532,0.60229,0.36462,0.32946,0.21962,0.3818,0.32999,0.26226,0.41776,0.28971,0.35349,0.17577,0.4515,0.27044,0.28374,0.37657,0.33436,0.27852,0.42473,0.59924,0.11093,0.18794,0.47811,0.77947
0.17028,0.19683,0.1999,0.18941,0.16856,0.19322,0.28589,0.15595,0.082235,0.2091,0.20581,0.22175,0.16086,0.23699,0.24081,0.13309,0.2142,0.17971,0.18249,0.24907,0.24303,0.2769,0.1155,0.21702,0.17227,0.13681,0.21652,0.21294,0.24113,0.21308,0.13975,0.1848,0.17633,0.23995,0.18137,0.19367,0.30126,0.27446,0.2023,0.1821,0.26802,0.14687,0.25421,0.15573,0.072815,0.21998,0.29475,0.14042,0.20601,0.29414,0.1159,0.29748,0.28028,0.20053,0.12888,0.39079,0.25264,0.061629,0.19606,0.21431,0.23429,0.079013,0.21481,0.11319,0.36343,0.33417,0.27453,0.24507,0.10332,0.096005,0.24015,0.36188,0.05107
0.18119,0.19659,0.16013,0.15525,0.21919,0.15044,0.1675,0.18118,0.11228,0.19623,0.17247,0.17165,0.21906,0.2169,0.1418,0.1142,0.15195,0.1496,0.16864,0.16507,0.16383,0.21705,0.19106,0.17403,0.1835,0.13658,0.16616,0.19019,0.15573,0.17006,0.19272,0.19575,0.16622,0.17887,0.19781,0.16904,0.32006,0.23042,0.19027,0.18942,0.31958,0.22351,0.19611,0.28278,0.10593,0.27639,0.28077,0.133,0.24815,0.13875,0.17614,0.27673,0.27954,0.25717,0.28142,0.27422,0.32824,0.13085,0.22952,0.19771,0.36785,0.12522,0.24354,0.20716,0.27645,0.28049,0.34249,0.22293,0.18207,0.2129,0.37349,0.23228,0.090232
0.15797,0.15568,0.16776,0.13822,0.17811,0.10172,0.10631,0.13864,0.067003,0.12132,0.11748,0.13938,0.15973,0.21548,0.11648,0.06943,0.13796,0.123,0.13328,0.15188,0.12999,0.20096,0.13297,0.14009,0.1438,0.08169,0.086854,0.15699,0.1359,0.14023,0.13506,0.16416,0.12043,0.1838,0.12293,0.14594,0.3047,0.39116,0.34753,0.11822,0.22921,0.34903,0.14319,0.32981,0.17793,0.25851,0.29085,0.21734,0.1711,0.084909,0.28502,0.29513,0.34882,0.35859,0.19557,0.22997,0.37016,0.24206,0.33015,0.24547,0.4342,0.11301,0.32535,0.17891,0.27139,0.30088,0.33302,0.22986,0.22764,0.29488,0.30806,0.14627,0.01967
0.21311,0.23295,0.25714,0.21256,0.21965,0.17139,0.21893,0.22243,0.097379,0.23395,0.22329,0.26196,0.26982,0.26878,0.18586,0.14554,0.25893,0.25932,0.2005,0.2594,0.22487,0.29792,0.22047,0.23728,0.24082,0.15208,0.13647,0.25159,0.23294,0.23087,0.21788,0.23437,0.18268,0.27501,0.23215,0.22817,0.31654,0.27879,0.30915,0.11229,0.41771,0.22275,0.1459,0.25627,0.35778,0.30409,0.31058,0.25452,0.19132,0.28042,0.23224,0.34081,0.33244,0.27146,0.1422,0.35448,0.26099,0.15771,0.3205,0.31579,0.20263,0.08395,0.30114,0.22234,0.36294,0.35916,0.31595,0.30816,0.23624,0.21774,0.29241,0.16278,0.028281
0.63593,0.61719,0.59123,0.64061,0.60089,0.6767,0.65559,0.62613,0.70901,0.64295,0.63681,0.61946,0.557,0.55883,0.64952,0.6853,0.60904,0.62644,0.6489,0.59875,0.63686,0.54499,0.62057,0.62769,0.61891,0.66662,0.67185,0.61221,0.625,0.627,0.63336,0.60882,0.65614,0.59902,0.63155,0.62207,0.41901,0.31827,0.35544,0.36616,0.20544,0.25811,0.25192,0.4743,0.64666,0.37971,0.38202,0.52121,0.49387,0.69063,0.39152,0.39312,0.38841,0.46679,0.70718,0.48992,0.28747,0.32782,0.37389,0.48158,0.20087,0.77749,0.45205,0.60555,0.42318,0.37704,0.35882,0.48179,0.46258,0.56775,0.43238,0.38295,0.31349
0.14774,0.1695,0.18538,0.14316,0.17908,0.1002,0.15069,0.18816,0.079435,0.13259,0.13115,0.15682,0.17437,0.2328,0.13737,0.099517,0.17163,0.13738,0.14117,0.18765,0.15958,0.23212,0.14507,0.1357,0.16968,0.074935,0.11255,0.16552,0.16842,0.15504,0.14326,0.17431,0.12569,0.18491,0.12959,0.14069,0.31999,0.35602,0.3098,0.16419,0.47016,0.34788,0.61241,0.20486,0.25796,0.23383,0.35866,0.31322,0.23626,0.11809,0.19489,0.3189,0.27571,0.27523,0.12349,0.30524,0.32074,0.15055,0.28205,0.29448,0.32426,0.083476,0.26988,0.20676,0.29648,0.32306,0.34061,0.29201,0.10775,0.28585,0.33328,0.42312,0.028459
0.15694,0.16403,0.17384,0.12517,0.20155,0.10901,0.11504,0.14531,0.070634,0.12209,0.11182,0.13814,0.16339,0.22879,0.11743,0.06615,0.13608,0.13195,0.12065,0.16527,0.12052,0.2088,0.14588,0.12763,0.13059,0.07891,0.094178,0.16592,0.14865,0.13654,0.14283,0.18014,0.11085,0.16923,0.10818,0.13753,0.32085,0.28308,0.36442,0.13073,0.21783,0.47015,0.22959,0.28749,0.19545,0.27117,0.29035,0.16833,0.18544,0.095214,0.36549,0.27392,0.36428,0.36705,0.20352,0.23672,0.46599,0.23106,0.39912,0.23858,0.52555,0.14587,0.37266,0.17805,0.24744,0.3007,0.3433,0.25574,0.17843,0.38349,0.36194,0.19394,0.024512
0.15163,0.15289,0.16663,0.1597,0.15681,0.11199,0.12817,0.15097,0.069237,0.13229,0.1347,0.17618,0.19573,0.21451,0.1237,0.082644,0.16372,0.1392,0.1417,0.14636,0.15126,0.22632,0.16099,0.16656,0.16807,0.088123,0.097545,0.15648,0.14281,0.16161,0.14055,0.15978,0.11542,0.20348,0.13694,0.16177,0.29139,0.39675,0.31077,0.10554,0.36901,0.26346,0.12212,0.34634,0.22976,0.24871,0.31296,0.23328,0.17167,0.12751,0.20293,0.35008,0.32742,0.29479,0.1564,0.27051,0.31929,0.2117,0.2688,0.29466,0.25829,0.062028,0.26772,0.18646,0.32511,0.33003,0.31827,0.28215,0.26256,0.22183,0.3064,0.13019,0.020485
0.61877,0.61141,0.59805,0.63375,0.62016,0.6467,0.60412,0.60943,0.66879,0.63546,0.65262,0.60944,0.63082,0.53096,0.6426,0.67005,0.62114,0.63782,0.63628,0.60529,0.62846,0.52271,0.6371,0.63396,0.61771,0.69706,0.67055,0.60535,0.61125,0.62684,0.63599,0.60427,0.65391,0.56632,0.65246,0.64722,0.35599,0.21451,0.35146,0.85868,0.287,0.34965,0.17246,0.50903,0.40556,0.62008,0.36929,0.55934,0.67852,0.55052,0.63477,0.38406,0.34242,0.32517,0.55943,0.39853,0.27939,0.79953,0.3883,0.47205,0.21966,0.57049,0.37372,0.59059,0.39457,0.34642,0.33413,0.4796,0.73261,0.26168,0.30029,0.50758,0.94687
0.23189,0.25053,0.27154,0.21029,0.21594,0.20083,0.28234,0.24642,0.12189,0.21841,0.20789,0.24441,0.2631,0.28544,0.23449,0.16517,0.24896,0.21409,0.21694,0.27221,0.22692,0.32668,0.23135,0.22434,0.24747,0.12581,0.1774,0.25653,0.26488,0.23293,0.21668,0.26208,0.20529,0.28038,0.21399,0.19464,0.33468,0.44695,0.32381,0.16276,0.30465,0.27841,0.53463,0.14647,0.21366,0.23819,0.34519,0.2941,0.26374,0.28812,0.18815,0.33375,0.28749,0.29783,0.14397,0.36967,0.27562,0.12492,0.28651,0.31274,0.22669,0.081861,0.29066,0.24813,0.37902,0.34905,0.31727,0.2986,0.10867,0.28051,0.28783,0.49885,0.038073
0.13779,0.15772,0.1796,0.13299,0.17413,0.096169,0.11765,0.16639,0.070554,0.12477,0.11737,0.14921,0.16932,0.23019,0.11853,0.083228,0.14256,0.12967,0.11993,0.16317,0.13237,0.21236,0.14404,0.12364,0.14569,0.066436,0.10102,0.15952,0.14808,0.13361,0.14414,0.15859,0.10174,0.16758,0.11518,0.13383,0.31999,0.24046,0.32163,0.14222,0.38847,0.38815,0.36934,0.27447,0.23325,0.25526,0.32647,0.18951,0.20135,0.10827,0.24584,0.28983,0.31798,0.29664,0.16283,0.25204,0.36909,0.18225,0.32314,0.23861,0.42702,0.10651,0.30259,0.17881,0.24772,0.30453,0.33618,0.26566,0.13219,0.34354,0.35162,0.25556,0.02491
0.12193,0.15684,0.13782,0.11602,0.168,0.11401,0.10721,0.12589,0.049356,0.12849,0.10791,0.18696,0.14863,0.17949,0.15885,0.085439,0.14307,0.11664,0.12885,0.1128,0.1119,0.18812,0.11152,0.11629,0.13143,0.087257,0.08003,0.13003,0.12794,0.12897,0.1285,0.14504,0.11513,0.16372,0.13777,0.12099,0.29188,0.44373,0.34576,0.16959,0.17283,0.35532,0.13185,0.26383,0.15114,0.40418,0.30392,0.19305,0.284,0.18738,0.22359,0.32598,0.31437,0.30473,0.15387,0.28371,0.36819,0.31234,0.29781,0.34895,0.43651,0.1387,0.33145,0.4243,0.2824,0.34506,0.37748,0.27451,0.24047,0.28523,0.31498,0.25382,0.012177
0.22269,0.22171,0.257,0.21702,0.21947,0.17084,0.20794,0.25522,0.085468,0.26076,0.25326,0.2777,0.24936,0.30589,0.23606,0.16871,0.25339,0.27463,0.23336,0.22388,0.244,0.3145,0.19742,0.21193,0.2724,0.16254,0.13146,0.25837,0.25366,0.28566,0.22666,0.24261,0.1789,0.25131,0.23976,0.23888,0.30005,0.20284,0.26911,0.12751,0.4197,0.21263,0.15128,0.13269,0.27408,0.30782,0.27235,0.22833,0.17385,0.31449,0.17421,0.32244,0.37048,0.23413,0.10504,0.3602,0.25325,0.129,0.26188,0.26753,0.25684,0.067457,0.27823,0.099612,0.36009,0.33346,0.305,0.25218,0.22488,0.20085,0.2899,0.20052,0.013482
0.59575,0.5938,0.59443,0.61924,0.57776,0.6531,0.64433,0.58152,0.67994,0.5983,0.62172,0.52677,0.53295,0.53114,0.59596,0.65839,0.59165,0.59722,0.59723,0.63428,0.62646,0.51803,0.55091,0.611,0.56212,0.65394,0.66693,0.57732,0.6063,0.5728,0.57162,0.58451,0.64606,0.57848,0.5785,0.61087,0.43458,0.31489,0.36265,0.33989,0.17054,0.2777,0.24586,0.40885,0.57218,0.26981,0.36409,0.50345,0.42006,0.61927,0.38788,0.36822,0.39566,0.4452,0.69727,0.46276,0.2798,0.30118,0.33312,0.34766,0.29199,0.71752,0.44572,0.40595,0.41505,0.33738,0.33622,0.46364,0.44137,0.3971,0.47725,0.29819,0.28028
0.13426,0.15572,0.17652,0.12241,0.16126,0.10715,0.13877,0.17494,0.067663,0.14185,0.11634,0.19568,0.15911,0.22038,0.16481,0.11304,0.15743,0.15328,0.13991,0.16562,0.15495,0.20009,0.15167,0.12762,0.17629,0.087612,0.092417,0.13923,0.16105,0.148,0.14577,0.15877,0.12524,0.16248,0.15932,0.12638,0.31468,0.33788,0.33284,0.11248,0.51438,0.34967,0.61732,0.15306,0.25094,0.19747,0.37685,0.35419,0.23053,0.11188,0.21635,0.28034,0.25226,0.24741,0.089334,0.29596,0.30711,0.19727,0.29212,0.24831,0.28904,0.060694,0.25881,0.15403,0.29299,0.31986,0.32722,0.24901,0.12458,0.23344,0.29047,0.38001,0.013664
0.3095,0.33674,0.30325,0.27141,0.35624,0.26418,0.22331,0.3535,0.21998,0.27354,0.20455,0.36092,0.42254,0.29215,0.27665,0.17399,0.27786,0.22763,0.33515,0.23603,0.2109,0.30246,0.4536,0.29082,0.32874,0.22632,0.19626,0.32298,0.2705,0.24445,0.41259,0.33404,0.23713,0.31475,0.305,0.25321,0.37048,0.31693,0.37833,0.27053,0.22317,0.46242,0.29576,0.63442,0.51703,0.31347,0.33161,0.18676,0.37579,0.27564,0.38615,0.38456,0.36363,0.56474,0.38808,0.27929,0.5136,0.35694,0.54119,0.5044,0.38913,0.43289,0.41624,0.34035,0.26581,0.36413,0.3191,0.39501,0.34713,0.64959,0.31984,0.34063,0.20226
0.13133,0.1625,0.14819,0.13884,0.16098,0.12059,0.12427,0.16546,0.053262,0.13402,0.14382,0.1926,0.16826,0.20639,0.17264,0.10321,0.15659,0.15142,0.15697,0.12406,0.15428,0.23238,0.15503,0.13915,0.17247,0.096016,0.093971,0.14036,0.14931,0.17257,0.1443,0.15338,0.1122,0.18473,0.13606,0.14493,0.2767,0.36441,0.29384,0.1379,0.33176,0.23321,0.12939,0.1797,0.18564,0.26756,0.29355,0.19527,0.17481,0.14446,0.14985,0.32203,0.33357,0.251,0.076521,0.30645,0.31438,0.20774,0.20443,0.34239,0.2599,0.057883,0.24379,0.085191,0.34036,0.31798,0.30987,0.24516,0.24452,0.22851,0.30839,0.21138,0.010355
0.62663,0.57409,0.58048,0.63084,0.57873,0.62465,0.60164,0.55899,0.67697,0.61635,0.6359,0.5448,0.57476,0.5376,0.57636,0.66456,0.60155,0.62228,0.58946,0.57951,0.60728,0.5425,0.56388,0.62751,0.58908,0.6671,0.66652,0.60532,0.58111,0.63029,0.57404,0.57805,0.63276,0.5821,0.62416,0.63092,0.34401,0.17359,0.34768,0.83699,0.27988,0.3533,0.19497,0.43951,0.34757,0.56457,0.33492,0.57081,0.60052,0.54247,0.68434,0.37753,0.38091,0.26932,0.52254,0.37188,0.27997,0.703,0.33462,0.34775,0.31928,0.4934,0.35862,0.38079,0.37963,0.32898,0.30895,0.48074,0.67585,0.24817,0.34355,0.49924,0.93781
0.20503,0.23511,0.23355,0.19624,0.22317,0.1846,0.26477,0.25186,0.10504,0.21053,0.20927,0.26132,0.22701,0.30154,0.27526,0.16303,0.24123,0.2253,0.22845,0.29194,0.24137,0.28531,0.23745,0.20633,0.24997,0.14035,0.15668,0.23229,0.26751,0.22402,0.21117,0.2561,0.20878,0.23675,0.21188,0.20667,0.32089,0.48006,0.32072,0.11759,0.27491,0.30229,0.50772,0.082973,0.20014,0.17845,0.34358,0.25702,0.24421,0.22215,0.1947,0.2862,0.28362,0.26173,0.11904,0.31684,0.25758,0.13349,0.27354,0.2263,0.24797,0.053994,0.28738,0.16922,0.37131,0.31333,0.31552,0.23241,0.12937,0.21481,0.32092,0.37858,0.014616
0.12131,0.157,0.15756,0.10712,0.16156,0.10544,0.11564,0.1478,0.051953,0.14254,0.11568,0.19896,0.13214,0.18851,0.14939,0.093614,0.13641,0.1341,0.12622,0.12313,0.12668,0.18974,0.13314,0.10755,0.11831,0.073509,0.082191,0.13835,0.14477,0.12121,0.13679,0.13521,0.093663,0.14413,0.13173,0.11478,0.31898,0.23392,0.33512,0.14185,0.43188,0.38039,0.34368,0.29536,0.22125,0.33105,0.36403,0.25803,0.25971,0.17136,0.21113,0.31552,0.27328,0.26439,0.16533,0.27813,0.3469,0.27104,0.35329,0.28333,0.43847,0.14313,0.32121,0.56975,0.25294,0.33685,0.38922,0.28769,0.16572,0.28998,0.29355,0.32968,0.011332
