0.24532,0.31175,0.31089,0.26911,0.26879,0.29057,0.29325,0.22307,0.2572,0.19926,0.25327,0.23564,0.17452,0.26393,0.33554,0.26936,0.28749,0.21641,0.28562,0.29375,0.28174,0.21459,0.15166,0.12388,0.29353,0.24341,0.13579,0.30562
0.20203,0.35478,0.39519,0.26018,0.44104,0.32245,0.30874,0.2314,0.27028,0.17936,0.33959,0.22747,0.16032,0.2496,0.26425,0.22273,0.26745,0.19667,0.14941,0.25932,0.24218,0.19783,0.1718,0.14177,0.25848,0.19408,0.10329,0.31311
0.4409,0.43093,0.44168,0.46288,0.41385,0.37729,0.50199,0.38428,0.35535,0.69063,0.41456,0.41789,0.53102,0.40786,0.42498,0.5591,0.37711,0.56806,0.56286,0.4547,0.49045,0.55163,0.67953,0.65074,0.51468,0.61066,0.72819,0.46621
0.36239,0.27023,0.23393,0.30082,0.23788,0.35207,0.2727,0.42601,0.40956,0.23058,0.34649,0.36746,0.38199,0.36591,0.28577,0.23074,0.34771,0.24871,0.17838,0.26806,0.33068,0.19751,0.15991,0.08957,0.24286,0.1397,0.08253,0.27654
0.56307,0.36699,0.31846,0.5177,0.33357,0.43222,0.39554,0.47306,0.46591,0.41636,0.39279,0.54509,0.5319,0.47939,0.46117,0.48091,0.51036,0.53611,0.53972,0.50564,0.42982,0.57523,0.3544,0.59515,0.43705,0.50954,0.28057,0.40267
0.2178,0.37784,0.41538,0.30287,0.44721,0.33865,0.3168,0.24854,0.28669,0.18286,0.33872,0.23206,0.1823,0.25228,0.28941,0.22605,0.27707,0.20494,0.16336,0.26464,0.28716,0.17304,0.11647,0.09886,0.248,0.173,0.09385,0.31088
0.20553,0.31554,0.33827,0.23683,0.32469,0.27186,0.29278,0.20657,0.22182,0.31709,0.29644,0.20417,0.19238,0.26165,0.26977,0.31959,0.25456,0.30506,0.33698,0.30488,0.28789,0.3535,0.50617,0.38088,0.37237,0.368,0.56991,0.32261
0.29892,0.29279,0.24455,0.2664,0.23242,0.32439,0.29485,0.38774,0.36127,0.21402,0.32786,0.33407,0.31464,0.34375,0.27986,0.2408,0.27066,0.22655,0.17077,0.25382,0.3126,0.19142,0.1724,0.13204,0.24313,0.17847,0.081816,0.28788
0.27772,0.2355,0.2217,0.26132,0.18609,0.25421,0.25062,0.29815,0.29623,0.21162,0.25335,0.28063,0.25245,0.29607,0.32827,0.26354,0.32764,0.23681,0.29452,0.29107,0.25351,0.22142,0.18712,0.080608,0.26985,0.2319,0.1216,0.2626
0.27114,0.35669,0.33025,0.30813,0.26008,0.27371,0.28467,0.2177,0.27981,0.18918,0.23828,0.24855,0.29103,0.29293,0.33637,0.24519,0.3284,0.20634,0.29421,0.31915,0.27904,0.26625,0.1689,0.12718,0.28369,0.24611,0.15736,0.30595
0.32218,0.41749,0.39217,0.38386,0.46009,0.36456,0.33194,0.2456,0.29133,0.25551,0.35401,0.27874,0.38177,0.32176,0.25636,0.25315,0.28708,0.22782,0.19366,0.29984,0.2594,0.24791,0.16182,0.196,0.257,0.22408,0.1231,0.33923
0.63177,0.40766,0.50336,0.53626,0.48706,0.51328,0.55665,0.54108,0.47829,0.78946,0.57718,0.62996,0.54197,0.47311,0.5178,0.64344,0.46102,0.67229,0.60924,0.48208,0.59057,0.62022,0.72018,0.77035,0.56832,0.65653,0.74165,0.49525
0.24636,0.22232,0.20712,0.19502,0.19645,0.28599,0.25956,0.3884,0.38381,0.10715,0.24537,0.28352,0.24587,0.32387,0.27973,0.2515,0.31881,0.29038,0.19733,0.30046,0.31416,0.22579,0.15404,0.13107,0.28311,0.17258,0.094063,0.28652
0.21559,0.23961,0.21742,0.24975,0.16349,0.21127,0.24705,0.2398,0.25662,0.12999,0.19888,0.25925,0.17696,0.29731,0.34047,0.25312,0.33464,0.21251,0.37357,0.33462,0.22849,0.2995,0.25204,0.11749,0.28485,0.3296,0.18624,0.27869
0.32753,0.46148,0.43869,0.40759,0.44098,0.36839,0.34573,0.26741,0.30186,0.25001,0.34154,0.27332,0.43657,0.31496,0.29807,0.24387,0.31387,0.22304,0.20775,0.31614,0.31291,0.21116,0.12448,0.1363,0.25391,0.20486,0.11183,0.33603
0.3466,0.32372,0.34087,0.3394,0.38604,0.36575,0.32692,0.27943,0.29669,0.39487,0.38214,0.32086,0.32622,0.32176,0.29855,0.37771,0.30598,0.36868,0.39935,0.30988,0.34047,0.42275,0.50059,0.5011,0.38212,0.41233,0.56983,0.33556
0.22487,0.24834,0.20851,0.21589,0.21663,0.28456,0.28653,0.39149,0.3607,0.13224,0.27728,0.28427,0.23102,0.32613,0.29958,0.26904,0.27692,0.27593,0.1969,0.27267,0.28,0.23138,0.18581,0.19559,0.29094,0.19538,0.098504,0.30539
0.19577,0.21447,0.20359,0.20433,0.16633,0.22758,0.24893,0.29708,0.29259,0.1063,0.21301,0.23989,0.18337,0.29054,0.30183,0.24475,0.33864,0.24938,0.29129,0.32127,0.25083,0.25575,0.1968,0.11382,0.27204,0.26372,0.13987,0.25974
0.27252,0.36132,0.31725,0.35316,0.30137,0.28833,0.30928,0.27994,0.2892,0.29198,0.33854,0.30237,0.38935,0.32553,0.3112,0.25776,0.29865,0.20448,0.37422,0.4323,0.25505,0.2407,0.24601,0.27469,0.37077,0.24309,0.16785,0.31891
0.37901,0.42496,0.3805,0.39309,0.43138,0.39106,0.33103,0.29036,0.33515,0.39024,0.33828,0.36098,0.41066,0.33861,0.21944,0.26505,0.32348,0.19325,0.17133,0.28573,0.2305,0.22898,0.11598,0.17727,0.20906,0.19103,0.075625,0.32705
0.58346,0.38053,0.61195,0.5272,0.47094,0.54792,0.54009,0.52264,0.50701,0.6067,0.50864,0.5759,0.44152,0.48097,0.51959,0.59652,0.51256,0.67052,0.55631,0.47363,0.57638,0.65862,0.70432,0.69176,0.50972,0.65125,0.75512,0.49522
0.13302,0.22395,0.1418,0.13197,0.21041,0.17484,0.24877,0.27655,0.25704,0.13594,0.19286,0.20203,0.16332,0.24234,0.3159,0.25898,0.25783,0.2974,0.1827,0.23775,0.31849,0.20956,0.064345,0.1213,0.2503,0.14839,0.068347,0.29304
0.32906,0.27151,0.19987,0.29218,0.22283,0.1998,0.27979,0.36758,0.36039,0.17881,0.33353,0.2344,0.22403,0.35541,0.35781,0.33607,0.31538,0.31555,0.40718,0.28706,0.32153,0.32869,0.30254,0.26471,0.36795,0.41739,0.31758,0.28397
0.41199,0.46519,0.4452,0.41949,0.46536,0.40784,0.34178,0.34678,0.35911,0.42052,0.37068,0.38456,0.47863,0.33261,0.25791,0.26487,0.30963,0.22583,0.19495,0.30927,0.27103,0.18212,0.083262,0.11721,0.2083,0.17497,0.07307,0.32858
0.33299,0.31395,0.29099,0.30942,0.33855,0.39108,0.33905,0.30331,0.32476,0.35018,0.34583,0.34633,0.28378,0.32873,0.28333,0.35161,0.37055,0.32309,0.34281,0.28175,0.33657,0.40131,0.50432,0.44886,0.30868,0.39157,0.50452,0.34546
0.13725,0.23287,0.14229,0.16338,0.21205,0.19164,0.25048,0.27731,0.25238,0.16155,0.21152,0.20867,0.159,0.24904,0.29122,0.264,0.26916,0.26699,0.17149,0.2286,0.26999,0.23571,0.12983,0.18614,0.24098,0.18432,0.072266,0.28793
0.12705,0.22574,0.12969,0.20387,0.17662,0.19279,0.26141,0.25174,0.2299,0.13522,0.24901,0.19852,0.2702,0.28674,0.35436,0.25286,0.26802,0.23767,0.37013,0.37533,0.2918,0.23251,0.23693,0.28261,0.40518,0.25707,0.15893,0.2633
0.3706,0.36099,0.36287,0.33036,0.32951,0.32767,0.35679,0.31913,0.33085,0.33333,0.30823,0.32331,0.34337,0.34543,0.34694,0.32412,0.2937,0.29589,0.37353,0.34139,0.35033,0.26505,0.24126,0.15681,0.28786,0.30728,0.20336,0.35502
0.32584,0.41049,0.4528,0.37158,0.51982,0.37856,0.43718,0.32752,0.35648,0.37709,0.40755,0.33206,0.40533,0.34497,0.26498,0.26228,0.30634,0.19774,0.19236,0.292,0.28025,0.22867,0.2554,0.21941,0.26321,0.23109,0.14936,0.32427
0.21497,0.26576,0.24561,0.22939,0.19524,0.28095,0.245,0.27479,0.23818,0.26291,0.28781,0.22625,0.20151,0.27686,0.28192,0.29325,0.25051,0.2721,0.23843,0.2906,0.24678,0.3658,0.423,0.34271,0.26995,0.35921,0.58434,0.27149
0.23636,0.23753,0.22073,0.31338,0.16376,0.27789,0.19346,0.30586,0.29187,0.24214,0.25928,0.26876,0.23993,0.28301,0.31535,0.28375,0.3507,0.23652,0.22127,0.2913,0.35718,0.26253,0.25059,0.13511,0.25874,0.17397,0.11245,0.28653
0.58273,0.38416,0.34215,0.44362,0.32659,0.4344,0.41532,0.48955,0.49988,0.49307,0.42666,0.56883,0.4771,0.47227,0.50058,0.56921,0.52411,0.69543,0.66103,0.51372,0.49032,0.59648,0.51716,0.76514,0.64838,0.63184,0.39235,0.48365
0.37209,0.46341,0.48464,0.42498,0.54267,0.40066,0.48259,0.35766,0.37601,0.38584,0.40213,0.34415,0.47141,0.36227,0.29591,0.26738,0.31388,0.20504,0.21453,0.31744,0.32581,0.20817,0.21852,0.15149,0.26133,0.20039,0.14331,0.36069
0.25509,0.30778,0.32475,0.25607,0.30984,0.31505,0.30668,0.262,0.28773,0.2978,0.34103,0.2579,0.24501,0.30589,0.26682,0.28533,0.26323,0.26336,0.24209,0.29665,0.24539,0.35987,0.4187,0.35099,0.27994,0.35229,0.59871,0.28624
0.22671,0.2472,0.22735,0.28915,0.17737,0.28339,0.2097,0.31927,0.26563,0.2625,0.27157,0.26132,0.23314,0.2826,0.28673,0.28294,0.29431,0.23829,0.19663,0.26858,0.31808,0.26341,0.23983,0.19712,0.23955,0.21116,0.12316,0.26257
0.24465,0.23652,0.21244,0.27448,0.16626,0.25363,0.20163,0.28918,0.27729,0.26323,0.23452,0.29143,0.23527,0.27782,0.37272,0.32036,0.32397,0.30247,0.37068,0.32256,0.31981,0.27689,0.29454,0.14498,0.28895,0.29109,0.1847,0.31316
0.40087,0.3909,0.36619,0.36488,0.3282,0.35215,0.37525,0.32541,0.34232,0.32936,0.35587,0.34816,0.36482,0.36272,0.34696,0.30976,0.31592,0.28465,0.39912,0.41802,0.36595,0.32896,0.31116,0.21054,0.28412,0.32871,0.23652,0.35053
0.44137,0.46244,0.40916,0.45941,0.52901,0.43762,0.42224,0.36919,0.36794,0.40145,0.45872,0.38865,0.48812,0.40085,0.27433,0.32681,0.32754,0.27965,0.24602,0.3302,0.35489,0.29153,0.2632,0.3227,0.29296,0.27671,0.18244,0.35857
0.2505,0.24316,0.28752,0.25526,0.23561,0.30579,0.29581,0.31273,0.30068,0.34083,0.29589,0.28798,0.2119,0.28947,0.35835,0.35567,0.35247,0.37946,0.30759,0.24589,0.29053,0.41123,0.42384,0.53286,0.37837,0.39355,0.58384,0.30678
0.23637,0.20873,0.28431,0.23729,0.19128,0.24397,0.23721,0.33179,0.3527,0.2799,0.21868,0.30683,0.23227,0.28283,0.32565,0.34164,0.3557,0.36304,0.24881,0.29053,0.33956,0.27262,0.20184,0.22579,0.37681,0.25648,0.13343,0.31785
0.28302,0.25858,0.27258,0.26683,0.20807,0.24992,0.27266,0.28871,0.28282,0.2793,0.25553,0.32731,0.20689,0.31751,0.36981,0.3265,0.27543,0.34376,0.49936,0.40272,0.2973,0.37228,0.48325,0.2004,0.2993,0.43003,0.30317,0.3353
0.48106,0.51894,0.44277,0.49787,0.52562,0.46393,0.4789,0.40609,0.38548,0.37991,0.46615,0.39101,0.55926,0.41197,0.30255,0.305,0.36524,0.2558,0.27163,0.39596,0.41658,0.26674,0.19293,0.22855,0.29574,0.2505,0.17209,0.38217
0.32435,0.3117,0.33866,0.31456,0.34749,0.36422,0.33237,0.29353,0.3144,0.38319,0.37706,0.32314,0.2879,0.33648,0.32108,0.3527,0.33955,0.34452,0.31277,0.26999,0.31093,0.41581,0.42424,0.52395,0.33037,0.39113,0.60162,0.31383
0.24498,0.2263,0.28164,0.24825,0.21798,0.25159,0.24751,0.34727,0.33358,0.30898,0.23632,0.30387,0.22885,0.28059,0.34201,0.35477,0.34322,0.38151,0.23339,0.24761,0.30599,0.29281,0.24457,0.32569,0.38823,0.25055,0.14576,0.29927
0.22153,0.2147,0.2657,0.23377,0.1802,0.24033,0.2483,0.30799,0.3064,0.26669,0.21654,0.3063,0.19729,0.28538,0.34859,0.32262,0.31578,0.34213,0.38497,0.34371,0.29695,0.30815,0.32082,0.20863,0.3336,0.36226,0.21761,0.32687
0.321,0.34601,0.33098,0.41444,0.356,0.37161,0.3585,0.3114,0.33254,0.3469,0.43259,0.33458,0.47263,0.35237,0.32962,0.32973,0.30889,0.26103,0.47213,0.56341,0.33983,0.32203,0.41113,0.38472,0.46056,0.29263,0.29505,0.36187
0.38752,0.4157,0.38885,0.37116,0.4624,0.42537,0.37641,0.29277,0.34451,0.40864,0.36081,0.34495,0.37648,0.34833,0.24981,0.31536,0.3463,0.31077,0.20003,0.29515,0.2952,0.27756,0.20952,0.25198,0.20995,0.25775,0.1247,0.35529
0.24528,0.28096,0.29722,0.24438,0.24736,0.29588,0.30206,0.29069,0.30548,0.31816,0.25757,0.30587,0.19422,0.28764,0.3387,0.30784,0.44495,0.36142,0.23068,0.14343,0.28681,0.40178,0.36767,0.46592,0.24761,0.37958,0.43478,0.30727
0.30391,0.28627,0.28108,0.29099,0.22291,0.25726,0.28635,0.38912,0.32977,0.23334,0.25896,0.35049,0.23956,0.32201,0.36655,0.30554,0.22031,0.36266,0.21744,0.17565,0.38615,0.24714,0.1493,0.18806,0.27478,0.23127,0.12811,0.30967
0.44613,0.30657,0.37498,0.38938,0.32399,0.26169,0.34729,0.39104,0.38446,0.34677,0.36804,0.33551,0.30155,0.38412,0.38031,0.45547,0.29133,0.38648,0.52812,0.38802,0.36755,0.45473,0.5288,0.31683,0.43623,0.53202,0.621,0.34521
0.40618,0.44301,0.42952,0.38548,0.48765,0.44858,0.39137,0.34886,0.37469,0.42602,0.42364,0.34094,0.43644,0.33959,0.27579,0.32217,0.32387,0.30727,0.239,0.394,0.35972,0.24225,0.16092,0.17237,0.21003,0.20937,0.13033,0.36446
0.29781,0.31827,0.32528,0.26723,0.32669,0.36527,0.33874,0.25905,0.30212,0.36005,0.30226,0.33299,0.24248,0.31197,0.29435,0.3071,0.47512,0.34353,0.2266,0.1852,0.28066,0.38628,0.36023,0.44204,0.22578,0.36636,0.43852,0.34149
0.28688,0.28717,0.28503,0.29757,0.23968,0.25431,0.28576,0.36317,0.31521,0.256,0.25012,0.32203,0.22036,0.3201,0.34,0.30191,0.27646,0.35395,0.19889,0.15178,0.31806,0.29699,0.21334,0.29039,0.27073,0.24734,0.12248,0.29383
0.24325,0.26937,0.24422,0.29298,0.20395,0.24369,0.29384,0.32824,0.29963,0.24494,0.28352,0.33046,0.38853,0.3246,0.39609,0.32703,0.21484,0.29323,0.45787,0.42524,0.34867,0.3063,0.38569,0.35517,0.49822,0.3578,0.28633,0.31227
0.36239,0.34463,0.35796,0.2844,0.3379,0.33809,0.33478,0.34003,0.34252,0.33922,0.3386,0.32777,0.35686,0.36466,0.27181,0.2797,0.29667,0.25926,0.37096,0.35527,0.32432,0.24874,0.2604,0.12933,0.14823,0.2137,0.21001,0.26449
0.3818,0.40507,0.45999,0.31859,0.4935,0.39714,0.44454,0.35177,0.39175,0.45933,0.39653,0.36159,0.43812,0.38477,0.26954,0.27929,0.31652,0.13874,0.21564,0.30246,0.25686,0.189,0.26068,0.1101,0.099953,0.18272,0.1187,0.27239
0.25786,0.28211,0.21403,0.2538,0.21889,0.27997,0.24368,0.26204,0.25297,0.2699,0.27533,0.27901,0.25136,0.25807,0.43199,0.37977,0.29527,0.38308,0.24063,0.25869,0.33311,0.37812,0.40822,0.17868,0.47529,0.59233,0.6097,0.36918
0.21849,0.25819,0.20377,0.43621,0.19013,0.23841,0.2146,0.2758,0.20456,0.22231,0.24656,0.26281,0.20681,0.25149,0.30998,0.25916,0.26788,0.16542,0.22723,0.30892,0.30372,0.21517,0.24936,0.061859,0.095292,0.12774,0.11495,0.20733
0.50378,0.3861,0.36266,0.35974,0.32103,0.4437,0.39743,0.4943,0.52292,0.3611,0.45109,0.49259,0.38507,0.44546,0.45028,0.51827,0.45847,0.69886,0.63969,0.49719,0.50869,0.64856,0.53357,0.92962,0.6814,0.47087,0.44724,0.38083
0.44106,0.44269,0.53258,0.35966,0.5444,0.44616,0.48484,0.39475,0.41305,0.47838,0.4146,0.38136,0.51158,0.43107,0.249,0.24064,0.31809,0.11095,0.22872,0.33245,0.27726,0.17341,0.23005,0.0859,0.084753,0.14549,0.12382,0.27136
0.25894,0.31152,0.28195,0.24303,0.29249,0.28862,0.30734,0.25311,0.298,0.30942,0.31438,0.28901,0.27217,0.28608,0.3377,0.38442,0.44396,0.3597,0.24583,0.27713,0.33365,0.36305,0.40864,0.19266,0.46996,0.49442,0.53678,0.60497
0.21588,0.25256,0.19786,0.37176,0.20204,0.24097,0.21617,0.28062,0.19556,0.24208,0.25183,0.25451,0.20731,0.24932,0.29643,0.28288,0.28067,0.20377,0.20862,0.26422,0.27235,0.23906,0.24345,0.088132,0.10776,0.16787,0.12256,0.20879
0.21597,0.25495,0.19769,0.32688,0.17993,0.23539,0.22496,0.26999,0.22853,0.19501,0.23206,0.28015,0.21834,0.24666,0.3226,0.27932,0.25602,0.26029,0.37533,0.33998,0.32324,0.271,0.26733,0.13707,0.1702,0.19543,0.19578,0.21971
0.36302,0.35721,0.348,0.30729,0.36069,0.36627,0.33424,0.33222,0.3365,0.33805,0.38206,0.32582,0.36333,0.36794,0.28413,0.24628,0.28241,0.28667,0.38199,0.40493,0.33347,0.31944,0.27244,0.19548,0.15875,0.20203,0.20835,0.25593
0.3889,0.41909,0.40759,0.3402,0.46959,0.42973,0.40182,0.37426,0.39442,0.42197,0.41487,0.37272,0.45837,0.39409,0.32436,0.33118,0.31466,0.23856,0.24635,0.31959,0.3159,0.25987,0.22357,0.31845,0.15818,0.20255,0.13441,0.29078
0.33992,0.31092,0.28592,0.28212,0.24827,0.30552,0.32742,0.30877,0.32446,0.35735,0.29946,0.32276,0.31643,0.29895,0.46457,0.45775,0.37611,0.42635,0.32342,0.25866,0.37648,0.43125,0.51154,0.53265,0.64545,0.65049,0.65916,0.40319
0.30946,0.27964,0.3022,0.43619,0.23901,0.25166,0.27295,0.33963,0.3245,0.27386,0.27003,0.34482,0.22718,0.30137,0.30407,0.29426,0.24541,0.30461,0.26152,0.31624,0.31627,0.24637,0.14269,0.21672,0.19193,0.17102,0.12195,0.21044
0.26486,0.27097,0.27504,0.25819,0.24351,0.26067,0.29038,0.29569,0.27623,0.27146,0.28328,0.31175,0.22946,0.287,0.30384,0.25724,0.24588,0.40909,0.49085,0.38699,0.3132,0.39972,0.4262,0.19568,0.16879,0.23158,0.2852,0.21769
0.42575,0.43845,0.44482,0.37168,0.5092,0.47583,0.41917,0.3935,0.40027,0.42491,0.44297,0.3662,0.51805,0.41713,0.28601,0.26155,0.33912,0.19422,0.25625,0.37881,0.35043,0.25827,0.1439,0.23799,0.15603,0.1614,0.13831,0.30149
0.31045,0.33175,0.32041,0.27279,0.32144,0.33179,0.34114,0.29825,0.32626,0.3194,0.33445,0.30712,0.30243,0.33633,0.36369,0.4636,0.55642,0.38388,0.32459,0.27421,0.37848,0.42082,0.53534,0.53382,0.60229,0.55196,0.5774,0.63625
0.29629,0.27931,0.28945,0.36065,0.24069,0.24893,0.29261,0.3341,0.30495,0.28875,0.2652,0.32502,0.22282,0.29136,0.32103,0.34142,0.27966,0.35023,0.24888,0.27519,0.30212,0.28037,0.19218,0.31264,0.22194,0.20158,0.13042,0.23507
0.26463,0.26104,0.2823,0.33265,0.22531,0.24093,0.28818,0.3098,0.29088,0.25548,0.24619,0.31709,0.20971,0.27331,0.31031,0.25965,0.23706,0.33343,0.38274,0.35038,0.30301,0.31864,0.26044,0.22774,0.17711,0.20184,0.19564,0.21141
0.31072,0.32946,0.32085,0.3116,0.36929,0.35763,0.32618,0.30542,0.32284,0.30929,0.40812,0.31155,0.41354,0.32844,0.29644,0.27247,0.30083,0.21955,0.43744,0.52606,0.30975,0.32473,0.31346,0.44408,0.42853,0.17182,0.22524,0.24703
0.30891,0.37834,0.35503,0.2068,0.37952,0.41496,0.36286,0.30784,0.33066,0.30007,0.37849,0.31424,0.33601,0.31712,0.31001,0.30941,0.24932,0.27151,0.20773,0.24276,0.29121,0.24631,0.1949,0.20293,0.14169,0.20676,0.10895,0.27834
0.30899,0.31636,0.30129,0.2728,0.2521,0.27058,0.32697,0.2954,0.31259,0.42218,0.28146,0.31405,0.31645,0.31364,0.42586,0.41989,0.40607,0.41266,0.34292,0.20866,0.3745,0.41514,0.51597,0.39299,0.43676,0.62818,0.63567,0.41803
0.39932,0.33197,0.34699,0.52664,0.33514,0.3131,0.31733,0.40411,0.36757,0.32711,0.28653,0.38775,0.29387,0.37759,0.33111,0.27875,0.2169,0.33994,0.19157,0.18926,0.34047,0.22673,0.13519,0.15136,0.15964,0.16894,0.10571,0.20714
0.35918,0.30276,0.33646,0.31346,0.32145,0.26389,0.33705,0.34273,0.34098,0.40416,0.31383,0.34955,0.33072,0.32806,0.33934,0.3945,0.32112,0.42524,0.47938,0.45204,0.35963,0.46447,0.40218,0.43394,0.40271,0.34795,0.41379,0.2268
0.33956,0.38791,0.38049,0.20922,0.43122,0.44736,0.3602,0.33702,0.35336,0.30403,0.43634,0.30326,0.36821,0.32083,0.27651,0.26616,0.26352,0.2292,0.20023,0.29849,0.32497,0.23452,0.13469,0.15424,0.14672,0.13377,0.11074,0.28359
0.275,0.32406,0.30601,0.19984,0.28787,0.31747,0.33416,0.2662,0.29611,0.26962,0.30735,0.2841,0.27193,0.31347,0.32139,0.41949,0.58681,0.38696,0.34391,0.21059,0.36428,0.40289,0.51738,0.36699,0.42284,0.52622,0.52638,0.63785
0.37211,0.32127,0.3428,0.46232,0.32131,0.31603,0.32607,0.38062,0.35092,0.32639,0.28238,0.37023,0.29078,0.37747,0.31606,0.30942,0.23154,0.35535,0.20446,0.198,0.31319,0.26783,0.18578,0.23361,0.16992,0.20449,0.1011,0.24591
0.3076,0.29604,0.30107,0.33551,0.26129,0.24119,0.3049,0.33845,0.31874,0.30655,0.25636,0.35101,0.35509,0.31503,0.3608,0.27889,0.25459,0.2877,0.42568,0.45598,0.31202,0.32451,0.31168,0.42753,0.43427,0.21638,0.22657,0.21126
