0.23731,0.17528,0.073134,0.052675,0.076479,0.20312,0.13752,0.2141,0.15001,0.20538,0.16507,0.24453,0.13294,0.23326,0.18532,0.076412,0.19531,0.22752,0.12903,0.25752,0.031619,0.19217,0.14215,0.26195,0.08857,0.25051,0.14257,0.23497,0.19671,0.21976,0.077537,0.20637,0.2809,0.35522,0.10535,0.15186,0.26497,0.23384,0.2997,0.20523,0.29522,0.18528,0.18925,0.1773,0.13447,0.20205,0.21371,0.16455,0.34516,0.21307
0.22266,0.14255,0.04322,0.18969,0.018526,0.22629,0.13199,0.18502,0.070626,0.11846,0.11452,0.14436,0.13286,0.19081,0.14014,0.056617,0.24978,0.18021,0.099085,0.2431,0.051133,0.23783,0.12448,0.22453,0.10193,0.18219,0.097102,0.19384,0.081311,0.13261,0.053132,0.2014,0.31868,0.30956,0.076868,0.13222,0.23609,0.19357,0.27159,0.20514,0.2501,0.14818,0.13731,0.15411,0.19451,0.12418,0.16654,0.19947,0.22104,0.22852
0.62034,0.71842,0.78812,0.63307,0.75555,0.60341,0.75362,0.64516,0.58119,0.69485,0.69183,0.6439,0.73856,0.53916,0.66067,0.62559,0.62453,0.61501,0.75838,0.54153,0.77632,0.59833,0.6322,0.5804,0.80103,0.54596,0.79348,0.58016,0.67333,0.58731,0.80816,0.58889,0.48432,0.42026,0.75554,0.69693,0.43622,0.66084,0.42181,0.5824,0.40854,0.64586,0.64182,0.58637,0.72899,0.60905,0.67332,0.62333,0.38361,0.575
0.174,0.15139,0.038548,0.41812,0.017407,0.28686,0.15799,0.19816,0.14263,0.13608,0.12416,0.13146,0.11488,0.18195,0.16358,0.077084,0.23989,0.25674,0.081952,0.29657,0.048677,0.26976,0.18168,0.24285,0.16772,0.21471,0.092578,0.18534,0.092864,0.12475,0.021256,0.20232,0.24127,0.25692,0.05848,0.13032,0.33848,0.15027,0.31792,0.19154,0.28889,0.19289,0.20528,0.17321,0.13633,0.16637,0.16294,0.15416,0.30828,0.21523
0.47653,0.46242,0.52151,0.40936,0.61196,0.4069,0.45362,0.47512,0.72713,0.53127,0.55785,0.46263,0.48617,0.59241,0.55299,0.7552,0.37319,0.45869,0.50803,0.42057,0.54651,0.41206,0.60639,0.44344,0.39234,0.56886,0.44345,0.54159,0.62854,0.49881,0.50666,0.57471,0.37298,0.43725,0.47383,0.54341,0.48325,0.47125,0.3962,0.50221,0.53125,0.47244,0.53936,0.61589,0.33038,0.57449,0.49035,0.4876,0.51471,0.48224
0.1983,0.11855,0.031086,0.056903,0.013458,0.19677,0.13659,0.16304,0.088361,0.12819,0.10417,0.12671,0.10244,0.16808,0.13476,0.059088,0.19428,0.17046,0.093884,0.23725,0.04412,0.20691,0.1267,0.22987,0.09126,0.18216,0.089595,0.2007,0.095118,0.13213,0.023555,0.18061,0.30685,0.35999,0.056485,0.12641,0.26797,0.19055,0.26177,0.20977,0.2623,0.11978,0.14488,0.12994,0.12374,0.11473,0.16662,0.13445,0.27851,0.19596
0.36505,0.34936,0.2938,0.25352,0.20774,0.2956,0.31682,0.33702,0.20177,0.29835,0.30353,0.4306,0.33099,0.3301,0.28823,0.073715,0.37963,0.31694,0.32379,0.30517,0.29546,0.32922,0.27544,0.32157,0.31451,0.28933,0.30916,0.32908,0.21983,0.48906,0.26779,0.26756,0.3881,0.26693,0.40631,0.32544,0.29653,0.34893,0.35446,0.40228,0.25988,0.38703,0.31486,0.31007,0.44844,0.35939,0.32406,0.43146,0.2491,0.35192
0.18214,0.16122,0.067101,0.3115,0.013417,0.33269,0.15805,0.23463,0.11759,0.12139,0.12248,0.14293,0.15628,0.2009,0.175,0.065001,0.28589,0.26542,0.077587,0.30159,0.046661,0.31156,0.18843,0.2351,0.18765,0.20236,0.098727,0.18465,0.05871,0.14344,0.034977,0.21988,0.27759,0.25944,0.0648,0.1177,0.29311,0.16032,0.31667,0.19412,0.28043,0.21763,0.14561,0.18787,0.21783,0.15743,0.17307,0.21419,0.23905,0.24636
0.21477,0.18418,0.079514,0.2311,0.067385,0.24233,0.14462,0.20836,0.1525,0.19989,0.19067,0.22694,0.15849,0.23835,0.21226,0.10011,0.22131,0.24739,0.11762,0.27581,0.034193,0.24007,0.19085,0.27733,0.12458,0.27992,0.14834,0.24541,0.19169,0.21814,0.085461,0.21506,0.2565,0.27563,0.10816,0.16016,0.3,0.20664,0.32557,0.21017,0.32047,0.23372,0.24286,0.20802,0.14504,0.21897,0.20849,0.1815,0.35791,0.26437
0.23264,0.13758,0.023703,0.029952,0.016047,0.22984,0.1146,0.2358,0.23279,0.22585,0.17993,0.16212,0.11199,0.2201,0.22675,0.13271,0.20859,0.2046,0.10911,0.29071,0.073741,0.21007,0.22034,0.25354,0.061655,0.24333,0.20657,0.24706,0.066207,0.18266,0.33601,0.24198,0.23965,0.35352,0.077766,0.14754,0.29562,0.16378,0.29932,0.19074,0.33696,0.25375,0.18367,0.14075,0.13298,0.25999,0.22313,0.1581,0.34462,0.29868
0.25983,0.16922,0.048669,0.092506,0.01634,0.28222,0.12929,0.25181,0.18207,0.18573,0.16371,0.15763,0.16563,0.24603,0.2373,0.17862,0.27775,0.19369,0.095645,0.30316,0.10315,0.25732,0.22722,0.23932,0.074171,0.27222,0.098561,0.22175,0.080348,0.12553,0.087311,0.26209,0.38719,0.33627,0.094476,0.1332,0.25557,0.18067,0.31884,0.2035,0.32232,0.22319,0.21318,0.19884,0.22974,0.15042,0.2243,0.25111,0.23341,0.24536
0.70415,0.81884,0.92741,0.90407,0.96403,0.63947,0.86153,0.63427,0.67606,0.7799,0.80285,0.75199,0.84007,0.66879,0.62839,0.82322,0.66782,0.7304,0.88964,0.5025,0.90496,0.70523,0.69549,0.65029,0.89972,0.64082,0.77965,0.6786,0.92519,0.68566,0.66168,0.66705,0.5349,0.45449,0.85816,0.84968,0.45609,0.808,0.42886,0.6689,0.44956,0.60697,0.70677,0.7923,0.73994,0.63574,0.73939,0.7,0.42643,0.52676
0.1833,0.16485,0.037523,0.1845,0.016228,0.2595,0.15071,0.27957,0.30182,0.14935,0.16096,0.16027,0.1418,0.22955,0.29981,0.28825,0.22246,0.23717,0.10387,0.30527,0.067954,0.23228,0.23234,0.26434,0.1503,0.23738,0.13721,0.20577,0.075035,0.11966,0.11012,0.24182,0.19654,0.25177,0.067545,0.12306,0.36318,0.15263,0.30855,0.19152,0.29265,0.25801,0.23301,0.17143,0.16999,0.17109,0.18318,0.20258,0.37379,0.27044
0.20922,0.12818,0.037887,0.045644,0.020197,0.23298,0.10794,0.23476,0.25199,0.22195,0.187,0.15369,0.12015,0.22762,0.24946,0.1506,0.19848,0.20818,0.11077,0.29405,0.062255,0.2447,0.22341,0.24054,0.064407,0.26447,0.35326,0.27834,0.11727,0.27829,0.5085,0.26255,0.21765,0.34225,0.091727,0.1539,0.33038,0.16639,0.3104,0.34904,0.31541,0.33282,0.22878,0.13747,0.13847,0.39007,0.21537,0.16001,0.34537,0.37709
0.24448,0.14474,0.029633,0.027585,0.0159,0.24238,0.12324,0.24321,0.2084,0.19806,0.17015,0.14585,0.12937,0.21452,0.22495,0.14798,0.22853,0.20208,0.10441,0.29044,0.099005,0.22098,0.21681,0.25212,0.070463,0.22748,0.10049,0.22312,0.076645,0.12757,0.10962,0.23185,0.32296,0.36346,0.068501,0.13903,0.29331,0.1719,0.30576,0.20338,0.36674,0.20786,0.19307,0.15445,0.14898,0.14243,0.23004,0.18577,0.29626,0.26904
0.41796,0.40471,0.35828,0.3255,0.26189,0.36356,0.36574,0.363,0.33101,0.37631,0.38306,0.51222,0.39283,0.42367,0.35791,0.20978,0.42235,0.36185,0.36195,0.34005,0.37034,0.33319,0.38065,0.35417,0.33297,0.38936,0.29836,0.3887,0.31253,0.5633,0.24391,0.33357,0.45182,0.30917,0.46734,0.37998,0.32864,0.39252,0.38119,0.44922,0.28739,0.36913,0.41438,0.41243,0.4763,0.46454,0.37955,0.47357,0.27722,0.31816
0.18588,0.185,0.0588,0.13963,0.015362,0.3025,0.16545,0.2992,0.27986,0.14874,0.15472,0.1693,0.17713,0.25354,0.3106,0.23791,0.27367,0.25638,0.097281,0.32936,0.069468,0.24222,0.26821,0.26962,0.17054,0.25723,0.11535,0.22588,0.072566,0.13635,0.088703,0.2723,0.27235,0.25669,0.077167,0.11848,0.31781,0.167,0.32133,0.19447,0.28862,0.26342,0.21107,0.226,0.25412,0.17633,0.19505,0.25255,0.30212,0.24147
0.19002,0.13892,0.036602,0.10375,0.01564,0.23347,0.13097,0.2548,0.2639,0.17793,0.18894,0.14738,0.13142,0.22223,0.2647,0.2106,0.19732,0.22358,0.11386,0.28797,0.067933,0.24471,0.21985,0.25706,0.097294,0.24525,0.28923,0.23983,0.069831,0.19186,0.30249,0.24738,0.1946,0.285,0.080635,0.14791,0.32122,0.15862,0.30204,0.18777,0.3081,0.30192,0.24717,0.13968,0.14246,0.23873,0.19547,0.18086,0.36054,0.35472
0.17538,0.10568,0.067954,0.087291,0.082759,0.24054,0.055305,0.22801,0.20467,0.1839,0.13313,0.16393,0.093354,0.41102,0.25401,0.26525,0.20021,0.17342,0.027668,0.28387,0.084025,0.2219,0.23582,0.22188,0.10254,0.31861,0.22117,0.29639,0.050521,0.11783,0.33682,0.2466,0.24916,0.33454,0.08014,0.21379,0.27491,0.16421,0.32833,0.19947,0.33297,0.28877,0.18711,0.39573,0.14798,0.23481,0.24948,0.15181,0.29864,0.33545
0.1749,0.1326,0.084608,0.16328,0.048428,0.28204,0.078078,0.23529,0.21198,0.16884,0.10802,0.14435,0.13539,0.17546,0.26574,0.24941,0.26721,0.17841,0.021161,0.33554,0.094514,0.19159,0.21434,0.23154,0.13823,0.31045,0.098588,0.18253,0.070022,0.075065,0.081419,0.25803,0.39265,0.32597,0.060485,0.15599,0.17594,0.16802,0.34894,0.20573,0.33581,0.2488,0.26194,0.1491,0.2577,0.13916,0.20382,0.28011,0.20696,0.22065
0.76879,0.83968,0.86146,0.87213,0.90221,0.65895,0.88856,0.61409,0.65736,0.77993,0.83266,0.7356,0.85582,0.5653,0.55363,0.48662,0.67561,0.78307,0.92118,0.48946,0.87591,0.68676,0.68229,0.66721,0.8358,0.52286,0.73561,0.63242,0.92177,0.71198,0.60298,0.67126,0.53764,0.46524,0.86464,0.77819,0.56028,0.78185,0.41045,0.66411,0.50505,0.54471,0.66132,0.64598,0.68917,0.63769,0.72266,0.69982,0.4415,0.47572
0.16027,0.12741,0.11635,0.090947,0.083425,0.21825,0.12807,0.30122,0.26968,0.14238,0.13309,0.15291,0.10726,0.17977,0.30103,0.40611,0.20814,0.15763,0.032428,0.28678,0.064261,0.24081,0.1958,0.25979,0.18185,0.22775,0.16263,0.2042,0.057964,0.073481,0.10328,0.22783,0.17286,0.27252,0.061133,0.14986,0.23872,0.20572,0.26688,0.21221,0.20688,0.23157,0.17741,0.11414,0.18859,0.17208,0.18364,0.16401,0.39506,0.19998
0.30885,0.23867,0.25506,0.22673,0.28057,0.26179,0.18782,0.29382,0.34123,0.32095,0.2933,0.2682,0.23892,0.34106,0.32991,0.3486,0.25574,0.28623,0.2115,0.32481,0.26835,0.35736,0.36061,0.27937,0.20341,0.40016,0.4049,0.41291,0.20919,0.33754,0.59204,0.29293,0.24359,0.34438,0.28504,0.29887,0.45483,0.17863,0.32221,0.33109,0.33668,0.43309,0.29623,0.29925,0.21521,0.41986,0.2835,0.14548,0.37653,0.45102
0.17997,0.11468,0.071952,0.14626,0.051242,0.24541,0.059277,0.23318,0.21514,0.17122,0.11727,0.11942,0.10115,0.14846,0.25276,0.21799,0.23364,0.18639,0.027511,0.30289,0.10346,0.19635,0.22375,0.22628,0.12153,0.27146,0.1013,0.20851,0.061012,0.074674,0.10245,0.23551,0.33103,0.34852,0.05746,0.17136,0.20998,0.15911,0.36182,0.21462,0.36171,0.24051,0.19074,0.10453,0.16524,0.14099,0.20766,0.18532,0.24625,0.23731
0.3706,0.37797,0.3643,0.30862,0.27076,0.37456,0.34104,0.33668,0.35619,0.36001,0.34855,0.49431,0.37004,0.32741,0.35032,0.23612,0.41645,0.34788,0.31896,0.34221,0.34618,0.27848,0.36437,0.35632,0.35923,0.3396,0.26601,0.32885,0.28972,0.57143,0.21787,0.33076,0.44869,0.30421,0.37946,0.35575,0.36571,0.38271,0.37355,0.44035,0.33526,0.33954,0.46204,0.32149,0.4778,0.45081,0.35154,0.50564,0.28233,0.27678
0.16415,0.15714,0.12725,0.076671,0.065025,0.24423,0.144,0.30848,0.25645,0.1416,0.1265,0.16765,0.1188,0.19852,0.31169,0.34252,0.24995,0.17111,0.030406,0.29839,0.062426,0.21522,0.20474,0.26839,0.18855,0.25514,0.11568,0.19459,0.055629,0.08199,0.078792,0.24856,0.24671,0.26561,0.059198,0.14521,0.24632,0.22306,0.27574,0.20688,0.21743,0.22976,0.19695,0.15288,0.27461,0.18455,0.19338,0.21854,0.33103,0.15889
0.17262,0.11054,0.11556,0.15104,0.10417,0.22799,0.094778,0.27487,0.23005,0.16446,0.14909,0.17062,0.10288,0.4042,0.27404,0.35147,0.18114,0.18167,0.03026,0.28565,0.078274,0.30692,0.19937,0.23708,0.13393,0.25005,0.33967,0.27772,0.069955,0.1241,0.30153,0.24005,0.18345,0.29647,0.080419,0.18847,0.2778,0.19424,0.2836,0.19848,0.2731,0.3014,0.2261,0.40442,0.15439,0.23615,0.23609,0.15123,0.35392,0.4592
0.30715,0.3068,0.17457,0.1099,0.28264,0.2514,0.29206,0.32831,0.2703,0.32898,0.27116,0.3497,0.24653,0.27162,0.31189,0.26226,0.25755,0.30361,0.27082,0.3048,0.11159,0.32321,0.25525,0.32924,0.25998,0.32091,0.29292,0.26255,0.29238,0.23511,0.27043,0.26212,0.3497,0.34386,0.25946,0.24325,0.3215,0.32233,0.34027,0.22378,0.30507,0.25997,0.30924,0.29664,0.25182,0.20194,0.31471,0.24753,0.33617,0.29359
0.25996,0.24264,0.15474,0.15544,0.30922,0.27204,0.26207,0.31499,0.19541,0.18986,0.16674,0.21668,0.23875,0.26197,0.28154,0.24543,0.29281,0.28072,0.19034,0.28879,0.20356,0.29501,0.2269,0.27328,0.23057,0.18609,0.17962,0.21372,0.16658,0.14383,0.14884,0.23526,0.29902,0.31902,0.081617,0.17309,0.28575,0.29403,0.30863,0.15029,0.27072,0.21337,0.18244,0.25161,0.28023,0.12865,0.24472,0.23177,0.24287,0.25711
0.31528,0.2901,0.34985,0.16994,0.3027,0.37723,0.26919,0.30043,0.21246,0.15922,0.1743,0.2897,0.3179,0.30152,0.31451,0.34034,0.36137,0.33284,0.19919,0.32982,0.19615,0.31215,0.23276,0.29719,0.33368,0.20344,0.21643,0.23062,0.22014,0.51354,0.22167,0.27422,0.38476,0.26202,0.23019,0.17771,0.29446,0.29058,0.32237,0.49439,0.27757,0.40668,0.27005,0.26005,0.42389,0.39327,0.284,0.40025,0.21776,0.29412
0.27497,0.24351,0.13381,0.33514,0.23423,0.31686,0.2938,0.26827,0.28668,0.18539,0.20546,0.26652,0.22238,0.23721,0.2825,0.352,0.34531,0.33535,0.1762,0.3333,0.16813,0.29797,0.2513,0.30965,0.32147,0.24285,0.23069,0.20279,0.18209,0.14207,0.13592,0.22987,0.25362,0.31768,0.084012,0.21194,0.31961,0.23549,0.31744,0.12578,0.28472,0.25705,0.24986,0.26801,0.22012,0.15487,0.25948,0.23614,0.38244,0.2995
0.57135,0.64719,0.78562,0.8108,0.59362,0.47667,0.60868,0.51923,0.72494,0.77943,0.79386,0.58844,0.67136,0.63853,0.53405,0.49502,0.43781,0.46218,0.79025,0.45069,0.87076,0.48058,0.72232,0.50332,0.57468,0.71672,0.73362,0.76387,0.78393,0.53657,0.80287,0.7033,0.41949,0.456,0.85479,0.80873,0.49383,0.58466,0.41269,0.58657,0.59161,0.55903,0.68129,0.64832,0.50926,0.72245,0.62341,0.58023,0.5148,0.55108
0.24627,0.22119,0.11521,0.1056,0.27453,0.24881,0.27873,0.31744,0.194,0.21362,0.17674,0.22376,0.19153,0.22594,0.28322,0.26605,0.24335,0.27164,0.19467,0.27895,0.15348,0.30313,0.22676,0.2945,0.22245,0.21905,0.19232,0.20505,0.20393,0.14036,0.125,0.21757,0.32705,0.38256,0.092903,0.16959,0.32563,0.28484,0.31069,0.14211,0.27837,0.19378,0.19774,0.26116,0.21356,0.094521,0.25084,0.18675,0.28386,0.25699
0.29987,0.283,0.29471,0.16841,0.31792,0.31668,0.25502,0.30596,0.19718,0.17019,0.16958,0.2575,0.30031,0.30615,0.2924,0.28863,0.33253,0.31373,0.21325,0.32536,0.22184,0.31687,0.2339,0.28557,0.26241,0.17632,0.21132,0.23098,0.22394,0.49773,0.23077,0.26937,0.35173,0.25908,0.21531,0.1811,0.294,0.3005,0.32117,0.47572,0.26635,0.36504,0.28216,0.2543,0.41271,0.38623,0.25434,0.36624,0.2101,0.27057
0.29574,0.26332,0.21985,0.26024,0.26714,0.37669,0.29141,0.29428,0.27233,0.16539,0.18575,0.28574,0.27753,0.25539,0.31334,0.35283,0.37221,0.34731,0.17114,0.32373,0.17119,0.31015,0.23966,0.2893,0.35608,0.21391,0.19091,0.19558,0.16369,0.16229,0.13972,0.24596,0.30298,0.28754,0.089019,0.16902,0.27861,0.25573,0.31131,0.15281,0.27842,0.28375,0.1905,0.25567,0.30452,0.16715,0.28533,0.2882,0.3015,0.29556
0.31394,0.29374,0.19877,0.24036,0.27887,0.29788,0.29839,0.28309,0.29183,0.29402,0.31826,0.36258,0.27754,0.30437,0.30918,0.32798,0.31314,0.3151,0.28712,0.33497,0.13766,0.32064,0.28401,0.35689,0.29848,0.3513,0.35428,0.27173,0.26829,0.24175,0.3225,0.26989,0.27832,0.326,0.26896,0.30017,0.3349,0.30179,0.34259,0.23055,0.31553,0.30257,0.34137,0.30103,0.24873,0.23665,0.30883,0.28334,0.39199,0.37572
0.3287,0.28185,0.19964,0.17876,0.30285,0.30153,0.3207,0.36316,0.33701,0.37573,0.36468,0.31305,0.25088,0.29649,0.33265,0.30353,0.27824,0.30807,0.32261,0.32487,0.26458,0.31207,0.33199,0.34139,0.22405,0.36443,0.34424,0.3719,0.24287,0.20851,0.44228,0.30912,0.27928,0.32977,0.35593,0.38074,0.33124,0.3359,0.3279,0.24006,0.38205,0.30976,0.29947,0.31675,0.25466,0.26221,0.34968,0.24398,0.35017,0.34865
0.32935,0.32587,0.30773,0.22003,0.36381,0.32664,0.32181,0.38488,0.28223,0.34476,0.29405,0.27113,0.33222,0.32762,0.32987,0.28748,0.32344,0.30045,0.31116,0.32131,0.40894,0.33076,0.33167,0.30486,0.26374,0.26324,0.14865,0.2864,0.28918,0.14409,0.10063,0.32282,0.38578,0.41897,0.13975,0.29404,0.2878,0.33472,0.32475,0.17429,0.35049,0.34859,0.28869,0.34062,0.34119,0.14143,0.34183,0.31879,0.26506,0.30006
0.34279,0.42273,0.53322,0.39935,0.34699,0.37962,0.3694,0.31301,0.31336,0.30533,0.30024,0.36173,0.44009,0.39615,0.34626,0.31924,0.41276,0.37542,0.36941,0.35787,0.34669,0.36453,0.34175,0.32628,0.44929,0.35262,0.18835,0.3402,0.449,0.61038,0.1074,0.38107,0.42423,0.2476,0.42156,0.31609,0.3235,0.34017,0.34553,0.57337,0.26248,0.36318,0.37182,0.35469,0.46447,0.55424,0.33763,0.43898,0.26039,0.28197
0.32771,0.31297,0.22937,0.47135,0.31666,0.32661,0.33953,0.29009,0.37682,0.2839,0.3192,0.38769,0.29888,0.31479,0.33338,0.41924,0.3316,0.3496,0.31574,0.34371,0.32907,0.31996,0.3286,0.3567,0.40269,0.30495,0.26296,0.25775,0.2596,0.13932,0.12467,0.3084,0.25031,0.29219,0.13671,0.2947,0.33919,0.30627,0.32993,0.14174,0.3069,0.32582,0.30251,0.34095,0.26103,0.17041,0.30414,0.3368,0.43827,0.34946
0.3357,0.27605,0.23719,0.23537,0.32752,0.32363,0.28926,0.29797,0.3685,0.37451,0.40079,0.31,0.2767,0.30579,0.31877,0.30378,0.28232,0.31424,0.33176,0.31601,0.26478,0.33761,0.34194,0.3385,0.22359,0.41094,0.61284,0.45419,0.42081,0.31748,0.73082,0.34067,0.25634,0.3497,0.56378,0.41129,0.40791,0.35451,0.33852,0.39723,0.36639,0.30054,0.40886,0.30095,0.26387,0.41461,0.33787,0.25177,0.33863,0.38126
0.31599,0.28785,0.23127,0.18258,0.31826,0.2957,0.33212,0.40295,0.29611,0.35533,0.31301,0.28165,0.25822,0.3046,0.33475,0.31592,0.27717,0.30065,0.32244,0.31288,0.34511,0.30546,0.31446,0.32767,0.23215,0.29147,0.17652,0.29729,0.28084,0.14398,0.12832,0.29074,0.35104,0.40346,0.14934,0.33884,0.3037,0.32998,0.32014,0.1509,0.39897,0.35528,0.26888,0.33205,0.25825,0.1299,0.35371,0.26633,0.31885,0.3365
0.34722,0.40951,0.49614,0.28724,0.36773,0.34416,0.35079,0.35136,0.29798,0.3319,0.3143,0.31448,0.43265,0.38725,0.34085,0.29219,0.38705,0.35506,0.36481,0.35715,0.39143,0.35753,0.34101,0.31059,0.36084,0.28924,0.17264,0.31741,0.44122,0.5911,0.11134,0.37247,0.40551,0.31533,0.40284,0.29027,0.34247,0.34015,0.3421,0.55062,0.27722,0.35216,0.40085,0.35095,0.47062,0.53619,0.32872,0.40698,0.24408,0.27248
0.3415,0.3546,0.33493,0.49981,0.34573,0.37858,0.36059,0.2905,0.35026,0.28217,0.28537,0.39642,0.37004,0.33536,0.33981,0.37036,0.38578,0.35332,0.31102,0.33788,0.32284,0.34543,0.34629,0.33512,0.45694,0.33332,0.19538,0.25899,0.26482,0.15775,0.095341,0.34052,0.34022,0.25273,0.15108,0.28284,0.29169,0.31989,0.3322,0.17187,0.28295,0.32852,0.25841,0.34791,0.33902,0.1884,0.32969,0.38208,0.35525,0.32429
0.32986,0.29177,0.2455,0.34136,0.30309,0.31241,0.30768,0.28074,0.36275,0.33128,0.38676,0.3403,0.27614,0.31617,0.32271,0.36454,0.28712,0.33403,0.34487,0.32481,0.29573,0.32167,0.32084,0.35505,0.27061,0.36307,0.52915,0.36726,0.25968,0.219,0.44168,0.32342,0.24779,0.34729,0.36337,0.36523,0.356,0.33616,0.33807,0.22323,0.34315,0.30975,0.36092,0.31058,0.24921,0.25146,0.31354,0.29449,0.38093,0.38568
0.30379,0.23822,0.19501,0.10923,0.25339,0.29497,0.11392,0.32061,0.32697,0.31941,0.28832,0.29796,0.21468,0.48706,0.33925,0.32418,0.28422,0.31021,0.21043,0.3093,0.26523,0.22912,0.34185,0.32309,0.15545,0.32331,0.30717,0.34999,0.19578,0.13945,0.43824,0.31584,0.30151,0.31794,0.31927,0.4073,0.30307,0.32208,0.34425,0.23583,0.37962,0.32735,0.2563,0.59411,0.21351,0.23915,0.36976,0.24099,0.3063,0.41281
0.31966,0.28698,0.26524,0.15036,0.25452,0.33739,0.16535,0.37556,0.31376,0.30774,0.23299,0.27018,0.31784,0.20842,0.3293,0.26727,0.36053,0.30174,0.23607,0.32772,0.23747,0.25501,0.2597,0.29533,0.21736,0.21969,0.14254,0.27189,0.23237,0.086022,0.09546,0.31306,0.4197,0.41994,0.087685,0.27786,0.20897,0.30109,0.31823,0.17516,0.34727,0.36729,0.32537,0.17331,0.36891,0.13804,0.32071,0.33531,0.26105,0.30581
0.34882,0.42758,0.43669,0.37338,0.35848,0.37569,0.33603,0.33385,0.27338,0.29218,0.2864,0.32861,0.43806,0.29215,0.3169,0.25958,0.3955,0.3507,0.34314,0.34966,0.21297,0.41962,0.2692,0.34009,0.43113,0.32541,0.20189,0.29947,0.35481,0.62797,0.095592,0.36473,0.38904,0.24437,0.22758,0.21035,0.37296,0.35387,0.3163,0.57806,0.27025,0.30243,0.38542,0.20942,0.47113,0.56345,0.31241,0.44309,0.28405,0.23372
0.29592,0.28064,0.18595,0.44394,0.36601,0.30081,0.26484,0.29876,0.33749,0.25742,0.27843,0.35082,0.25044,0.22548,0.33159,0.44292,0.29078,0.32132,0.23931,0.34314,0.26189,0.37608,0.28297,0.34493,0.40915,0.29998,0.28883,0.27004,0.21444,0.086039,0.11893,0.30351,0.22904,0.24946,0.10019,0.24944,0.24737,0.34021,0.33029,0.15026,0.28943,0.29148,0.2494,0.14567,0.23613,0.17641,0.28649,0.32034,0.4531,0.31056
0.4372,0.44699,0.57585,0.50455,0.46467,0.37483,0.75354,0.33695,0.46906,0.54814,0.62749,0.44584,0.43848,0.401,0.3785,0.36843,0.32079,0.4124,0.66555,0.3555,0.71143,0.33988,0.58565,0.39844,0.39081,0.53986,0.59866,0.53881,0.68109,0.3952,0.75944,0.39011,0.2608,0.40769,0.81211,0.55629,0.56582,0.34794,0.37239,0.37987,0.38803,0.40323,0.42457,0.44555,0.28114,0.41794,0.40282,0.23619,0.34355,0.39453
0.29062,0.25413,0.21719,0.14538,0.22406,0.2865,0.10211,0.38054,0.34838,0.30268,0.23018,0.25376,0.23753,0.19015,0.33434,0.28508,0.32326,0.30464,0.2301,0.30741,0.27202,0.21741,0.27549,0.30249,0.16257,0.25195,0.16064,0.31027,0.23048,0.087621,0.12904,0.29219,0.39477,0.37012,0.10459,0.33028,0.21795,0.29875,0.32925,0.1615,0.38802,0.37551,0.24793,0.17223,0.24886,0.14341,0.33628,0.27036,0.29936,0.33701
0.3588,0.38093,0.41525,0.25531,0.33349,0.3688,0.26881,0.3595,0.28545,0.31798,0.28708,0.29575,0.43881,0.26237,0.32998,0.25049,0.3961,0.34359,0.31997,0.3553,0.20615,0.34939,0.26866,0.32114,0.34654,0.25897,0.17721,0.29186,0.34819,0.61439,0.096324,0.35965,0.39791,0.34077,0.20735,0.21858,0.38837,0.33258,0.3144,0.55976,0.29022,0.32881,0.43702,0.20335,0.50532,0.53189,0.31905,0.44276,0.25863,0.25066
0.31886,0.34751,0.26827,0.387,0.37797,0.34299,0.30557,0.29607,0.29586,0.2527,0.26265,0.35681,0.32917,0.25298,0.32042,0.36801,0.34159,0.32203,0.26979,0.33528,0.22281,0.40253,0.27138,0.33961,0.46682,0.31368,0.21769,0.22902,0.1999,0.093961,0.095066,0.32386,0.31107,0.21943,0.1049,0.2248,0.22705,0.34373,0.31882,0.16483,0.27269,0.28874,0.2621,0.18666,0.3207,0.19118,0.29778,0.36392,0.37782,0.27337
0.30035,0.26257,0.20738,0.37153,0.29703,0.30205,0.17983,0.28314,0.30911,0.30738,0.32366,0.35938,0.2204,0.50326,0.31536,0.38038,0.25931,0.31903,0.23167,0.31202,0.29474,0.34351,0.31363,0.32399,0.24083,0.36165,0.54598,0.34152,0.23935,0.14572,0.4047,0.32443,0.22392,0.36481,0.32249,0.36532,0.30681,0.35433,0.35144,0.2146,0.34459,0.29391,0.34097,0.49743,0.20348,0.24586,0.33892,0.27046,0.36707,0.42212
0.27713,0.3058,0.16463,0.20438,0.28493,0.25165,0.26097,0.33935,0.21436,0.30475,0.27054,0.30003,0.17562,0.24601,0.31606,0.26429,0.27088,0.25713,0.21921,0.30055,0.084746,0.32023,0.23124,0.32086,0.28125,0.32281,0.28789,0.30791,0.16974,0.21803,0.25901,0.2417,0.38086,0.29107,0.27242,0.19353,0.33315,0.28302,0.3412,0.21629,0.27684,0.26049,0.29428,0.25079,0.25784,0.17496,0.30492,0.26927,0.3168,0.27934
0.2392,0.23883,0.134,0.18643,0.34537,0.27255,0.26551,0.35948,0.23313,0.17982,0.098531,0.21056,0.15226,0.22909,0.32915,0.2547,0.29307,0.27742,0.16055,0.2912,0.17775,0.26384,0.24461,0.29877,0.23571,0.17331,0.23501,0.19639,0.14626,0.13862,0.23573,0.23597,0.27372,0.25867,0.057928,0.078968,0.31841,0.28181,0.3409,0.16856,0.33722,0.17811,0.14848,0.20778,0.23784,0.12144,0.20247,0.2212,0.24069,0.23323
0.34025,0.27513,0.5264,0.41456,0.37401,0.40641,0.25983,0.27266,0.41962,0.19239,0.13073,0.45049,0.32554,0.36078,0.37903,0.35631,0.39939,0.37221,0.4728,0.35649,0.48902,0.30678,0.22791,0.29075,0.30907,0.2383,0.37714,0.33963,0.43673,0.527,0.39688,0.42614,0.34493,0.27298,0.34551,0.36096,0.28007,0.41971,0.34945,0.52388,0.36464,0.40826,0.24273,0.33048,0.51439,0.54305,0.33314,0.38768,0.27275,0.34764
0.24177,0.20346,0.13414,0.22888,0.29516,0.26436,0.25429,0.24681,0.27329,0.18686,0.15755,0.25085,0.13294,0.17891,0.25706,0.35516,0.33518,0.2842,0.13088,0.32211,0.15383,0.2647,0.20126,0.30518,0.24227,0.19543,0.29999,0.21017,0.13797,0.14075,0.20974,0.22615,0.27168,0.30738,0.0619,0.13696,0.2337,0.25177,0.26639,0.14618,0.30744,0.15521,0.17545,0.22345,0.20911,0.14407,0.21681,0.22551,0.39614,0.31404
0.47139,0.69005,0.72264,0.62262,0.4195,0.4987,0.67759,0.50187,0.62612,0.78214,0.86601,0.50618,0.51389,0.71591,0.46867,0.45489,0.43279,0.36906,0.75043,0.42985,0.77769,0.45419,0.76706,0.50222,0.65325,0.73551,0.5588,0.69481,0.43173,0.5291,0.58833,0.59745,0.44293,0.45097,0.83715,0.78412,0.58553,0.51913,0.40957,0.43092,0.43252,0.64672,0.78217,0.56257,0.53483,0.58991,0.60626,0.64359,0.51435,0.52762
0.23417,0.21984,0.10503,0.22892,0.29959,0.25449,0.2539,0.35835,0.1825,0.19271,0.12131,0.21187,0.11983,0.18491,0.30314,0.27874,0.24977,0.25286,0.15557,0.2808,0.11779,0.27682,0.22817,0.2902,0.21386,0.19207,0.26281,0.19833,0.16105,0.13534,0.18966,0.20952,0.33205,0.29947,0.071048,0.10375,0.36768,0.24877,0.33296,0.14017,0.30485,0.16224,0.16546,0.21252,0.19816,0.093413,0.21578,0.22067,0.26752,0.23954
0.5169,0.27048,0.25159,0.4346,0.34512,0.37666,0.26405,0.30627,0.29617,0.18107,0.11287,0.3195,0.69921,0.25676,0.33058,0.3057,0.31557,0.51754,0.1668,0.37691,0.20949,0.47882,0.25652,0.30655,0.28709,0.24019,0.259,0.24125,0.69501,0.5095,0.36149,0.35692,0.31569,0.45,0.12979,0.35091,0.2383,0.32892,0.35661,0.56943,0.33436,0.40363,0.2409,0.50432,0.34189,0.46614,0.40311,0.30103,0.20709,0.29898
0.26652,0.24247,0.17669,0.16135,0.32075,0.31602,0.25978,0.27192,0.28324,0.18884,0.1498,0.29038,0.15371,0.19735,0.2948,0.36201,0.34604,0.30985,0.13541,0.29066,0.14813,0.25582,0.20568,0.29943,0.27748,0.16825,0.2659,0.19199,0.14123,0.1574,0.25157,0.2403,0.32561,0.27548,0.064193,0.10171,0.21667,0.28267,0.27762,0.24576,0.33417,0.19167,0.15686,0.23605,0.25417,0.14277,0.22588,0.22727,0.31283,0.32561
0.27651,0.27538,0.17886,0.21007,0.29117,0.26842,0.26142,0.26887,0.23581,0.2923,0.27429,0.33501,0.1769,0.27051,0.27254,0.32095,0.31595,0.27125,0.2278,0.32224,0.11752,0.29325,0.21363,0.33167,0.28134,0.32682,0.33242,0.2998,0.15708,0.23039,0.31579,0.25912,0.27403,0.32842,0.26895,0.21926,0.26978,0.28538,0.30237,0.19746,0.28049,0.25569,0.2825,0.25104,0.24858,0.2111,0.28349,0.26869,0.36535,0.3419
0.27492,0.30048,0.19134,0.11014,0.29426,0.26019,0.3643,0.37024,0.2711,0.32511,0.36487,0.24837,0.15404,0.26231,0.33184,0.30021,0.27699,0.27012,0.23465,0.2763,0.19394,0.27499,0.30612,0.34988,0.27539,0.30614,0.31208,0.36002,0.069583,0.19812,0.38332,0.25466,0.30998,0.28417,0.36698,0.2073,0.35056,0.31505,0.3205,0.22031,0.30088,0.26804,0.31513,0.1919,0.26473,0.2087,0.30207,0.2624,0.35884,0.28027
0.27339,0.32558,0.22472,0.13596,0.39373,0.31158,0.34357,0.41482,0.27865,0.28575,0.25225,0.24345,0.19612,0.31151,0.3611,0.26899,0.31168,0.2973,0.27025,0.28596,0.29239,0.25998,0.33991,0.31181,0.29779,0.25705,0.21912,0.24689,0.10044,0.13421,0.19425,0.28711,0.3372,0.37871,0.11523,0.15245,0.31203,0.3193,0.3382,0.17485,0.35916,0.34196,0.33356,0.24549,0.31425,0.13318,0.2561,0.26785,0.24625,0.29853
0.37007,0.40405,0.73765,0.58734,0.38132,0.46624,0.29066,0.29196,0.5059,0.34033,0.27354,0.55927,0.40278,0.55833,0.3905,0.3352,0.45885,0.37844,0.7217,0.39809,0.66688,0.36802,0.36798,0.29774,0.42616,0.46154,0.34333,0.46262,0.49108,0.62665,0.317,0.53638,0.40478,0.27003,0.54097,0.61967,0.35575,0.4347,0.38285,0.55541,0.37704,0.49273,0.37455,0.44688,0.53616,0.6219,0.41684,0.51801,0.27085,0.40191
0.28037,0.29308,0.20121,0.35649,0.30949,0.28664,0.32613,0.26179,0.33705,0.3449,0.34996,0.3008,0.16665,0.27391,0.29068,0.41215,0.33274,0.29313,0.20006,0.37105,0.30668,0.30423,0.31421,0.36502,0.34314,0.27034,0.33586,0.23342,0.075369,0.1274,0.18109,0.26676,0.28478,0.26666,0.11558,0.16252,0.2936,0.29777,0.29787,0.14999,0.32306,0.21748,0.21861,0.23543,0.25033,0.16391,0.27779,0.32049,0.42986,0.34602
0.29509,0.3109,0.21223,0.15828,0.2924,0.28085,0.35509,0.29434,0.31031,0.36377,0.44337,0.25732,0.17024,0.27074,0.3051,0.31506,0.28231,0.25846,0.2269,0.29718,0.2226,0.29762,0.34195,0.34929,0.28518,0.34799,0.47165,0.44038,0.10881,0.2908,0.59927,0.27758,0.27539,0.31471,0.57448,0.24338,0.414,0.32751,0.32378,0.315,0.3007,0.21786,0.41416,0.18409,0.27066,0.3385,0.29931,0.27469,0.37238,0.29943
0.26077,0.29732,0.19011,0.12224,0.3333,0.26343,0.3522,0.43499,0.23308,0.30482,0.28111,0.24061,0.14902,0.28473,0.34657,0.31016,0.27002,0.26396,0.26265,0.26037,0.24127,0.24452,0.29377,0.32716,0.26336,0.24855,0.24288,0.22554,0.094184,0.1374,0.18014,0.25019,0.35178,0.32057,0.13109,0.1708,0.31625,0.30274,0.32246,0.14323,0.33003,0.35424,0.25468,0.21451,0.26256,0.1198,0.27228,0.2516,0.30864,0.29789
0.55504,0.40191,0.36646,0.51058,0.36176,0.42966,0.31526,0.34857,0.3524,0.30734,0.24798,0.38814,0.79546,0.35011,0.35903,0.28991,0.35819,0.5518,0.30692,0.39281,0.29215,0.54268,0.37324,0.30883,0.39348,0.41703,0.2493,0.35933,0.83987,0.60884,0.29414,0.43569,0.36999,0.51864,0.24733,0.60058,0.33738,0.35067,0.37479,0.60869,0.34642,0.49251,0.47884,0.67715,0.4274,0.55821,0.5164,0.40125,0.21689,0.36012
0.29502,0.33383,0.25485,0.34223,0.32698,0.35694,0.3233,0.26292,0.32599,0.33289,0.31849,0.34585,0.19603,0.30223,0.30471,0.37275,0.36346,0.31509,0.2116,0.33382,0.26981,0.33529,0.3354,0.33357,0.39404,0.30694,0.27085,0.23468,0.082932,0.14409,0.18707,0.30023,0.37301,0.23973,0.11373,0.16152,0.27909,0.31845,0.31696,0.25379,0.34905,0.24768,0.20682,0.26762,0.30204,0.17745,0.28686,0.31766,0.31613,0.37873
0.28965,0.31052,0.21844,0.28173,0.28771,0.27446,0.32269,0.26564,0.31335,0.38372,0.40894,0.28525,0.15928,0.28108,0.29586,0.36988,0.30304,0.26313,0.22683,0.35192,0.26845,0.27105,0.31857,0.35034,0.27426,0.32089,0.45488,0.33443,0.072138,0.19729,0.411,0.2724,0.26385,0.32171,0.35306,0.21916,0.32224,0.31279,0.31281,0.18776,0.30453,0.21026,0.30471,0.19406,0.25477,0.23029,0.28197,0.296,0.41415,0.31548
0.23256,0.24767,0.18588,0.089213,0.28878,0.2616,0.034937,0.33417,0.33451,0.30015,0.24901,0.25653,0.10149,0.52236,0.34731,0.3285,0.28127,0.28426,0.15545,0.24869,0.19326,0.14897,0.2282,0.34757,0.16425,0.24346,0.27828,0.34209,0.07488,0.10933,0.38497,0.2578,0.31073,0.24164,0.30627,0.29529,0.33132,0.32506,0.31991,0.21371,0.34506,0.26296,0.24539,0.42809,0.24035,0.20886,0.29911,0.24568,0.3246,0.39818
0.24517,0.26889,0.19209,0.14547,0.37047,0.31951,0.033962,0.38285,0.26356,0.27362,0.21117,0.2441,0.14432,0.17437,0.343,0.27205,0.33677,0.32005,0.21563,0.27704,0.18901,0.21031,0.17718,0.29528,0.27469,0.23397,0.1893,0.2401,0.071157,0.06425,0.24094,0.27243,0.34879,0.37729,0.10647,0.18856,0.23538,0.31206,0.29818,0.1684,0.33346,0.35358,0.36935,0.14648,0.36458,0.13613,0.25755,0.28638,0.27901,0.30219
0.37701,0.37817,0.69966,0.5034,0.39587,0.44533,0.031815,0.3176,0.38965,0.27448,0.16167,0.53847,0.39869,0.3856,0.36072,0.28804,0.44568,0.34685,0.73844,0.40275,0.62445,0.4011,0.25123,0.30612,0.41495,0.47104,0.34664,0.43562,0.47486,0.64553,0.32825,0.52428,0.40662,0.27696,0.48251,0.45715,0.39821,0.43049,0.36078,0.55794,0.33738,0.45098,0.39607,0.35372,0.49142,0.61346,0.41068,0.49408,0.3054,0.34541
0.23412,0.2688,0.12123,0.44931,0.31443,0.28615,0.020968,0.26942,0.25414,0.28267,0.18693,0.25126,0.11878,0.16249,0.29749,0.41739,0.3048,0.28345,0.16133,0.39275,0.22996,0.24849,0.2779,0.32796,0.30446,0.2799,0.36853,0.23356,0.048397,0.060846,0.15773,0.27141,0.25379,0.20924,0.11308,0.15126,0.2502,0.29988,0.33821,0.14825,0.31986,0.20443,0.2157,0.091609,0.22318,0.16532,0.2277,0.35445,0.38471,0.2965
0.32683,0.54102,0.52522,0.23037,0.32681,0.32405,0.99549,0.3679,0.58057,0.58515,0.81166,0.38557,0.23665,0.39092,0.3808,0.35509,0.3168,0.2978,0.42074,0.3034,0.56813,0.21841,0.73149,0.4399,0.51028,0.41513,0.46366,0.5136,0.14521,0.36385,0.58941,0.32347,0.28956,0.35241,0.68971,0.51798,0.52213,0.33913,0.36555,0.3088,0.36413,0.34542,0.38436,0.29367,0.32416,0.38065,0.33528,0.24397,0.41307,0.32187
0.22029,0.25204,0.17189,0.13248,0.31869,0.26415,0.039424,0.39946,0.31684,0.27831,0.2059,0.23215,0.10952,0.15992,0.34862,0.31194,0.30134,0.28839,0.18819,0.25139,0.21018,0.16113,0.16518,0.31626,0.1956,0.22499,0.20133,0.21823,0.072285,0.067326,0.20773,0.2436,0.35987,0.27451,0.10141,0.21119,0.24399,0.30524,0.2943,0.13903,0.31798,0.36188,0.24909,0.10956,0.27246,0.13415,0.25612,0.25803,0.31109,0.30476
0.64818,0.35547,0.27801,0.38989,0.36711,0.41763,0.025783,0.35118,0.19618,0.28784,0.1839,0.38743,0.83195,0.20878,0.32638,0.26135,0.36583,0.54018,0.29333,0.36674,0.159,0.70818,0.21286,0.3094,0.39842,0.40756,0.23762,0.34841,0.85257,0.63904,0.33729,0.4245,0.38673,0.57397,0.22528,0.48502,0.36639,0.3373,0.33406,0.61582,0.32898,0.46156,0.5052,0.67582,0.45976,0.5362,0.5548,0.3848,0.25645,0.34239
0.24279,0.3078,0.14636,0.39203,0.32736,0.35318,0.025813,0.26837,0.1941,0.25422,0.15734,0.28405,0.15713,0.18912,0.27264,0.35819,0.32989,0.30581,0.18861,0.36753,0.16955,0.31999,0.25535,0.30166,0.39162,0.32735,0.26843,0.19885,0.06012,0.070778,0.16789,0.29639,0.34676,0.20684,0.11688,0.12423,0.24096,0.30897,0.33348,0.25469,0.31333,0.2394,0.22915,0.12884,0.28105,0.1736,0.23541,0.36172,0.30312,0.30949
0.23322,0.27134,0.14161,0.37295,0.27101,0.27435,0.040609,0.27926,0.29755,0.33517,0.26891,0.29687,0.10445,0.51362,0.3093,0.37531,0.2865,0.24273,0.15435,0.34649,0.25096,0.18244,0.3212,0.33225,0.14724,0.29903,0.49667,0.32951,0.068047,0.11484,0.35857,0.2806,0.26239,0.32701,0.31432,0.28579,0.29863,0.3229,0.34807,0.18409,0.33685,0.19996,0.28707,0.30018,0.2198,0.23156,0.28707,0.28776,0.38785,0.36522
