0.19964,0.22279,0.26209,0.16456,0.30358,0.22165,0.26492,0.12025,0.31709,0.26705,0.29083,0.15077,0.22483,0.29076,0.19308,0.30448,0.24738,0.22139,0.23145,0.19888,0.27576,0.15702,0.34034,0.21925,0.17088,0.14257,0.41137,0.063817,0.29512,0.11894,0.091267,0.13545,0.16308,0.26497,0.27627,0.2925,0.33072,0.15232
0.12904,0.18231,0.1287,0.14218,0.23882,0.11081,0.22526,0.038446,0.20248,0.18307,0.23776,0.067997,0.15172,0.22856,0.16917,0.25926,0.22452,0.20578,0.1665,0.12392,0.26571,0.10719,0.20954,0.13133,0.13441,0.097102,0.13727,0.090535,0.17134,0.11865,0.098899,0.08677,0.18829,0.23609,0.30645,0.28757,0.17694,0.12668
0.63274,0.61056,0.51188,0.70125,0.41651,0.65453,0.58259,0.56166,0.47107,0.54562,0.49837,0.68134,0.47451,0.44099,0.61755,0.4192,0.55327,0.50803,0.63879,0.62487,0.56159,0.72032,0.38325,0.58633,0.6036,0.79348,0.48501,0.72908,0.37409,0.64984,0.79754,0.6362,0.64422,0.43622,0.35782,0.44836,0.39867,0.58563
0.093796,0.12686,0.16072,0.1332,0.26535,0.10024,0.19724,0.02433,0.18496,0.2042,0.16399,0.062079,0.12938,0.18046,0.12911,0.27113,0.25019,0.17945,0.12554,0.15841,0.17625,0.09771,0.11945,0.13669,0.20612,0.092578,0.1283,0.18862,0.2747,0.26908,0.067478,0.16624,0.1574,0.33848,0.362,0.13904,0.17265,0.24881
0.60849,0.4914,0.67586,0.51616,0.5545,0.6008,0.48148,0.78666,0.61337,0.57716,0.59761,0.64413,0.74071,0.64169,0.58423,0.52443,0.50093,0.59121,0.52918,0.61753,0.47158,0.56509,0.69266,0.47698,0.58475,0.44345,0.60935,0.54095,0.62438,0.43381,0.45868,0.53267,0.5535,0.48325,0.43281,0.60947,0.68836,0.59837
0.12153,0.17881,0.15507,0.13112,0.25949,0.12924,0.23119,0.022933,0.23662,0.19047,0.26463,0.074225,0.14366,0.2404,0.13734,0.26323,0.21087,0.21045,0.15327,0.14692,0.24726,0.087984,0.23721,0.12104,0.11804,0.089595,0.1754,0.074566,0.18209,0.10528,0.066247,0.090646,0.10227,0.26797,0.3248,0.32687,0.1882,0.12117
0.32311,0.43572,0.24333,0.32059,0.27289,0.28527,0.33557,0.18943,0.26193,0.29908,0.28816,0.24555,0.23069,0.27129,0.33892,0.29597,0.30521,0.35198,0.35994,0.27011,0.3595,0.27176,0.22603,0.51139,0.35579,0.30916,0.28556,0.25686,0.20828,0.43229,0.32691,0.36845,0.36133,0.29653,0.28116,0.27833,0.23361,0.26323
0.098141,0.14468,0.14876,0.15867,0.2566,0.095288,0.20222,0.03387,0.15977,0.18589,0.16551,0.054358,0.12116,0.17791,0.16125,0.26081,0.22836,0.18397,0.13097,0.14317,0.20347,0.11198,0.12307,0.13723,0.17291,0.098727,0.13601,0.20099,0.22121,0.22786,0.10658,0.10529,0.14225,0.29311,0.33572,0.14068,0.15561,0.25268
0.18767,0.20973,0.25428,0.17766,0.30292,0.17879,0.24889,0.10741,0.27562,0.24967,0.2144,0.14431,0.21742,0.24764,0.18697,0.30146,0.28098,0.25834,0.21119,0.18185,0.22952,0.14792,0.2771,0.22292,0.18312,0.14834,0.24104,0.12636,0.39082,0.19746,0.090535,0.32081,0.17438,0.3,0.29342,0.18911,0.28716,0.22357
0.23691,0.2282,0.31687,0.20692,0.32069,0.20203,0.27757,0.23851,0.32438,0.13976,0.31012,0.25901,0.27592,0.30945,0.29042,0.32092,0.20818,0.24828,0.25588,0.28026,0.25684,0.095335,0.24666,0.20134,0.26881,0.20657,0.39749,0.17806,0.35564,0.16697,0.062962,0.11827,0.15689,0.29562,0.30023,0.25643,0.37661,0.14053
0.22652,0.22544,0.21964,0.22615,0.26111,0.16761,0.25423,0.27014,0.24532,0.12128,0.29061,0.18679,0.25009,0.30136,0.24565,0.29841,0.20965,0.2611,0.23358,0.17798,0.25011,0.14144,0.21629,0.13689,0.21274,0.098561,0.13469,0.21137,0.27266,0.17281,0.095776,0.104,0.27152,0.25557,0.33843,0.33651,0.22664,0.16712
0.68298,0.6347,0.56481,0.72452,0.48568,0.79959,0.62388,0.66622,0.45597,0.87278,0.57157,0.62195,0.6397,0.49898,0.60416,0.43442,0.68686,0.58007,0.66482,0.70394,0.64338,0.87301,0.67344,0.65154,0.63062,0.77965,0.4717,0.62018,0.37502,0.68355,0.91637,0.64798,0.74885,0.45609,0.36207,0.48569,0.52892,0.74979
0.22862,0.23416,0.28964,0.19285,0.31946,0.15638,0.24641,0.24073,0.32882,0.12459,0.24924,0.31856,0.25544,0.29944,0.25297,0.31697,0.28764,0.27113,0.21537,0.2239,0.19973,0.1067,0.15268,0.13628,0.2083,0.13721,0.1842,0.3631,0.29369,0.2053,0.058352,0.23811,0.19255,0.36318,0.37377,0.35739,0.21717,0.27953
0.24388,0.23467,0.33286,0.23195,0.3301,0.18513,0.26251,0.23382,0.3821,0.12683,0.27449,0.3063,0.27114,0.29422,0.31114,0.34121,0.23876,0.24973,0.26428,0.27879,0.28634,0.092081,0.32282,0.30694,0.33757,0.35326,0.56351,0.21339,0.46127,0.1932,0.065802,0.33192,0.12338,0.33038,0.28671,0.19447,0.44602,0.17674
0.24584,0.23718,0.27446,0.20388,0.29853,0.19243,0.27372,0.23805,0.26486,0.12438,0.32496,0.20494,0.25842,0.31926,0.25405,0.30138,0.20697,0.26623,0.23252,0.23922,0.232,0.11394,0.17777,0.12446,0.18065,0.10049,0.16787,0.20326,0.27928,0.17082,0.065605,0.10172,0.18604,0.29331,0.36321,0.37859,0.23173,0.15117
0.37453,0.45691,0.31939,0.37752,0.30565,0.38179,0.37481,0.38807,0.29405,0.35905,0.34352,0.31689,0.34989,0.34672,0.35432,0.3274,0.34059,0.42127,0.40508,0.32384,0.39647,0.38583,0.42577,0.57154,0.44941,0.29836,0.26377,0.33171,0.27339,0.54729,0.35075,0.41271,0.42681,0.32864,0.30013,0.29824,0.302,0.35
0.23292,0.24797,0.22293,0.24968,0.31746,0.14519,0.23963,0.2335,0.28973,0.11728,0.24528,0.24958,0.2241,0.27005,0.24134,0.32142,0.25871,0.27497,0.2147,0.177,0.24578,0.13212,0.2317,0.13634,0.18817,0.11535,0.13709,0.36731,0.24001,0.19403,0.098134,0.13445,0.21937,0.31781,0.35067,0.35449,0.19362,0.2873
0.24362,0.24045,0.3325,0.20886,0.31418,0.17054,0.25809,0.2276,0.3633,0.11903,0.2672,0.33338,0.27169,0.30512,0.28482,0.31781,0.27449,0.27171,0.23972,0.26999,0.2533,0.097391,0.21145,0.20665,0.23963,0.28923,0.36513,0.27443,0.38614,0.17083,0.048744,0.43552,0.15345,0.32122,0.31201,0.24813,0.31377,0.22985
0.169,0.25342,0.31579,0.20626,0.27612,0.085856,0.22952,0.28728,0.31334,0.074192,0.289,0.27951,0.3779,0.33791,0.27617,0.32574,0.29155,0.26552,0.2068,0.27491,0.26319,0.097509,0.43875,0.1445,0.25281,0.22117,0.33658,0.26457,0.41009,0.23711,0.054577,0.12126,0.36536,0.27491,0.31318,0.31895,0.30915,0.10584
0.19915,0.16596,0.29325,0.2373,0.22259,0.092098,0.20679,0.29102,0.19266,0.069709,0.16136,0.17337,0.17332,0.25458,0.20613,0.28572,0.1967,0.21521,0.16183,0.1662,0.22526,0.13845,0.13375,0.12527,0.21023,0.098588,0.12306,0.25081,0.29571,0.24068,0.1082,0.10257,0.21551,0.17594,0.33452,0.24629,0.15679,0.11818
0.76132,0.61292,0.52073,0.70508,0.56055,0.8592,0.67969,0.53654,0.48296,0.88518,0.54752,0.5352,0.64095,0.49792,0.67652,0.44867,0.64655,0.57691,0.73737,0.68546,0.60474,0.83085,0.49971,0.68444,0.67579,0.73561,0.51652,0.54579,0.41716,0.65913,0.91463,0.67405,0.65374,0.56028,0.37615,0.42242,0.64859,0.80959
0.20444,0.22676,0.27868,0.19384,0.30557,0.088531,0.23401,0.30582,0.31078,0.065682,0.19132,0.30839,0.20324,0.2955,0.24475,0.29803,0.23749,0.24258,0.19843,0.19503,0.22311,0.082721,0.17131,0.10343,0.1407,0.16263,0.20487,0.30267,0.23865,0.13324,0.049536,0.19606,0.098853,0.23872,0.33602,0.37061,0.15257,0.13852
0.1815,0.37229,0.30288,0.29055,0.38477,0.2982,0.31763,0.28201,0.36732,0.29774,0.32433,0.43068,0.41032,0.38641,0.29195,0.35762,0.35262,0.36663,0.29027,0.37725,0.39551,0.25103,0.47083,0.30178,0.39616,0.4049,0.48299,0.32908,0.38332,0.29355,0.057924,0.43968,0.23291,0.45483,0.34959,0.28314,0.50437,0.36449
0.19316,0.16329,0.31662,0.20435,0.24291,0.093688,0.22083,0.28658,0.1859,0.065283,0.17317,0.17656,0.1758,0.24238,0.22919,0.3019,0.27664,0.20654,0.17003,0.21557,0.19946,0.091741,0.10578,0.089947,0.21154,0.1013,0.14076,0.27091,0.28833,0.27413,0.065299,0.098247,0.17774,0.20998,0.38229,0.23969,0.16894,0.11792
0.38548,0.42762,0.36386,0.38114,0.31447,0.35377,0.36912,0.353,0.27026,0.3154,0.25787,0.27738,0.29822,0.32572,0.32954,0.32374,0.29436,0.39806,0.38686,0.29941,0.34626,0.42537,0.28653,0.59185,0.3973,0.26601,0.25309,0.34945,0.29691,0.47895,0.35873,0.36816,0.31099,0.36571,0.28702,0.23027,0.27305,0.34579
0.23042,0.22512,0.22909,0.23537,0.2923,0.078819,0.21986,0.2822,0.28746,0.074744,0.17333,0.27107,0.17543,0.25841,0.21238,0.30559,0.21209,0.24996,0.19178,0.17022,0.26008,0.1107,0.19151,0.10459,0.13219,0.11568,0.15342,0.29504,0.2155,0.14233,0.0889,0.11341,0.13622,0.24632,0.30652,0.36212,0.13336,0.10624
0.19591,0.28688,0.29757,0.19877,0.27418,0.094504,0.23137,0.29227,0.45791,0.060866,0.56769,0.37837,0.23652,0.3237,0.26858,0.32385,0.26327,0.30571,0.21974,0.28537,0.28404,0.097174,0.39858,0.15453,0.19587,0.33967,0.47127,0.2945,0.38557,0.15051,0.045055,0.36138,0.42623,0.2778,0.30151,0.44722,0.24592,0.15013
0.26117,0.30869,0.36937,0.25543,0.32533,0.33179,0.31447,0.28439,0.36073,0.33122,0.33003,0.22887,0.27924,0.32513,0.26551,0.33315,0.33199,0.27812,0.33733,0.34414,0.31537,0.22487,0.37841,0.29085,0.24739,0.29292,0.47393,0.32583,0.34258,0.29098,0.25261,0.17028,0.33722,0.3215,0.31023,0.31342,0.38574,0.16791
0.23592,0.30375,0.24981,0.23398,0.25662,0.22736,0.30336,0.23186,0.2875,0.29138,0.31152,0.19658,0.20241,0.29221,0.21597,0.2949,0.31287,0.25714,0.26916,0.21676,0.30917,0.13756,0.12627,0.15989,0.21774,0.17962,0.15884,0.28162,0.15774,0.20812,0.18189,0.11774,0.22365,0.28575,0.33088,0.12748,0.16957,0.18083
0.32838,0.32461,0.2254,0.38414,0.26996,0.22735,0.29781,0.26141,0.24829,0.26942,0.28134,0.26202,0.20567,0.27601,0.28321,0.25639,0.2743,0.24583,0.24899,0.16811,0.30313,0.13932,0.10741,0.37406,0.33612,0.21643,0.18317,0.28132,0.16078,0.25094,0.32466,0.33462,0.24902,0.29446,0.26632,0.067643,0.16579,0.21578
0.20992,0.2264,0.24596,0.22158,0.28904,0.22813,0.26792,0.23868,0.24377,0.29217,0.24969,0.11972,0.18503,0.24835,0.16473,0.29501,0.29387,0.23245,0.23148,0.26052,0.20782,0.12128,0.10719,0.16724,0.2231,0.23069,0.20039,0.2708,0.21341,0.28586,0.1481,0.23031,0.27205,0.31961,0.35882,0.20021,0.17996,0.29926
0.66831,0.55112,0.62484,0.61991,0.58127,0.68784,0.54001,0.68948,0.59376,0.54128,0.54963,0.81175,0.78139,0.59595,0.74569,0.53865,0.50987,0.68541,0.63364,0.69688,0.57489,0.88539,0.8113,0.67075,0.67629,0.73362,0.6766,0.57303,0.73621,0.68108,0.73085,0.68162,0.63354,0.49383,0.4414,0.82713,0.75168,0.774
0.18307,0.28747,0.29856,0.21568,0.27759,0.25055,0.28844,0.22682,0.30128,0.29427,0.3362,0.16707,0.18806,0.28858,0.18603,0.29371,0.30207,0.25593,0.2639,0.29791,0.30918,0.12808,0.16111,0.15138,0.22137,0.19232,0.23636,0.32925,0.16422,0.22895,0.15156,0.11675,0.20659,0.32563,0.36048,0.22784,0.18635,0.16613
0.3477,0.31342,0.23217,0.35403,0.25226,0.22696,0.30624,0.26253,0.27313,0.28809,0.28159,0.25048,0.21389,0.28803,0.29197,0.26868,0.29984,0.25407,0.27627,0.15356,0.32166,0.14293,0.10355,0.36401,0.35729,0.21132,0.16339,0.28027,0.15152,0.24538,0.31635,0.32158,0.28967,0.294,0.26633,0.066413,0.18971,0.18469
0.22887,0.27121,0.22779,0.27018,0.29156,0.22036,0.28871,0.23118,0.2339,0.28175,0.26548,0.17382,0.18783,0.25226,0.17922,0.27325,0.28411,0.2277,0.22462,0.20843,0.24334,0.12763,0.09449,0.17363,0.19757,0.19091,0.18743,0.25639,0.18302,0.24878,0.21048,0.14764,0.21104,0.27861,0.32803,0.13094,0.15263,0.2681
0.26596,0.31245,0.32322,0.23261,0.32905,0.31379,0.31084,0.30133,0.30576,0.32474,0.29597,0.21471,0.27835,0.29322,0.25967,0.35495,0.32928,0.30053,0.31656,0.31139,0.28462,0.24327,0.33762,0.29407,0.23568,0.35428,0.31773,0.28453,0.40107,0.29819,0.27241,0.43435,0.35731,0.3349,0.30212,0.28836,0.32168,0.26509
0.28497,0.32741,0.36979,0.28606,0.33741,0.34901,0.35004,0.31708,0.35005,0.32198,0.36012,0.32239,0.35753,0.35006,0.38206,0.33533,0.33442,0.33194,0.3543,0.42706,0.35026,0.32438,0.47098,0.32218,0.33309,0.34424,0.41125,0.29098,0.41292,0.32779,0.27072,0.15586,0.3412,0.33124,0.3184,0.33094,0.46749,0.25393
0.31719,0.34291,0.26879,0.32184,0.29227,0.32556,0.3345,0.34558,0.28337,0.33348,0.33498,0.22965,0.32115,0.34725,0.29268,0.31737,0.32346,0.32786,0.32705,0.29815,0.31613,0.44462,0.15868,0.19816,0.28057,0.14865,0.19787,0.33591,0.19848,0.28619,0.27775,0.16112,0.33232,0.2878,0.34964,0.29163,0.2182,0.3041
0.41688,0.33923,0.24692,0.43542,0.31737,0.32297,0.32247,0.34667,0.28909,0.3445,0.32394,0.29178,0.33025,0.31343,0.31026,0.30547,0.31564,0.32574,0.30711,0.22774,0.3654,0.34776,0.22621,0.42451,0.39302,0.18835,0.18364,0.34637,0.20026,0.40359,0.50128,0.40383,0.31417,0.3235,0.29783,0.22865,0.21518,0.32388
0.30737,0.33048,0.36867,0.29312,0.35331,0.3188,0.32182,0.3259,0.3513,0.33526,0.31142,0.38716,0.32407,0.32137,0.29875,0.34125,0.34232,0.34451,0.32119,0.32301,0.24657,0.21093,0.15628,0.19849,0.25319,0.26296,0.30342,0.35857,0.25073,0.30379,0.18876,0.31044,0.33077,0.33919,0.37646,0.4651,0.21838,0.42481
0.30116,0.31864,0.41468,0.28814,0.36313,0.35847,0.34755,0.32436,0.40857,0.31331,0.32575,0.41734,0.34685,0.33732,0.4178,0.3799,0.35498,0.33938,0.3621,0.38834,0.3942,0.26297,0.66093,0.52538,0.43327,0.61284,0.5652,0.30356,0.61495,0.35503,0.33607,0.41924,0.36291,0.40791,0.30214,0.2649,0.59788,0.30558
0.28817,0.35213,0.31239,0.29297,0.32619,0.34521,0.33226,0.3193,0.29763,0.33978,0.38034,0.2469,0.33701,0.3634,0.31498,0.31828,0.32759,0.32065,0.34052,0.40281,0.31475,0.39832,0.17755,0.18,0.24145,0.17652,0.23656,0.33999,0.23251,0.29456,0.22165,0.14578,0.29726,0.3037,0.37924,0.39434,0.22986,0.28269
0.40148,0.32142,0.25032,0.41209,0.2785,0.32596,0.33111,0.36339,0.27627,0.34777,0.3165,0.26992,0.32786,0.32479,0.31329,0.30153,0.32726,0.32793,0.32823,0.22502,0.37721,0.43445,0.21598,0.41866,0.44529,0.17264,0.18403,0.33247,0.1992,0.41357,0.49671,0.39703,0.37092,0.34247,0.28844,0.20016,0.22964,0.30299
0.34089,0.34138,0.29444,0.34691,0.3625,0.30201,0.33366,0.32489,0.3301,0.33664,0.30637,0.32578,0.30657,0.30933,0.27568,0.32795,0.32148,0.33925,0.30413,0.24299,0.27153,0.25456,0.15468,0.20647,0.23852,0.19538,0.21764,0.36167,0.20315,0.29142,0.29373,0.18969,0.27871,0.29169,0.35091,0.3688,0.20185,0.36362
0.31421,0.32482,0.41854,0.28281,0.35764,0.34796,0.32531,0.32988,0.38646,0.32575,0.33368,0.44058,0.3457,0.3291,0.36727,0.36463,0.35059,0.34184,0.35028,0.38692,0.33541,0.22357,0.37206,0.33314,0.30089,0.52915,0.45745,0.32379,0.41698,0.29439,0.25975,0.5474,0.36001,0.356,0.32325,0.36735,0.36874,0.40038
0.24958,0.35841,0.34234,0.28515,0.31435,0.26567,0.31899,0.34096,0.35143,0.31213,0.38984,0.32379,0.47625,0.37775,0.39651,0.33126,0.37074,0.34392,0.35706,0.38136,0.28956,0.28077,0.5308,0.31117,0.31802,0.30717,0.44382,0.27781,0.46278,0.35882,0.23028,0.18212,0.54426,0.30307,0.30984,0.45886,0.40143,0.22141
0.33521,0.27237,0.28113,0.32526,0.28661,0.30234,0.30776,0.32821,0.24534,0.3187,0.2202,0.18918,0.25312,0.3027,0.27667,0.30654,0.29356,0.28724,0.27623,0.21407,0.30325,0.36389,0.11951,0.20781,0.2666,0.14254,0.19036,0.31688,0.23094,0.29939,0.31471,0.18178,0.30193,0.20897,0.34738,0.18272,0.1782,0.23921
0.45821,0.29357,0.26072,0.41123,0.33757,0.33206,0.33587,0.30687,0.28897,0.36291,0.26519,0.282,0.30347,0.28955,0.28633,0.31979,0.30047,0.30019,0.28865,0.18523,0.37901,0.30454,0.16815,0.38013,0.37595,0.20189,0.16767,0.35354,0.23009,0.29784,0.51124,0.32977,0.20712,0.37296,0.29586,0.18714,0.18076,0.23167
0.28572,0.32032,0.39083,0.27532,0.35431,0.27608,0.32012,0.33819,0.3493,0.32653,0.27598,0.34352,0.25775,0.32176,0.30499,0.3393,0.32179,0.31693,0.31097,0.2854,0.29146,0.15339,0.15549,0.19408,0.25966,0.28883,0.2565,0.35546,0.2322,0.26796,0.20531,0.29896,0.19732,0.24737,0.36721,0.32814,0.15452,0.37659
0.24863,0.46533,0.38773,0.36515,0.39141,0.54633,0.4266,0.36557,0.39826,0.36211,0.37031,0.52762,0.4942,0.41746,0.43704,0.37515,0.40374,0.45715,0.4662,0.59312,0.42363,0.59129,0.62354,0.59035,0.49812,0.59866,0.527,0.34991,0.50859,0.50512,0.25939,0.55966,0.38677,0.56582,0.34289,0.3755,0.75354,0.61477
0.28932,0.28027,0.30341,0.29744,0.30372,0.27707,0.30072,0.32057,0.22583,0.33565,0.24929,0.19419,0.25402,0.31035,0.316,0.31822,0.34482,0.26504,0.30311,0.28979,0.24797,0.28839,0.12985,0.17569,0.25592,0.16064,0.20545,0.31544,0.24531,0.33256,0.20583,0.16222,0.32291,0.21795,0.37755,0.16506,0.18434,0.24272
0.4224,0.28432,0.26865,0.40465,0.31085,0.33652,0.32576,0.32067,0.25567,0.34969,0.25329,0.23669,0.29854,0.29371,0.28356,0.30161,0.29396,0.30314,0.29001,0.17182,0.37211,0.4031,0.16587,0.39188,0.41799,0.17721,0.1854,0.34023,0.2361,0.31301,0.55238,0.32576,0.26062,0.38837,0.28478,0.14857,0.17234,0.23546
0.37277,0.29529,0.31716,0.32707,0.35421,0.27741,0.33176,0.3139,0.34154,0.33155,0.24609,0.31826,0.25248,0.3035,0.282,0.33317,0.29359,0.32447,0.29854,0.21607,0.32458,0.19577,0.13002,0.19837,0.22998,0.21769,0.1699,0.34908,0.20149,0.24839,0.28779,0.2078,0.16565,0.22705,0.34513,0.30472,0.15168,0.26638
0.26605,0.38132,0.4097,0.27458,0.3346,0.29322,0.31557,0.3601,0.46813,0.29436,0.57359,0.43404,0.29811,0.35959,0.37468,0.36731,0.35777,0.36358,0.3656,0.42534,0.33279,0.19654,0.44877,0.32484,0.27887,0.54598,0.53821,0.33389,0.45869,0.30932,0.21612,0.49678,0.42599,0.30681,0.31719,0.57454,0.30953,0.36732
0.26583,0.23082,0.36182,0.23961,0.30209,0.2884,0.29032,0.30834,0.31867,0.30553,0.28529,0.22304,0.23824,0.30121,0.20698,0.3284,0.3529,0.24576,0.30582,0.28826,0.26849,0.21769,0.34419,0.28851,0.21882,0.28789,0.40279,0.35655,0.32056,0.31612,0.19117,0.10121,0.26695,0.33315,0.30518,0.21257,0.35152,0.090395
0.29419,0.23358,0.26828,0.23459,0.28997,0.23158,0.29341,0.29162,0.30844,0.30823,0.28267,0.27187,0.21422,0.29293,0.17887,0.28395,0.3253,0.2407,0.27849,0.16913,0.25818,0.11782,0.101,0.16415,0.189,0.23501,0.17413,0.29451,0.14875,0.28607,0.087818,0.08669,0.22556,0.31841,0.31976,0.046071,0.14744,0.17508
0.41274,0.45396,0.27667,0.38196,0.3616,0.35241,0.32836,0.32605,0.34193,0.39237,0.36229,0.43886,0.45043,0.33991,0.3486,0.29194,0.29368,0.40958,0.3577,0.30496,0.41398,0.34527,0.24132,0.37166,0.33353,0.37714,0.23915,0.35176,0.1712,0.2992,0.29051,0.38724,0.37396,0.28007,0.27171,0.19564,0.29116,0.37829
0.25984,0.20405,0.26459,0.22491,0.27342,0.23812,0.30363,0.27939,0.27645,0.27554,0.25988,0.21648,0.1982,0.27299,0.12059,0.29296,0.29775,0.21924,0.24172,0.22726,0.22646,0.11128,0.14261,0.17217,0.1187,0.29999,0.25765,0.22602,0.1446,0.14003,0.091434,0.093932,0.21505,0.2337,0.33601,0.16371,0.1627,0.083178
0.50812,0.40726,0.57934,0.4243,0.52283,0.64292,0.49949,0.54617,0.51442,0.48032,0.55861,0.51532,0.62962,0.55441,0.7648,0.54068,0.46336,0.5933,0.58112,0.69692,0.61666,0.84697,0.77226,0.66281,0.58875,0.5588,0.64253,0.54322,0.7189,0.64827,0.56306,0.49475,0.47705,0.58553,0.49233,0.8711,0.69946,0.86263
0.25348,0.19958,0.30878,0.22009,0.26372,0.23365,0.27378,0.2719,0.29469,0.27911,0.2702,0.2094,0.17399,0.26902,0.13022,0.2705,0.32406,0.19083,0.24201,0.24368,0.21417,0.10706,0.11894,0.15196,0.19287,0.26281,0.22431,0.34284,0.14033,0.33507,0.088226,0.077748,0.19693,0.36768,0.34925,0.046896,0.17154,0.093643
0.35389,0.55683,0.22787,0.57727,0.31343,0.24288,0.31269,0.28834,0.29345,0.32162,0.29661,0.4102,0.33122,0.29716,0.34467,0.27126,0.30743,0.39885,0.31696,0.30706,0.27385,0.10695,0.21689,0.36928,0.60229,0.259,0.19246,0.29284,0.38723,0.32969,0.69637,0.73882,0.54824,0.2383,0.28309,0.18775,0.3119,0.20413
0.29469,0.25348,0.24372,0.27392,0.29422,0.24114,0.32092,0.27602,0.28646,0.28279,0.28339,0.29529,0.23106,0.27344,0.16575,0.26405,0.2935,0.23424,0.25515,0.15573,0.25709,0.10498,0.14155,0.17666,0.1159,0.2659,0.25668,0.20951,0.14018,0.14592,0.09323,0.085656,0.21998,0.21667,0.30687,0.10327,0.13648,0.072815
0.26523,0.2538,0.32897,0.23297,0.30234,0.31171,0.32305,0.32238,0.30051,0.29953,0.29416,0.26828,0.25559,0.30091,0.20218,0.36281,0.30714,0.25186,0.28401,0.28278,0.26692,0.236,0.33927,0.3034,0.17614,0.33242,0.34314,0.26268,0.34453,0.2158,0.21092,0.13931,0.27639,0.26978,0.28144,0.28388,0.32987,0.10593
0.26093,0.24142,0.37938,0.24478,0.32478,0.30355,0.3069,0.31045,0.33002,0.29089,0.30261,0.26061,0.27583,0.34181,0.35546,0.33418,0.35387,0.27167,0.32497,0.32981,0.28613,0.26924,0.42073,0.32561,0.28502,0.31208,0.34058,0.31855,0.41819,0.29739,0.10193,0.10339,0.25851,0.35056,0.30809,0.20948,0.36382,0.17793
0.33566,0.25988,0.28591,0.27951,0.31798,0.31967,0.3301,0.34511,0.31343,0.32962,0.34994,0.28432,0.31655,0.35371,0.26502,0.31456,0.3408,0.29296,0.34468,0.25627,0.2977,0.29068,0.16191,0.1963,0.23224,0.21912,0.25488,0.39733,0.13605,0.28604,0.074307,0.13731,0.30409,0.31203,0.34065,0.11234,0.17006,0.35778
0.47741,0.46951,0.29892,0.41777,0.364,0.43303,0.34467,0.40777,0.34716,0.45685,0.42874,0.47369,0.51827,0.35149,0.4282,0.34092,0.32721,0.48465,0.39069,0.4743,0.51328,0.70979,0.35316,0.4075,0.39152,0.34333,0.27786,0.36254,0.18265,0.46836,0.35481,0.46285,0.37971,0.35575,0.31341,0.49936,0.41653,0.64666
0.29031,0.24753,0.33384,0.23492,0.33281,0.31315,0.34324,0.29769,0.33623,0.30851,0.29514,0.26472,0.28004,0.31412,0.23895,0.33852,0.32816,0.26857,0.29921,0.20486,0.28934,0.19009,0.17565,0.19985,0.19489,0.33586,0.34298,0.30028,0.16274,0.26718,0.060534,0.13974,0.23383,0.2936,0.38638,0.36417,0.17701,0.25796
0.2709,0.25759,0.41528,0.23499,0.3491,0.32615,0.33625,0.32253,0.36699,0.28909,0.27767,0.32136,0.2846,0.33687,0.40213,0.37372,0.34088,0.3034,0.33198,0.28749,0.33275,0.26273,0.56807,0.54078,0.36549,0.47165,0.46218,0.28683,0.63935,0.29332,0.14043,0.15609,0.27117,0.414,0.29043,0.35905,0.51425,0.19545
0.27978,0.2376,0.32316,0.25156,0.31762,0.31067,0.29915,0.31937,0.30491,0.30997,0.31169,0.23609,0.27311,0.33932,0.25392,0.31131,0.3334,0.23852,0.3271,0.34634,0.25952,0.26203,0.17758,0.17554,0.20293,0.24288,0.26547,0.4242,0.16596,0.2997,0.072131,0.11579,0.24871,0.31625,0.36499,0.10429,0.1806,0.22976
0.40425,0.57498,0.24313,0.61651,0.30514,0.32728,0.3379,0.352,0.302,0.35212,0.40688,0.44694,0.38493,0.32882,0.41548,0.30517,0.33865,0.47896,0.35415,0.50903,0.33646,0.26389,0.34938,0.40323,0.63477,0.2493,0.25027,0.30167,0.39513,0.47384,0.90191,0.80576,0.62008,0.33738,0.31038,0.45122,0.44628,0.40556
0.3382,0.27229,0.2931,0.29311,0.34275,0.31447,0.36439,0.31235,0.33219,0.33024,0.30312,0.31627,0.30185,0.3174,0.25884,0.30539,0.3232,0.27774,0.30121,0.14647,0.31954,0.21404,0.16173,0.21057,0.18815,0.27085,0.30872,0.29528,0.14242,0.26167,0.073792,0.12978,0.23819,0.27909,0.3552,0.24502,0.15131,0.21366
0.27846,0.25473,0.38932,0.21836,0.34173,0.33339,0.33268,0.31951,0.36061,0.30019,0.28866,0.31296,0.28592,0.31356,0.31158,0.36818,0.31202,0.27895,0.31627,0.27447,0.29808,0.22284,0.37239,0.34534,0.24584,0.45488,0.42679,0.28037,0.36601,0.2648,0.10323,0.18114,0.25526,0.32224,0.31849,0.39732,0.33864,0.23325
0.25505,0.27871,0.366,0.30244,0.31493,0.25096,0.30717,0.33587,0.3887,0.28835,0.33975,0.30636,0.37407,0.3715,0.36514,0.33958,0.34108,0.3004,0.3207,0.26383,0.26042,0.23093,0.50901,0.33949,0.22359,0.27828,0.48665,0.26042,0.46788,0.23265,0.12041,0.12756,0.40418,0.33132,0.28851,0.62436,0.32112,0.15114
0.34106,0.24315,0.28873,0.28959,0.33202,0.29654,0.33495,0.32093,0.27995,0.31887,0.32578,0.24646,0.2816,0.30445,0.25951,0.31021,0.32656,0.27038,0.30486,0.13269,0.31621,0.26012,0.14466,0.19637,0.17421,0.1893,0.27848,0.31902,0.19165,0.17258,0.10248,0.13029,0.30782,0.23538,0.32496,0.041327,0.11731,0.27408
0.49072,0.4307,0.30559,0.36225,0.35626,0.49098,0.33633,0.39786,0.3278,0.45696,0.44677,0.41998,0.47801,0.33405,0.3774,0.33272,0.32868,0.48031,0.4344,0.40885,0.49457,0.59248,0.25309,0.3562,0.38788,0.34664,0.21904,0.40663,0.21643,0.41694,0.36206,0.4425,0.26981,0.39821,0.32351,0.2991,0.53729,0.57218
0.27413,0.22736,0.35077,0.22891,0.33659,0.28055,0.31904,0.28427,0.3241,0.30419,0.24153,0.26147,0.22459,0.29651,0.26344,0.33639,0.33684,0.21773,0.24777,0.15306,0.2911,0.19898,0.1588,0.19839,0.21635,0.36853,0.20789,0.35497,0.18359,0.39923,0.11266,0.164,0.19747,0.2502,0.38705,0.03518,0.11052,0.25094
0.26414,0.34735,0.40267,0.32822,0.34216,0.42243,0.39626,0.36886,0.36613,0.33375,0.24642,0.4352,0.41787,0.4283,0.43892,0.37862,0.35987,0.39527,0.42812,0.63442,0.34435,0.54644,0.55023,0.59184,0.38615,0.46366,0.45629,0.35333,0.51289,0.43039,0.18374,0.32397,0.31347,0.52213,0.33035,0.39021,0.42806,0.51703
0.28664,0.23169,0.3132,0.29677,0.32117,0.26031,0.3073,0.31133,0.25485,0.3172,0.23037,0.22193,0.2509,0.29804,0.27339,0.31823,0.31991,0.21606,0.29408,0.1797,0.24735,0.22789,0.17286,0.17798,0.14985,0.20133,0.25373,0.31187,0.20399,0.16423,0.093008,0.11568,0.26756,0.24399,0.34814,0.033656,0.11763,0.18564
0.39999,0.56965,0.25693,0.55989,0.35091,0.34421,0.33869,0.33652,0.29004,0.3478,0.45997,0.3962,0.35146,0.28227,0.35245,0.292,0.33277,0.46247,0.34462,0.43951,0.38118,0.23215,0.25876,0.35951,0.68434,0.23762,0.26117,0.30921,0.37964,0.38075,0.86512,0.74698,0.56457,0.36639,0.30931,0.28073,0.55295,0.34757
0.34404,0.23167,0.29967,0.26127,0.32604,0.29878,0.3397,0.29778,0.3117,0.31847,0.25635,0.29407,0.24101,0.30664,0.26016,0.31394,0.32025,0.255,0.27336,0.082973,0.31763,0.20897,0.12953,0.20344,0.1947,0.26843,0.18846,0.34548,0.18058,0.33652,0.094504,0.16859,0.17845,0.24096,0.35666,0.049265,0.09947,0.20014
0.26896,0.27105,0.38752,0.25188,0.31729,0.27436,0.31135,0.3319,0.42159,0.2818,0.3597,0.34427,0.28737,0.35184,0.35798,0.36895,0.3322,0.27686,0.30133,0.29536,0.27719,0.20015,0.46293,0.35688,0.21113,0.49667,0.46698,0.31928,0.42701,0.33529,0.17719,0.1982,0.33105,0.29863,0.32166,0.53196,0.26333,0.22125
