0.25171,0.24134,0.1911,0.13535,0.18811,0.07584,0.25005,0.23119,0.23265,0.21313,0.2818,0.20681,0.25566,0.23614,0.13175,0.23711,0.043444,0.19879,0.1307,0.18197,0.19917,0.26413,0.22798,0.34496,0.32941,0.22424,0.15186,0.24699,0.44456,0.11636,0.27592,0.12994,0.050093,0.31676,0.19559,0.08235,0.22315,0.29423,0.28872,0.18074,0.26984,0.21307
0.26338,0.20312,0.19438,0.077397,0.19773,0.031507,0.25201,0.17671,0.14115,0.43511,0.16213,0.15783,0.2257,0.18465,0.095449,0.2441,0.042661,0.1784,0.12512,0.12218,0.14663,0.18921,0.23939,0.3642,0.30668,0.14797,0.13222,0.19621,0.13716,0.15569,0.17663,0.10629,0.10371,0.30398,0.1756,0.18585,0.15576,0.27835,0.22026,0.11194,0.19298,0.22852
0.6246,0.61609,0.67111,0.73136,0.64831,0.75186,0.52677,0.63634,0.6248,0.47441,0.55674,0.66841,0.53817,0.62681,0.77261,0.57112,0.74254,0.69784,0.71175,0.65734,0.68476,0.5072,0.6327,0.44658,0.40298,0.6542,0.69693,0.53681,0.32043,0.66326,0.50019,0.71475,0.81887,0.42713,0.64136,0.64825,0.54658,0.41912,0.47762,0.52138,0.52118,0.575
0.21442,0.20538,0.13156,0.072123,0.19508,0.053313,0.21467,0.15433,0.15261,0.18881,0.15468,0.16536,0.31476,0.17371,0.0802,0.25127,0.087924,0.13469,0.17769,0.14483,0.17777,0.28974,0.21482,0.1905,0.29958,0.14522,0.13032,0.12328,0.14949,0.17237,0.18068,0.16036,0.036712,0.29506,0.24096,0.17289,0.16287,0.29942,0.21595,0.24571,0.18439,0.21523
0.42838,0.48241,0.48643,0.5695,0.44401,0.59011,0.53998,0.49862,0.5766,0.4188,0.6229,0.50794,0.41276,0.52169,0.48759,0.47486,0.59317,0.46206,0.4991,0.5851,0.50565,0.51888,0.39392,0.41956,0.39678,0.53948,0.54341,0.65442,0.69916,0.51904,0.60792,0.53396,0.34394,0.37996,0.46657,0.58596,0.63018,0.44737,0.51727,0.6728,0.50439,0.48224
0.23061,0.19727,0.15253,0.064058,0.15371,0.021389,0.22942,0.16738,0.14748,0.28992,0.15249,0.14619,0.21077,0.16642,0.069812,0.22397,0.039724,0.15349,0.11538,0.12508,0.13729,0.18923,0.23602,0.3884,0.30727,0.14972,0.12641,0.14726,0.16298,0.12198,0.19072,0.083173,0.051211,0.30546,0.17764,0.14488,0.15372,0.31055,0.21743,0.12508,0.18223,0.19596
0.32123,0.32223,0.37321,0.28284,0.3868,0.25408,0.29692,0.3742,0.28875,0.40248,0.24039,0.32394,0.28792,0.30538,0.31634,0.28997,0.26536,0.36173,0.32906,0.28188,0.29378,0.30042,0.35375,0.31708,0.31875,0.33342,0.32544,0.2516,0.18824,0.41158,0.31024,0.30395,0.43151,0.3376,0.31603,0.30876,0.30973,0.32134,0.36262,0.2158,0.43764,0.35192
0.22233,0.21104,0.14703,0.081684,0.22879,0.080883,0.23955,0.1524,0.14718,0.21419,0.16212,0.17593,0.34773,0.19079,0.095701,0.25888,0.096668,0.1563,0.19058,0.13678,0.16116,0.30871,0.22703,0.18688,0.30337,0.14075,0.1177,0.16508,0.15368,0.13337,0.18131,0.15589,0.072279,0.29841,0.26592,0.17703,0.15933,0.27187,0.2235,0.22193,0.19953,0.24636
0.20441,0.24227,0.19277,0.14287,0.21066,0.072503,0.2461,0.21589,0.23014,0.19283,0.25501,0.2071,0.27631,0.23981,0.13508,0.26089,0.062768,0.17645,0.14839,0.20656,0.22686,0.25023,0.23804,0.22421,0.31592,0.18519,0.16016,0.23759,0.28998,0.14506,0.27339,0.16254,0.049566,0.31153,0.20397,0.13209,0.24201,0.31123,0.31157,0.24161,0.25566,0.26437
0.26184,0.2519,0.20537,0.078183,0.19666,0.17731,0.25422,0.16835,0.25274,0.25465,0.25102,0.20934,0.27681,0.1795,0.13024,0.25953,0.1719,0.16692,0.15647,0.18908,0.20735,0.28706,0.14285,0.33168,0.31424,0.21434,0.14754,0.3102,0.38816,0.15813,0.27643,0.1547,0.020433,0.32299,0.23412,0.10664,0.25837,0.27089,0.30279,0.25151,0.26695,0.29868
0.27047,0.25375,0.22165,0.10776,0.31642,0.16411,0.30034,0.23092,0.21407,0.42286,0.22262,0.24295,0.27065,0.19517,0.21466,0.28787,0.21346,0.22388,0.17812,0.20071,0.2114,0.23373,0.14834,0.41919,0.29794,0.1886,0.1332,0.25728,0.14761,0.25443,0.21482,0.23419,0.10365,0.26792,0.22371,0.2733,0.22548,0.32451,0.23835,0.20765,0.20865,0.24536
0.61741,0.64375,0.67981,0.88884,0.61931,0.76714,0.61448,0.7068,0.69083,0.50174,0.69581,0.70315,0.56213,0.79508,0.77131,0.61177,0.78796,0.77279,0.7809,0.73301,0.75171,0.51187,0.82781,0.4862,0.46077,0.72881,0.84968,0.53843,0.2516,0.68214,0.60791,0.77247,0.85395,0.47545,0.68969,0.77557,0.65975,0.50107,0.51323,0.59889,0.58289,0.52676
0.2801,0.251,0.25099,0.0983,0.25091,0.21973,0.24229,0.22012,0.21509,0.2381,0.22874,0.21273,0.30609,0.15004,0.21351,0.27004,0.16573,0.14894,0.20463,0.24488,0.20588,0.35669,0.17287,0.17073,0.3069,0.24461,0.12306,0.18813,0.16684,0.22746,0.24135,0.20067,0.029854,0.24114,0.24615,0.14108,0.1751,0.28566,0.22539,0.33139,0.1871,0.27044
0.26874,0.2598,0.25664,0.083314,0.17972,0.22637,0.27412,0.17048,0.27431,0.23364,0.27384,0.2047,0.28337,0.18925,0.14401,0.2605,0.13053,0.15132,0.16181,0.22185,0.20973,0.29234,0.15902,0.24034,0.3277,0.23821,0.1539,0.45712,0.66646,0.19373,0.34107,0.14315,0.01814,0.40303,0.22999,0.10076,0.35816,0.23087,0.39683,0.3101,0.34437,0.37709
0.25964,0.24604,0.19773,0.081193,0.25281,0.16695,0.27965,0.19985,0.2152,0.32696,0.21515,0.21963,0.25452,0.17127,0.14475,0.25923,0.22505,0.18408,0.15074,0.19612,0.20409,0.2577,0.1516,0.41211,0.28938,0.20975,0.13903,0.2146,0.16604,0.18992,0.23363,0.21318,0.039461,0.26346,0.2479,0.18195,0.21858,0.32495,0.22681,0.21697,0.19728,0.26904
0.32165,0.36086,0.3845,0.37978,0.43886,0.32978,0.34655,0.45248,0.36773,0.40477,0.33552,0.40364,0.34546,0.38697,0.41277,0.33818,0.39336,0.44153,0.39243,0.34863,0.36889,0.32085,0.36426,0.39686,0.33879,0.35764,0.37998,0.32955,0.15748,0.48546,0.36214,0.39633,0.49797,0.36679,0.3568,0.45139,0.38547,0.4255,0.40027,0.3026,0.49406,0.31816
0.28117,0.26843,0.23738,0.13143,0.28711,0.2562,0.27208,0.24224,0.20876,0.27701,0.23017,0.25556,0.31531,0.17282,0.23584,0.28904,0.18379,0.18127,0.241,0.26396,0.19341,0.36653,0.17362,0.16411,0.31911,0.18938,0.11848,0.21871,0.14526,0.18965,0.22074,0.20041,0.091935,0.25849,0.26097,0.19032,0.17396,0.29503,0.24195,0.28166,0.21262,0.24147
0.27641,0.25377,0.27269,0.08632,0.20836,0.22646,0.24765,0.19448,0.25762,0.21402,0.25313,0.19761,0.27672,0.17379,0.16938,0.26375,0.1424,0.1341,0.17624,0.21848,0.21368,0.29076,0.17684,0.19154,0.31344,0.25091,0.14791,0.31732,0.46773,0.21887,0.31432,0.14481,0.019126,0.32634,0.22146,0.095865,0.2481,0.24828,0.3311,0.33304,0.25221,0.35472
0.21945,0.21786,0.2403,0.081201,0.1888,0.2399,0.23711,0.1644,0.20149,0.25241,0.28306,0.1825,0.29098,0.10992,0.12262,0.25813,0.17078,0.11629,0.095194,0.13538,0.19876,0.27825,0.033699,0.29411,0.30698,0.1886,0.21379,0.30001,0.29707,0.10225,0.21193,0.14536,0.028859,0.27877,0.27132,0.16886,0.2527,0.32504,0.29154,0.22485,0.24848,0.33545
0.24884,0.23938,0.23264,0.094347,0.33833,0.17465,0.2656,0.23605,0.20983,0.36847,0.15782,0.22512,0.28422,0.14591,0.23924,0.30047,0.24834,0.22864,0.1387,0.19215,0.2475,0.22962,0.030001,0.38304,0.30752,0.17821,0.15599,0.21606,0.11852,0.1708,0.1778,0.19056,0.13209,0.20899,0.22254,0.22145,0.21543,0.29491,0.21925,0.25595,0.17937,0.22065
0.64156,0.67579,0.61338,0.8679,0.62959,0.64694,0.65531,0.69743,0.71679,0.52624,0.61489,0.74194,0.53601,0.8262,0.75334,0.61791,0.76203,0.78466,0.82356,0.7649,0.7308,0.48736,0.91608,0.53105,0.4712,0.77197,0.77819,0.5915,0.20372,0.75272,0.65368,0.81318,0.83583,0.52596,0.61142,0.78161,0.68315,0.42387,0.55414,0.67642,0.62591,0.47572
0.26415,0.22143,0.27252,0.084349,0.19475,0.20288,0.25604,0.20067,0.18909,0.25649,0.17814,0.15926,0.27703,0.12636,0.18901,0.25289,0.11295,0.095572,0.15843,0.19392,0.18368,0.36662,0.02642,0.12075,0.2992,0.214,0.14986,0.1877,0.17499,0.13819,0.20508,0.074169,0.043527,0.20292,0.28701,0.10268,0.17559,0.30718,0.19502,0.28208,0.14912,0.19998
0.28583,0.30269,0.3343,0.26519,0.23666,0.4041,0.27543,0.25679,0.32896,0.29362,0.51029,0.26117,0.36025,0.25702,0.2284,0.26491,0.26197,0.20122,0.2462,0.27289,0.25742,0.36963,0.23646,0.36635,0.31781,0.21884,0.29887,0.43125,0.68645,0.32623,0.45377,0.29841,0.026072,0.46587,0.33772,0.15498,0.34271,0.37242,0.42595,0.2145,0.38208,0.45102
0.22346,0.21642,0.23069,0.076828,0.26461,0.17623,0.24414,0.17883,0.1936,0.29807,0.17806,0.21596,0.2787,0.10862,0.155,0.28153,0.25573,0.16532,0.1048,0.16907,0.22695,0.26186,0.037549,0.33331,0.29708,0.19723,0.17136,0.21555,0.13416,0.13665,0.19551,0.17892,0.052649,0.19099,0.29234,0.21253,0.21712,0.33201,0.20485,0.28508,0.16772,0.23731
0.35591,0.37694,0.36521,0.35993,0.44527,0.33532,0.3319,0.45056,0.37399,0.38439,0.27683,0.39779,0.32746,0.38778,0.43069,0.33576,0.39457,0.46974,0.38059,0.38072,0.38234,0.29519,0.31392,0.42349,0.34041,0.35163,0.35575,0.30591,0.11813,0.45962,0.33525,0.37158,0.51106,0.38088,0.29043,0.45384,0.37869,0.35514,0.40663,0.32613,0.4804,0.27678
0.28802,0.24381,0.25218,0.10897,0.24822,0.22222,0.27575,0.23516,0.1923,0.28054,0.14803,0.20864,0.27227,0.14896,0.19999,0.27864,0.12475,0.11932,0.17998,0.22742,0.19268,0.33693,0.028081,0.11888,0.3193,0.16668,0.14521,0.20047,0.12498,0.12043,0.18013,0.079724,0.12537,0.22333,0.24509,0.098353,0.16451,0.27822,0.21408,0.2066,0.17656,0.15889
0.25927,0.22244,0.27504,0.080076,0.17214,0.30988,0.23764,0.18519,0.20794,0.23716,0.30731,0.15333,0.28573,0.13256,0.15079,0.23966,0.10184,0.081197,0.13942,0.14933,0.17401,0.30339,0.036402,0.1771,0.30421,0.22953,0.18847,0.3344,0.55388,0.15411,0.25513,0.10096,0.028787,0.33516,0.27686,0.12674,0.23902,0.2844,0.29538,0.26528,0.23663,0.4592
0.31338,0.32367,0.31223,0.22074,0.25183,0.15794,0.30463,0.31947,0.32337,0.22171,0.33438,0.33574,0.31404,0.31733,0.27602,0.29353,0.21795,0.32605,0.25003,0.3081,0.32182,0.33796,0.35713,0.39307,0.34711,0.30799,0.24325,0.30906,0.32489,0.25345,0.31668,0.27836,0.17118,0.33052,0.38529,0.17963,0.274,0.36173,0.31564,0.29968,0.29436,0.29359
0.32857,0.27063,0.25533,0.13663,0.26423,0.13941,0.29229,0.2856,0.24084,0.42694,0.14158,0.23326,0.20735,0.2261,0.22896,0.25487,0.18753,0.32473,0.22602,0.23189,0.27163,0.27433,0.3369,0.39829,0.26407,0.22844,0.17309,0.24146,0.23784,0.28274,0.21619,0.2421,0.23363,0.32646,0.23445,0.25353,0.20182,0.22657,0.24141,0.21772,0.1853,0.25711
0.31723,0.29447,0.28322,0.16827,0.38475,0.23875,0.31895,0.33313,0.25308,0.28316,0.15567,0.26329,0.2728,0.27981,0.27851,0.29827,0.25552,0.27384,0.30769,0.18717,0.27574,0.29565,0.28018,0.19527,0.29964,0.29446,0.17771,0.31663,0.29529,0.19775,0.25423,0.17213,0.41652,0.33966,0.27369,0.20205,0.3052,0.23058,0.36686,0.16355,0.26775,0.29412
0.28152,0.28995,0.28974,0.11348,0.29253,0.15549,0.26977,0.25294,0.22263,0.19286,0.17281,0.27168,0.28875,0.24,0.2621,0.30586,0.21778,0.17835,0.28996,0.22596,0.27549,0.28055,0.2552,0.17119,0.31919,0.32047,0.21194,0.17421,0.21918,0.21238,0.28221,0.23231,0.32414,0.31455,0.28385,0.16893,0.1861,0.28246,0.23089,0.27029,0.16778,0.2995
0.48947,0.54606,0.57754,0.88447,0.50621,0.86651,0.54517,0.53853,0.66696,0.55111,0.80438,0.62457,0.61758,0.6595,0.66771,0.56966,0.7714,0.61611,0.64268,0.72309,0.58242,0.55747,0.49335,0.53153,0.49052,0.57126,0.80873,0.66133,0.6512,0.73557,0.63416,0.74273,0.50446,0.38272,0.56832,0.80903,0.71454,0.60634,0.54476,0.71739,0.75383,0.55108
0.31212,0.28658,0.25096,0.10964,0.20787,0.11176,0.27299,0.2655,0.24396,0.26051,0.1558,0.24652,0.21874,0.21458,0.20501,0.24818,0.18913,0.30813,0.21037,0.2388,0.27511,0.28562,0.35227,0.39995,0.28487,0.2238,0.16959,0.19718,0.23207,0.30414,0.23896,0.28019,0.17827,0.31942,0.27806,0.19994,0.20385,0.28836,0.23329,0.25875,0.17152,0.25699
0.32648,0.27857,0.27628,0.16682,0.37994,0.20336,0.31352,0.32199,0.26358,0.43297,0.15027,0.24502,0.24383,0.26543,0.26566,0.27676,0.21609,0.31914,0.2837,0.19479,0.27089,0.287,0.3022,0.30542,0.28129,0.28854,0.1811,0.30622,0.29987,0.23294,0.23975,0.15773,0.42496,0.33658,0.24072,0.26803,0.3071,0.22549,0.35725,0.16006,0.27192,0.27057
0.30053,0.29682,0.28261,0.13954,0.31878,0.20502,0.29452,0.27909,0.22031,0.20985,0.15866,0.26952,0.25795,0.25784,0.25897,0.31217,0.24301,0.20995,0.29921,0.22442,0.26671,0.30179,0.2593,0.16898,0.31096,0.29101,0.16902,0.22998,0.2285,0.1983,0.25653,0.22955,0.30392,0.32687,0.31007,0.13551,0.18565,0.23014,0.24901,0.24041,0.17656,0.29556
0.28279,0.32428,0.34695,0.2229,0.2961,0.16622,0.30073,0.31509,0.31843,0.2192,0.30808,0.32581,0.38117,0.30708,0.31551,0.32582,0.26069,0.24677,0.28335,0.31138,0.33355,0.28034,0.29871,0.23471,0.34717,0.34522,0.30017,0.30423,0.28735,0.21065,0.35514,0.26919,0.27982,0.31815,0.29442,0.22197,0.27479,0.3609,0.33671,0.31288,0.27633,0.37572
0.2717,0.3293,0.28526,0.21287,0.25131,0.34692,0.30614,0.23635,0.35564,0.22521,0.35749,0.29991,0.32763,0.31436,0.28877,0.32018,0.30331,0.30853,0.28326,0.30848,0.32953,0.35235,0.36201,0.42876,0.35775,0.30635,0.38074,0.36082,0.39312,0.30954,0.35627,0.30148,0.11939,0.34717,0.41975,0.22493,0.34235,0.33677,0.32549,0.31213,0.36736,0.34865
0.32085,0.32906,0.30847,0.33168,0.36995,0.26402,0.37413,0.35403,0.35147,0.45824,0.31662,0.35247,0.31143,0.33939,0.38403,0.34471,0.39238,0.40872,0.32385,0.3709,0.3654,0.32353,0.3486,0.44426,0.29335,0.26885,0.29404,0.28498,0.28248,0.37061,0.2712,0.36548,0.23964,0.30079,0.30174,0.42423,0.30082,0.33019,0.25349,0.30482,0.27729,0.30006
0.39846,0.35906,0.36432,0.50216,0.4094,0.36434,0.36587,0.45224,0.32277,0.37584,0.31323,0.4013,0.34775,0.40063,0.35947,0.33761,0.36425,0.38501,0.40548,0.30862,0.33726,0.3534,0.31889,0.20718,0.3441,0.29577,0.31609,0.34553,0.30318,0.27819,0.30212,0.25581,0.59352,0.36569,0.28778,0.43214,0.38063,0.33421,0.41017,0.28848,0.3827,0.28197
0.33683,0.3301,0.35381,0.26399,0.32218,0.30718,0.29085,0.29087,0.28732,0.268,0.33022,0.28996,0.34089,0.28865,0.31945,0.33425,0.29236,0.24364,0.32845,0.33323,0.31094,0.31993,0.30176,0.20245,0.32294,0.38589,0.2947,0.21505,0.27632,0.3382,0.33678,0.41193,0.25243,0.27856,0.27338,0.20159,0.23548,0.33733,0.24091,0.43062,0.24335,0.34946
0.28504,0.31277,0.3312,0.2195,0.23243,0.4038,0.30609,0.25143,0.36207,0.21788,0.37077,0.3006,0.33829,0.30181,0.28103,0.32837,0.25875,0.26429,0.28991,0.32952,0.31502,0.31153,0.34313,0.30681,0.37272,0.39732,0.41129,0.51178,0.45361,0.34048,0.41647,0.28902,0.13425,0.40419,0.43079,0.24679,0.42835,0.32167,0.43699,0.30016,0.45685,0.38126
0.3009,0.33537,0.28313,0.23819,0.3021,0.27955,0.34127,0.28895,0.33953,0.31608,0.325,0.31667,0.3267,0.29531,0.31988,0.32341,0.37398,0.36501,0.27532,0.35613,0.34598,0.35672,0.37089,0.50429,0.30776,0.27578,0.33884,0.23179,0.30414,0.3619,0.30108,0.40116,0.138,0.29211,0.36528,0.28934,0.31198,0.3802,0.23174,0.34367,0.26584,0.3365
0.37114,0.34074,0.34818,0.47465,0.44352,0.31203,0.38269,0.42636,0.34416,0.47318,0.31036,0.38444,0.3245,0.4209,0.39433,0.34654,0.39472,0.43484,0.39322,0.3029,0.36148,0.33812,0.32906,0.30717,0.32744,0.29384,0.29027,0.36289,0.30721,0.31866,0.2938,0.24177,0.58187,0.35752,0.28119,0.53829,0.39554,0.33349,0.40329,0.25766,0.34463,0.27248
0.36774,0.34883,0.35966,0.37601,0.33924,0.34208,0.32647,0.35603,0.29127,0.31927,0.32514,0.35115,0.33314,0.31447,0.34004,0.33986,0.31598,0.2927,0.36823,0.36841,0.31119,0.35181,0.29413,0.18999,0.32877,0.321,0.28284,0.2487,0.26393,0.29704,0.30349,0.3673,0.31597,0.29864,0.27828,0.23508,0.24126,0.30736,0.26238,0.38765,0.27436,0.32429
0.32585,0.31189,0.35368,0.22593,0.2673,0.35661,0.29088,0.27273,0.33697,0.23013,0.3458,0.2809,0.3479,0.2962,0.29222,0.32386,0.27084,0.22861,0.3041,0.31312,0.31774,0.2855,0.32334,0.23659,0.3381,0.41733,0.36523,0.33719,0.36752,0.37189,0.39021,0.32013,0.19186,0.33461,0.31567,0.22858,0.3106,0.31359,0.35688,0.34064,0.3301,0.38568
0.23075,0.31203,0.31658,0.22037,0.24752,0.34456,0.31031,0.25042,0.3322,0.22746,0.36366,0.2882,0.32855,0.19991,0.28014,0.30589,0.29123,0.28383,0.24364,0.23194,0.29697,0.29806,0.33265,0.43029,0.36038,0.36095,0.4073,0.38459,0.33273,0.21615,0.33611,0.25977,0.076256,0.30566,0.41269,0.31342,0.33664,0.39663,0.32903,0.32895,0.35672,0.41281
0.30947,0.33327,0.3315,0.25836,0.40932,0.19046,0.37897,0.37319,0.34634,0.49536,0.22262,0.3833,0.37895,0.30417,0.42166,0.35498,0.41275,0.42317,0.33011,0.3529,0.37603,0.27964,0.31401,0.38381,0.32086,0.30576,0.27786,0.2606,0.30901,0.26716,0.23558,0.30859,0.24665,0.22179,0.27752,0.329,0.30465,0.25177,0.24852,0.30891,0.17907,0.30581
0.44911,0.3719,0.34538,0.39979,0.41451,0.32538,0.35025,0.41756,0.30714,0.34128,0.20097,0.39003,0.33498,0.49196,0.32691,0.32933,0.32657,0.37509,0.39974,0.40322,0.3529,0.31904,0.34269,0.19821,0.34088,0.29517,0.21035,0.33554,0.33898,0.21873,0.27924,0.22694,0.65351,0.40403,0.23025,0.37982,0.37615,0.20834,0.40843,0.23827,0.18714,0.23372
0.30793,0.30349,0.31643,0.23336,0.2514,0.23973,0.27367,0.27125,0.27975,0.22347,0.2394,0.24036,0.28897,0.2443,0.27581,0.34847,0.24891,0.21235,0.29455,0.31183,0.29399,0.38586,0.28186,0.20465,0.30106,0.30574,0.24944,0.20902,0.26698,0.31167,0.31146,0.38013,0.11703,0.21721,0.29469,0.27103,0.20886,0.31768,0.22201,0.41389,0.1339,0.31056
0.30891,0.36461,0.37569,0.58712,0.27539,0.56247,0.35247,0.31137,0.45423,0.2853,0.64311,0.35535,0.33971,0.35892,0.36074,0.31977,0.38051,0.32914,0.408,0.34435,0.34871,0.40763,0.44567,0.44966,0.3645,0.41475,0.55629,0.52616,0.46076,0.64879,0.55541,0.54035,0.068044,0.52653,0.48295,0.37152,0.46668,0.52522,0.47218,0.34779,0.76527,0.39453
0.26571,0.30886,0.3169,0.20018,0.3293,0.22115,0.34599,0.30058,0.32593,0.34223,0.24504,0.35765,0.37913,0.20936,0.33094,0.33579,0.39937,0.3516,0.27759,0.31571,0.34171,0.30571,0.33808,0.45189,0.33206,0.34074,0.33028,0.21976,0.2918,0.25656,0.2766,0.30777,0.11491,0.20229,0.37845,0.27723,0.30812,0.32724,0.21826,0.37233,0.14307,0.33701
0.41515,0.37163,0.36082,0.37666,0.46451,0.29441,0.39188,0.43205,0.32782,0.47241,0.20932,0.38408,0.35177,0.48461,0.41232,0.35054,0.38524,0.47465,0.39288,0.36582,0.3835,0.30218,0.33371,0.26855,0.33673,0.30396,0.21858,0.35791,0.34282,0.22848,0.25577,0.22817,0.62809,0.37264,0.21909,0.43118,0.40908,0.21229,0.41409,0.20718,0.17463,0.25066
0.36372,0.33583,0.3174,0.30553,0.29724,0.23017,0.29951,0.32654,0.28458,0.27613,0.20706,0.31539,0.30975,0.32681,0.29293,0.33939,0.26424,0.24736,0.34345,0.39177,0.31249,0.36244,0.29848,0.18519,0.31699,0.27605,0.2248,0.23104,0.28617,0.25284,0.28293,0.31778,0.27216,0.23724,0.25497,0.25366,0.20836,0.24608,0.24813,0.34091,0.19225,0.27337
0.28936,0.28616,0.31294,0.22416,0.21847,0.42031,0.27429,0.26353,0.3099,0.19616,0.40012,0.24265,0.27179,0.22676,0.25545,0.31207,0.23159,0.18995,0.26306,0.23711,0.27622,0.31617,0.2836,0.27118,0.32146,0.37266,0.36532,0.34811,0.33277,0.36592,0.35502,0.31841,0.078209,0.36558,0.35112,0.33237,0.29196,0.38261,0.33202,0.38657,0.33777,0.42212
0.2472,0.23571,0.27307,0.12362,0.17935,0.14486,0.31075,0.26009,0.2578,0.17405,0.26603,0.25427,0.26586,0.25684,0.28062,0.26798,0.18876,0.24085,0.21879,0.25397,0.35908,0.32797,0.33512,0.28058,0.38873,0.27023,0.19353,0.26247,0.29235,0.19388,0.28284,0.2335,0.20094,0.29181,0.44378,0.1525,0.27586,0.3175,0.31517,0.31529,0.24166,0.27934
0.28775,0.18957,0.22793,0.065231,0.24765,0.12574,0.29584,0.22334,0.18582,0.30143,0.18466,0.15715,0.18141,0.17675,0.20944,0.25538,0.16988,0.27421,0.1995,0.18114,0.25256,0.2774,0.31235,0.34918,0.22135,0.21458,0.078968,0.20094,0.28967,0.24409,0.20781,0.17525,0.1951,0.32367,0.2346,0.24229,0.20143,0.27668,0.23667,0.2824,0.1761,0.23323
0.46248,0.33528,0.30409,0.27418,0.42388,0.17034,0.32004,0.40593,0.31358,0.3599,0.43923,0.29198,0.34827,0.31559,0.4292,0.43627,0.41924,0.42659,0.41168,0.34035,0.29245,0.28039,0.30002,0.47554,0.23705,0.36264,0.36096,0.26577,0.38011,0.48252,0.27332,0.29236,0.40533,0.36269,0.28767,0.36709,0.34487,0.35805,0.38956,0.28639,0.43312,0.34764
0.24418,0.19108,0.28737,0.054615,0.20622,0.11475,0.27158,0.1976,0.17418,0.15507,0.1432,0.21761,0.22448,0.1937,0.25579,0.24534,0.14705,0.094211,0.19087,0.16232,0.24473,0.25965,0.24865,0.084415,0.28316,0.3263,0.13696,0.17521,0.2488,0.10495,0.29825,0.10063,0.44503,0.2983,0.22469,0.076872,0.20188,0.28929,0.22052,0.1612,0.13449,0.31404
0.39974,0.47203,0.49759,0.58231,0.40007,0.91791,0.52747,0.48089,0.5404,0.40966,0.61036,0.55838,0.66085,0.51286,0.60952,0.46948,0.7781,0.57801,0.64086,0.71845,0.60836,0.56424,0.41084,0.53181,0.58651,0.55503,0.78412,0.75831,0.53939,0.64511,0.5656,0.55675,0.41665,0.3477,0.56148,0.72682,0.66447,0.47591,0.54523,0.69775,0.67348,0.52762
0.26023,0.20157,0.2221,0.053672,0.16188,0.10451,0.27836,0.20402,0.1985,0.21107,0.17381,0.16644,0.15635,0.17437,0.20868,0.23561,0.16644,0.24642,0.18539,0.1965,0.24484,0.28701,0.3206,0.25768,0.28442,0.19521,0.10375,0.18052,0.26083,0.28005,0.22644,0.21878,0.17881,0.28927,0.30341,0.20599,0.21002,0.30606,0.24122,0.32514,0.15057,0.23954
0.45665,0.63679,0.47435,0.73392,0.62486,0.17008,0.3336,0.53622,0.58092,0.66067,0.45468,0.56486,0.31829,0.60658,0.23567,0.44215,0.17561,0.48694,0.41824,0.34832,0.23394,0.33525,0.47567,0.42482,0.21504,0.29123,0.35091,0.25135,0.32946,0.36733,0.40073,0.64498,0.27428,0.44648,0.27744,0.43238,0.35493,0.37058,0.3377,0.2076,0.38048,0.29898
0.27834,0.19847,0.27246,0.072996,0.25602,0.1297,0.29,0.23318,0.16716,0.21751,0.15563,0.21065,0.23481,0.20699,0.23542,0.25563,0.16355,0.11744,0.20104,0.1649,0.23369,0.25665,0.25052,0.083208,0.26112,0.29858,0.10171,0.21899,0.28028,0.1147,0.2635,0.105,0.36152,0.32528,0.24238,0.088722,0.18124,0.26839,0.24078,0.15021,0.15083,0.32561
0.2627,0.22629,0.31973,0.12763,0.20494,0.14725,0.29764,0.25259,0.27101,0.17048,0.21891,0.27397,0.32718,0.24782,0.31884,0.27502,0.21753,0.17357,0.21434,0.23901,0.34988,0.3007,0.27872,0.17153,0.35242,0.35043,0.21926,0.26537,0.27954,0.12732,0.33456,0.18498,0.38432,0.28252,0.26777,0.10831,0.2814,0.28498,0.34174,0.23348,0.24724,0.3419
0.23811,0.26631,0.24455,0.071939,0.19887,0.4263,0.32756,0.18769,0.26289,0.15092,0.19337,0.20786,0.34901,0.22825,0.31653,0.28687,0.27249,0.25439,0.24198,0.29136,0.44472,0.32104,0.3297,0.32351,0.36148,0.27555,0.2073,0.37883,0.34882,0.25814,0.2953,0.25641,0.1881,0.29776,0.42173,0.081864,0.323,0.25961,0.32876,0.26728,0.22281,0.28027
0.3271,0.25962,0.2582,0.11185,0.31057,0.24785,0.38164,0.29471,0.25413,0.36734,0.23121,0.25015,0.29774,0.20017,0.35515,0.30883,0.38374,0.36597,0.30753,0.33444,0.3031,0.31388,0.3269,0.38481,0.26135,0.25015,0.15245,0.2845,0.33244,0.31772,0.26532,0.22682,0.21313,0.30477,0.25602,0.25608,0.25115,0.31661,0.24485,0.28813,0.20554,0.29853
0.49489,0.37792,0.37707,0.37824,0.42886,0.28266,0.3441,0.50223,0.37001,0.39474,0.59959,0.39311,0.35715,0.37986,0.45819,0.44554,0.5868,0.48662,0.50693,0.43814,0.31124,0.35952,0.32246,0.44689,0.30738,0.41712,0.61967,0.33252,0.38841,0.54229,0.33014,0.3599,0.4771,0.35704,0.31692,0.62247,0.42983,0.46661,0.43906,0.48141,0.62844,0.40191
0.24654,0.2526,0.32525,0.081269,0.2467,0.26608,0.27595,0.20676,0.19572,0.15333,0.19016,0.20377,0.31238,0.20707,0.26778,0.27891,0.20719,0.17263,0.23135,0.26063,0.24881,0.30357,0.27691,0.27483,0.33689,0.33952,0.16252,0.2219,0.27571,0.2305,0.31627,0.27213,0.44338,0.28245,0.27993,0.10097,0.25124,0.31299,0.23057,0.40045,0.15496,0.34602
0.22979,0.24818,0.27004,0.076862,0.18191,0.49174,0.31064,0.20086,0.2836,0.13091,0.1922,0.22034,0.35585,0.23231,0.31268,0.29192,0.22235,0.21188,0.23363,0.28495,0.48002,0.3295,0.2979,0.27105,0.42171,0.40004,0.24338,0.5168,0.36428,0.23774,0.32009,0.26526,0.25521,0.31407,0.44888,0.09487,0.41095,0.20757,0.43802,0.21564,0.29462,0.29943
0.28182,0.26757,0.23888,0.079484,0.2198,0.27938,0.35697,0.23406,0.2439,0.23642,0.19225,0.20999,0.33142,0.19338,0.33903,0.29288,0.34598,0.32147,0.253,0.33749,0.29358,0.32035,0.3209,0.3736,0.29394,0.22593,0.1708,0.225,0.32742,0.3494,0.28058,0.27913,0.1699,0.27528,0.32588,0.1337,0.28027,0.30347,0.23204,0.29533,0.17864,0.29789
0.50362,0.62788,0.54524,0.89543,0.64957,0.28416,0.39042,0.60438,0.6661,0.72143,0.59156,0.71079,0.31735,0.73089,0.34109,0.47088,0.35904,0.55986,0.54449,0.45918,0.27149,0.42315,0.50868,0.37204,0.28648,0.32701,0.60058,0.35995,0.34242,0.44477,0.51074,0.63596,0.33126,0.5146,0.30094,0.68449,0.42728,0.46314,0.38885,0.30711,0.53555,0.36012
0.288,0.26521,0.32615,0.11452,0.27784,0.24768,0.30366,0.29045,0.21447,0.22521,0.23647,0.23999,0.33072,0.21248,0.27537,0.27061,0.21734,0.20645,0.26734,0.27213,0.25512,0.30297,0.27326,0.216,0.31233,0.31811,0.16152,0.25525,0.28749,0.19461,0.28953,0.23932,0.38529,0.30852,0.25777,0.15417,0.24023,0.3149,0.25718,0.40094,0.18031,0.37873
0.24853,0.23928,0.30311,0.07363,0.19656,0.37961,0.28963,0.19526,0.24788,0.13677,0.18346,0.20651,0.34322,0.22337,0.29513,0.2829,0.21409,0.1743,0.2231,0.25158,0.31006,0.30811,0.28037,0.27178,0.38622,0.39115,0.21916,0.32116,0.31798,0.26614,0.32783,0.26298,0.37785,0.27707,0.33624,0.10391,0.31144,0.26043,0.35066,0.25402,0.22603,0.31548
0.22284,0.24149,0.26153,0.085088,0.19365,0.37314,0.33723,0.20444,0.2357,0.16159,0.24215,0.18895,0.38739,0.13773,0.2988,0.2632,0.26443,0.26071,0.20994,0.21487,0.46545,0.26013,0.30487,0.36055,0.36213,0.3482,0.29529,0.42322,0.31437,0.16016,0.28147,0.17486,0.15342,0.13464,0.4032,0.088386,0.28971,0.29773,0.33122,0.24253,0.25741,0.39818
0.30233,0.23816,0.26775,0.1012,0.32786,0.16825,0.40707,0.30023,0.23936,0.41735,0.18597,0.24708,0.33166,0.17632,0.36563,0.28636,0.33706,0.31382,0.29078,0.27362,0.29133,0.25262,0.32127,0.29472,0.29902,0.29442,0.18856,0.27069,0.37048,0.19088,0.22571,0.12218,0.24142,0.031289,0.22541,0.19414,0.22207,0.29758,0.23658,0.17843,0.22927,0.30219
0.49345,0.38032,0.36683,0.36758,0.41346,0.25506,0.30652,0.47465,0.34866,0.35165,0.4965,0.37518,0.32593,0.43103,0.46713,0.46129,0.53543,0.48014,0.5292,0.51585,0.29741,0.37512,0.33705,0.35074,0.32926,0.39881,0.45715,0.30514,0.39566,0.58335,0.31519,0.35344,0.62111,0.22087,0.27661,0.63101,0.47077,0.36931,0.442,0.45118,0.54294,0.34541
0.26979,0.22323,0.24474,0.093987,0.2063,0.1973,0.23019,0.17772,0.17683,0.1543,0.22349,0.13654,0.26118,0.14146,0.23329,0.29347,0.21029,0.19145,0.17335,0.23385,0.24194,0.31157,0.27806,0.31492,0.30892,0.26313,0.15126,0.19896,0.25226,0.21526,0.25943,0.26147,0.31302,0.046147,0.29777,0.17009,0.21788,0.35137,0.20916,0.47138,0.17132,0.2965
0.27922,0.29463,0.33409,0.27869,0.22648,0.63792,0.3772,0.2657,0.35836,0.18891,0.46697,0.24669,0.38829,0.23423,0.39118,0.30048,0.41696,0.33483,0.31387,0.36088,0.51086,0.45034,0.31564,0.45303,0.3917,0.41207,0.51798,0.5528,0.36363,0.50585,0.46269,0.35733,0.197,0.37814,0.51037,0.11933,0.43669,0.36572,0.48355,0.30051,0.45189,0.32187
0.26587,0.23357,0.25819,0.077523,0.2412,0.19378,0.38834,0.24763,0.22613,0.25444,0.17627,0.21487,0.38594,0.13546,0.33601,0.27186,0.33422,0.28616,0.25201,0.26245,0.28776,0.25607,0.30578,0.33603,0.31244,0.30585,0.21119,0.18625,0.33357,0.20035,0.24565,0.14631,0.1595,0.045404,0.30822,0.092207,0.24111,0.31334,0.20584,0.18484,0.17835,0.30476
0.491,0.66841,0.60128,0.85579,0.66085,0.25226,0.38199,0.61749,0.68981,0.70023,0.47313,0.7648,0.3326,0.78306,0.33084,0.47406,0.32349,0.54026,0.57314,0.49358,0.27461,0.41254,0.51755,0.26964,0.32677,0.33428,0.48502,0.3602,0.38091,0.41049,0.53861,0.71259,0.42021,0.87557,0.25427,0.66724,0.45994,0.35991,0.40125,0.20656,0.44934,0.34239
0.30313,0.2428,0.25178,0.11923,0.26158,0.17074,0.25705,0.24458,0.19058,0.21648,0.22688,0.17203,0.28388,0.1962,0.25329,0.28195,0.22736,0.21799,0.21563,0.2828,0.24684,0.30839,0.28251,0.24993,0.30597,0.27173,0.12423,0.22874,0.28362,0.15193,0.24349,0.22213,0.34746,0.031836,0.23848,0.19398,0.21831,0.30431,0.23565,0.44109,0.20913,0.30949
0.24695,0.20823,0.24941,0.090609,0.16382,0.43719,0.26171,0.19523,0.20627,0.1208,0.29289,0.14916,0.27296,0.13856,0.25455,0.28519,0.20874,0.18135,0.15553,0.18813,0.26709,0.31148,0.26852,0.32803,0.35233,0.33888,0.28579,0.30389,0.27328,0.25207,0.28164,0.23429,0.26986,0.1313,0.37999,0.14733,0.29936,0.32994,0.32012,0.34893,0.2745,0.36522
