1,0,0,0,0,0,0,0,0,0,0,1.5276e-214,2.5464e-159,0,0,6.7154e-196,0,0,0,0,0,0,1.4883e-225,0,0,0,0,0,3.6716e-272,0,0,0,0,0,5.7114e-284,3.016e-118,3.1144e-174,0,0,0,0,0,0,0,0,0,0,0,0,0,0
0,1,7.2029e-29,3.525e-261,0,0,2.1373e-112,1.6607e-87,0,0,5.0877e-111,0,0,2.8113e-319,0,0,1.1453e-117,2.6784e-122,0,0,0,1.011e-95,0,0,8.1919e-109,1.0769e-95,0,7.7629e-225,0,0,0,0,2.6647e-231,3.8494e-150,0,0,0,0,0,7.892e-88,0,5.2954e-201,0,5.119e-34,0,0,0,0,0,4.0672e-102,0
0,7.2029e-29,1,1.9158e-262,0,0,1.6061e-114,2.642e-88,0,0,1.4372e-111,0,0,7.5972e-320,0,0,3.4567e-120,2.1459e-123,0,0,0,1.7508e-96,0,0,2.2898e-109,4.694e-98,0,5.5265e-225,0,0,0,0,1.2124e-231,6.4975e-151,0,0,0,0,0,2.1603e-89,0,3.8858e-201,0,4.2658e-36,0,0,0,0,0,8.2981e-104,0
0,3.525e-261,1.9158e-262,1,0,0,3.7238e-320,0,0,0,0,0,0,0,0,0,0,0,0,0,0,0,0,0,0,4.5895e-274,0,0,0,0,0,0,1.0395e-75,0,0,0,0,0,0,1.8258e-272,0,0,0,1.8654e-271,0,0,0,0,0,4.3144e-280,0
0,0,0,0,1,5.5598e-156,0,2.0176e-310,0,0,1.118e-283,0,6.2719e-306,9.8158e-85,0,9.2361e-294,2.2418e-298,6.6959e-298,0,0,0,1.4089e-308,0,0,1.274e-288,0,0,1.8932e-316,0,0,0,0,0,0,0,0,0,0,0,0,0,7.0406e-203,0,0,0,0,0,0,0,0,0
0,0,0,0,5.5598e-156,1,0,0,0,0,0,0,3.0202e-221,2.8575e-207,0,2.5159e-209,0,0,0,0,0,0,0,0,0,0,0,0,0,0,0,0,0,0,0,2.2016e-248,0,0,0,0,0,4.7757e-319,0,0,0,0,0,0,0,0,0
0,2.1373e-112,1.6061e-114,3.7238e-320,0,0,1,5.3124e-99,0,0,1.0332e-95,0,0,5.7035e-263,0,0,4.3003e-93,1.3482e-93,0,0,0,4.7589e-85,0,0,1.197e-103,1.4602e-117,0,7.8241e-187,0,0,0,0,5.7448e-296,7.9034e-131,0,0,0,0,0,1.7679e-99,0,1.7959e-155,0,4.5573e-125,0,0,0,0,0,1.2185e-108,0
0,1.6607e-87,2.642e-88,0,2.0176e-310,0,5.3124e-99,1,0,0,6.029e-52,0,0,5.8968e-244,0,0,2.5012e-78,3.1305e-85,0,0,0,4.8162e-60,0,0,3.0509e-52,3.3173e-118,0,1.8376e-196,0,0,0,0,7.1197e-308,7.1429e-128,0,0,0,0,0,1.5445e-107,0,1.4872e-131,0,1.1655e-88,0,0,0,0,0,3.0217e-118,0
0,0,0,0,0,0,0,0,1,8.3535e-119,0,6.4568e-300,0,0,1.4453e-143,0,0,0,1.9141e-89,0,6.6086e-195,0,0,2.7136e-178,0,0,4.2761e-144,0,6.714e-236,0,5.6383e-110,0,0,0,2.0155e-228,0,0,0,0,0,6.8527e-60,0,0,0,0,0,0,2.6381e-124,0,0,0
0,0,0,0,0,0,0,0,8.3535e-119,1,0,3.4264e-218,0,0,4.423e-228,0,0,0,1.6401e-117,0,2.0069e-139,0,5.0111e-246,1.823e-256,0,0,1.0711e-121,0,6.4926e-151,0,5.7274e-78,0,0,0,6.8157e-154,0,5.3661e-244,0,0,0,1.8971e-91,0,0,0,0,0,0,1.2104e-180,0,0,0
0,5.0877e-111,1.4372e-111,0,1.118e-283,0,1.0332e-95,6.029e-52,0,0,1,0,0,6.3425e-217,0,0,2.6698e-71,3.9373e-74,0,0,0,7.6428e-56,0,0,8.5513e-45,3.3934e-129,0,2.6512e-186,0,0,0,0,0,3.6427e-124,0,0,0,0,0,2.649e-116,0,3.1583e-106,0,1.9166e-113,0,0,0,0,0,2.0673e-126,0
1.5276e-214,0,0,0,0,0,0,0,6.4568e-300,3.4264e-218,0,1,0,0,0,0,0,0,6.546e-287,0,3.9112e-172,0,2.3021e-135,0,0,0,9.5103e-240,0,9.6058e-126,0,3.8705e-237,0,0,0,1.0617e-99,1.7761e-316,3.6339e-105,0,0,0,2.6904e-281,0,0,0,0,0,0,0,0,0,0
2.5464e-159,0,0,0,6.2719e-306,3.0202e-221,0,0,0,0,0,0,1,0,0,4.3305e-116,0,0,0,0,0,0,0,0,0,0,0,0,0,0,0,0,0,0,0,2.2462e-94,1.2159e-311,0,0,0,0,0,0,0,0,0,0,0,0,0,0
0,2.8113e-319,7.5972e-320,0,9.8158e-85,2.8575e-207,5.7035e-263,5.8968e-244,0,0,6.3425e-217,0,0,1,0,0,6.5899e-231,1.4444e-231,0,0,0,4.5288e-242,0,0,4.1256e-222,7.272e-311,0,3.0067e-261,0,0,0,0,0,2.2651e-261,0,0,0,0,0,1.0797e-302,0,1.9723e-138,0,3.3399e-321,0,0,0,0,0,5.1686e-305,0
0,0,0,0,0,0,0,0,1.4453e-143,4.423e-228,0,0,0,0,1,0,0,0,6.7064e-168,0,3.5783e-306,0,0,3.4762e-108,0,0,4.1678e-243,0,0,0,2.7665e-217,0,0,0,0,0,0,0,0,0,1.1336e-154,0,0,0,0,0,0,5.0027e-141,0,0,0
6.7154e-196,0,0,0,9.2361e-294,2.5159e-209,0,0,0,0,0,0,4.3305e-116,0,0,1,0,0,0,0,0,0,0,0,0,0,0,0,0,0,0,0,0,0,0,2.7296e-133,0,0,0,0,0,0,0,0,0,0,0,0,0,0,0
0,1.1453e-117,3.4567e-120,0,2.2418e-298,0,4.3003e-93,2.5012e-78,0,0,2.6698e-71,0,0,6.5899e-231,0,0,1,3.616e-80,0,0,0,7.7585e-74,0,0,5.983e-78,7.3612e-124,0,9.5892e-183,0,0,0,0,7.164e-322,8.0654e-126,0,0,0,0,0,7.0068e-111,0,1.691e-123,0,1.2286e-125,0,0,0,0,0,7.5166e-120,0
0,2.6784e-122,2.1459e-123,0,6.6959e-298,0,1.3482e-93,3.1305e-85,0,0,3.9373e-74,0,0,1.4444e-231,0,0,3.616e-80,1,0,0,0,3.6694e-67,0,0,1.4015e-82,3.4615e-122,0,1.3382e-175,0,0,0,0,1.4886e-318,9.7672e-117,0,0,0,0,0,5.9038e-99,0,8.8254e-118,0,5.367e-133,0,0,0,0,0,1.2201e-113,0
0,0,0,0,0,0,0,0,1.9141e-89,1.6401e-117,0,6.546e-287,0,0,6.7064e-168,0,0,0,1,0,2.9461e-187,0,1.0754e-312,2.0813e-196,0,0,3.0002e-143,0,2.0574e-226,0,2.0797e-110,0,0,0,4.2418e-217,0,3.0791e-318,0,0,0,3.5178e-74,0,0,0,0,0,0,2.4008e-136,0,0,0
0,0,0,0,0,0,0,0,0,0,0,0,0,0,0,0,0,0,0,1,0,0,0,0,0,0,0,0,0,0,0,0,0,0,0,0,0,0,0,0,0,0,0,0,0,0,0,0,0,0,0
0,0,0,0,0,0,0,0,6.6086e-195,2.0069e-139,0,3.9112e-172,0,0,3.5783e-306,0,0,0,2.9461e-187,0,1,0,8.7669e-210,3.2468e-318,0,0,2.1553e-167,0,2.7302e-154,0,7.8273e-167,0,0,0,1.0216e-107,0,2.1512e-212,0,0,0,5.3257e-182,0,0,0,0,0,0,1.1762e-248,0,0,0
0,1.011e-95,1.7508e-96,0,1.4089e-308,0,4.7589e-85,4.8162e-60,0,0,7.6428e-56,0,0,4.5288e-242,0,0,7.7585e-74,3.6694e-67,0,0,0,1,0,0,1.2979e-62,3.162e-111,0,5.0713e-183,0,0,0,0,3.8776e-304,5.4361e-117,0,0,0,0,0,2.0286e-90,0,7.9778e-126,0,2.205e-103,0,0,0,0,0,5.0305e-106,0
1.4883e-225,0,0,0,0,0,0,0,0,5.0111e-246,0,2.3021e-135,0,0,0,0,0,0,1.0754e-312,0,8.7669e-210,0,1,0,0,0,1.0836e-264,0,7.1078e-159,0,1.3197e-261,0,0,0,1.0115e-151,6.9317e-321,5.2414e-128,0,0,0,2.186e-305,0,0,0,0,0,0,0,0,0,0
0,0,0,0,0,0,0,0,2.7136e-178,1.823e-256,0,0,0,0,3.4762e-108,0,0,0,2.0813e-196,0,3.2468e-318,0,0,1,0,0,1.6712e-271,0,0,0,5.1876e-256,0,0,0,0,0,0,0,0,0,1.2197e-193,0,0,0,0,0,0,1.4663e-171,0,0,0
0,8.1919e-109,2.2898e-109,0,1.274e-288,0,1.197e-103,3.0509e-52,0,0,8.5513e-45,0,0,4.1256e-222,0,0,5.983e-78,1.4015e-82,0,0,0,1.2979e-62,0,0,1,2.2972e-130,0,7.135e-191,0,0,0,0,0,1.1819e-128,0,0,0,0,0,1.3284e-120,0,1.9981e-112,0,9.8857e-110,0,0,0,0,0,2.148e-130,0
0,1.0769e-95,4.694e-98,4.5895e-274,0,0,1.4602e-117,3.3173e-118,0,0,3.3934e-129,0,0,7.272e-311,0,0,7.3612e-124,3.4615e-122,0,0,0,3.162e-111,0,0,2.2972e-130,1,0,4.9257e-207,0,0,0,0,2.9711e-251,1.3709e-148,0,0,0,0,0,1.7796e-85,0,1.7097e-196,0,4.2351e-112,0,0,0,0,0,3.3035e-105,0
0,0,0,0,0,0,0,0,4.2761e-144,1.0711e-121,0,9.5103e-240,0,0,4.1678e-243,0,0,0,3.0002e-143,0,2.1553e-167,0,1.0836e-264,1.6712e-271,0,0,1,0,1.2365e-181,0,2.3544e-117,0,0,0,1.4382e-181,0,6.6977e-264,0,0,0,4.6939e-126,0,0,0,0,0,0,2.9936e-198,0,0,0
0,7.7629e-225,5.5265e-225,0,1.8932e-316,0,7.8241e-187,1.8376e-196,0,0,2.6512e-186,0,0,3.0067e-261,0,0,9.5892e-183,1.3382e-175,0,0,0,5.0713e-183,0,0,7.135e-191,4.9257e-207,0,1,0,0,0,0,0,1.3496e-198,0,0,0,0,0,3.6113e-193,0,3.4686e-189,0,9.0155e-236,0,0,0,0,0,1.0234e-199,0
3.6716e-272,0,0,0,0,0,0,0,6.714e-236,6.4926e-151,0,9.6058e-126,0,0,0,0,0,0,2.0574e-226,0,2.7302e-154,0,7.1078e-159,0,0,0,1.2365e-181,0,1,0,6.0497e-157,0,0,0,1.5854e-108,0,1.4494e-123,0,0,0,5.1023e-210,0,0,0,0,0,0,1.1562e-292,0,0,0
0,0,0,0,0,0,0,0,0,0,0,0,0,0,0,0,0,0,0,0,0,0,0,0,0,0,0,0,0,1,0,7.8871e-314,0,0,0,0,0,0,1.2724e-199,0,0,0,2.193e-188,0,0,1.606e-178,0,0,0,0,0
0,0,0,0,0,0,0,0,5.6383e-110,5.7274e-78,0,3.8705e-237,0,0,2.7665e-217,0,0,0,2.0797e-110,0,7.8273e-167,0,1.3197e-261,5.1876e-256,0,0,2.3544e-117,0,6.0497e-157,0,1,0,0,0,4.0328e-180,0,2.2904e-254,0,0,0,4.0105e-71,0,0,0,0,0,0,4.195e-172,0,0,0
0,0,0,0,0,0,0,0,0,0,0,0,0,0,0,0,0,0,0,0,0,0,0,0,0,0,0,0,0,7.8871e-314,0,1,0,0,0,0,0,0,6.9869e-313,0,0,0,5.6837e-294,0,0,3.4949e-275,0,0,0,0,0
0,2.6647e-231,1.2124e-231,1.0395e-75,0,0,5.7448e-296,7.1197e-308,0,0,0,0,0,0,0,0,7.164e-322,1.4886e-318,0,0,0,3.8776e-304,0,0,0,2.9711e-251,0,0,0,0,0,0,1,4.8221e-321,0,0,0,0,0,2.2977e-248,0,0,0,3.0802e-239,0,0,0,0,0,1.0513e-256,0
0,3.8494e-150,6.4975e-151,0,0,0,7.9034e-131,7.1429e-128,0,0,3.6427e-124,0,0,2.2651e-261,0,0,8.0654e-126,9.7672e-117,0,0,0,5.4361e-117,0,0,1.1819e-128,1.3709e-148,0,1.3496e-198,0,0,0,0,4.8221e-321,1,0,0,0,0,0,1.0301e-130,0,2.5329e-161,0,5.4757e-159,0,0,0,0,0,9.5312e-145,0
5.7114e-284,0,0,0,0,0,0,0,2.0155e-228,6.8157e-154,0,1.0617e-99,0,0,0,0,0,0,4.2418e-217,0,1.0216e-107,0,1.0115e-151,0,0,0,1.4382e-181,0,1.5854e-108,0,4.0328e-180,0,0,0,1,0,3.3935e-144,0,0,0,1.4494e-211,0,0,0,0,0,0,4.8629e-283,0,0,0
3.016e-118,0,0,0,0,2.2016e-248,0,0,0,0,0,1.7761e-316,2.2462e-94,0,0,2.7296e-133,0,0,0,0,0,0,6.9317e-321,0,0,0,0,0,0,0,0,0,0,0,0,1,4.283e-278,0,0,0,0,0,0,0,0,0,0,0,0,0,0
3.1144e-174,0,0,0,0,0,0,0,0,5.3661e-244,0,3.6339e-105,1.2159e-311,0,0,0,0,0,3.0791e-318,0,2.1512e-212,0,5.2414e-128,0,0,0,6.6977e-264,0,1.4494e-123,0,2.2904e-254,0,0,0,3.3935e-144,4.283e-278,1,0,0,0,1.4245e-307,0,0,0,0,0,0,0,0,0,0
0,0,0,0,0,0,0,0,0,0,0,0,0,0,0,0,0,0,0,0,0,0,0,0,0,0,0,0,0,0,0,0,0,0,0,0,0,1,0,0,0,0,0,0,2.4319e-65,0,0,0,2.9473e-83,0,8.8717e-154
0,0,0,0,0,0,0,0,0,0,0,0,0,0,0,0,0,0,0,0,0,0,0,0,0,0,0,0,0,1.2724e-199,0,6.9869e-313,0,0,0,0,0,0,1,0,0,0,8.9907e-117,0,0,1.201e-147,0,0,0,0,0
0,7.892e-88,2.1603e-89,1.8258e-272,0,0,1.7679e-99,1.5445e-107,0,0,2.649e-116,0,0,1.0797e-302,0,0,7.0068e-111,5.9038e-99,0,0,0,2.0286e-90,0,0,1.3284e-120,1.7796e-85,0,3.6113e-193,0,0,0,0,2.2977e-248,1.0301e-130,0,0,0,0,0,1,0,5.1348e-183,0,1.7953e-107,0,0,0,0,0,1.1875e-82,0
0,0,0,0,0,0,0,0,6.8527e-60,1.8971e-91,0,2.6904e-281,0,0,1.1336e-154,0,0,0,3.5178e-74,0,5.3257e-182,0,2.186e-305,1.2197e-193,0,0,4.6939e-126,0,5.1023e-210,0,4.0105e-71,0,0,0,1.4494e-211,0,1.4245e-307,0,0,0,1,0,0,0,0,0,0,3.3016e-125,0,0,0
0,5.2954e-201,3.8858e-201,0,7.0406e-203,4.7757e-319,1.7959e-155,1.4872e-131,0,0,3.1583e-106,0,0,1.9723e-138,0,0,1.691e-123,8.8254e-118,0,0,0,7.9778e-126,0,0,1.9981e-112,1.7097e-196,0,3.4686e-189,0,0,0,0,0,2.5329e-161,0,0,0,0,0,5.1348e-183,0,1,0,2.6529e-205,0,0,0,0,0,1.9131e-189,0
0,0,0,0,0,0,0,0,0,0,0,0,0,0,0,0,0,0,0,0,0,0,0,0,0,0,0,0,0,2.193e-188,0,5.6837e-294,0,0,0,0,0,0,8.9907e-117,0,0,0,1,0,0,1.0306e-84,0,0,0,0,0
0,5.119e-34,4.2658e-36,1.8654e-271,0,0,4.5573e-125,1.1655e-88,0,0,1.9166e-113,0,0,3.3399e-321,0,0,1.2286e-125,5.367e-133,0,0,0,2.205e-103,0,0,9.8857e-110,4.2351e-112,0,9.0155e-236,0,0,0,0,3.0802e-239,5.4757e-159,0,0,0,0,0,1.7953e-107,0,2.6529e-205,0,1,0,0,0,0,0,4.6525e-119,0
0,0,0,0,0,0,0,0,0,0,0,0,0,0,0,0,0,0,0,0,0,0,0,0,0,0,0,0,0,0,0,0,0,0,0,0,0,2.4319e-65,0,0,0,0,0,0,1,0,0,0,1.3994e-128,0,2.9808e-104
0,0,0,0,0,0,0,0,0,0,0,0,0,0,0,0,0,0,0,0,0,0,0,0,0,0,0,0,0,1.606e-178,0,3.4949e-275,0,0,0,0,0,0,1.201e-147,0,0,0,1.0306e-84,0,0,1,0,0,0,0,0
0,0,0,0,0,0,0,0,0,0,0,0,0,0,0,0,0,0,0,0,0,0,0,0,0,0,0,0,0,0,0,0,0,0,0,0,0,0,0,0,0,0,0,0,0,0,1,0,0,0,1.9868e-295
0,0,0,0,0,0,0,0,2.6381e-124,1.2104e-180,0,0,0,0,5.0027e-141,0,0,0,2.4008e-136,0,1.1762e-248,0,0,1.4663e-171,0,0,2.9936e-198,0,1.1562e-292,0,4.195e-172,0,0,0,4.8629e-283,0,0,0,0,0,3.3016e-125,0,0,0,0,0,0,1,0,0,0
0,0,0,0,0,0,0,0,0,0,0,0,0,0,0,0,0,0,0,0,0,0,0,0,0,0,0,0,0,0,0,0,0,0,0,0,0,2.9473e-83,0,0,0,0,0,0,1.3994e-128,0,0,0,1,0,1.6847e-210
0,4.0672e-102,8.2981e-104,4.3144e-280,0,0,1.2185e-108,3.0217e-118,0,0,2.0673e-126,0,0,5.1686e-305,0,0,7.5166e-120,1.2201e-113,0,0,0,5.0305e-106,0,0,2.148e-130,3.3035e-105,0,1.0234e-199,0,0,0,0,1.0513e-256,9.5312e-145,0,0,0,0,0,1.1875e-82,0,1.9131e-189,0,4.6525e-119,0,0,0,0,0,1,0
0,0,0,0,0,0,0,0,0,0,0,0,0,0,0,0,0,0,0,0,0,0,0,0,0,0,0,0,0,0,0,0,0,0,0,0,0,8.8717e-154,0,0,0,0,0,0,2.9808e-104,0,1.9868e-295,0,1.6847e-210,0,1
