1,0,0,4.9161e-160,0,0,0,0,0,2.1864e-220,3.2652e-49,0,0,1.4922e-174,0,0,9.2054e-174,0,0,0,1.5245e-160,0,0,0,0,0,0,0,0,0,7.3446e-187,0,0,0,0,0,0,0,0,0,0,3.0379e-297,1.9973e-124,0,1.6009e-82,0,0,0,0,0,0,0,0,0,0,0,0,0,0,0,0,0,0,0,0,0,0,0,1.3016e-160,0,0,2.2333e-67,0,0,0,0,4.2034e-125,1.6668e-319,0,0,0,0,4.9657e-135,0,0,0,0,6.5926e-222,2.9574e-133,0,0,0,0,0,0,0,0,0,0,0,0,0,0,0,0,0,3.6072e-235,0,0,0,0,4.1797e-240,0,0,0,5.8488e-52,0,0,0,0,1.6837e-192,0,0,0,0,0,0,3.3545e-80,0,0,0,0,2.7569e-321,0,0,0,1.6013e-174,1.2409e-161,3.0454e-285,0,6.2675e-128,0,0
0,1,0,0,0,0,3.687e-113,0,2.2044e-284,0,0,1.0423e-194,1.7014e-218,0,0,0,0,6.8309e-158,0,1.5931e-289,0,0,1.4682e-124,5.2851e-313,0,0,0,0,0,0,0,0,0,0,0,8.4622e-311,8.7586e-306,0,0,0,0,0,0,0,0,1.638e-204,0,0,0,0,0,0,0,0,7.6003e-150,2.682e-144,0,0,0,0,0,0,7.4476e-188,0,0,1.0812e-240,0,1.4812e-156,0,0,0,0,2.1947e-237,0,0,0,0,0,0,0,0,4.0118e-229,0,0,0,3.482e-109,0,0,0,0,0,2.4182e-236,0,0,0,0,0,1.0777e-236,0,0,0,0,0,0,0,0,0,0,0,3.4707e-122,0,0,0,0,0,0,0,2.6221e-312,0,0,0,0,0,0,0,0,4.9783e-143,0,0,0,0,0,0,0,0,0,0,0,0,0,0,0,0
0,0,1,0,2.7632e-82,0,0,0,1.4344e-287,0,0,0,0,0,0,0,0,0,4.6056e-73,9.0795e-280,0,0,0,0,0,1.7613e-72,2.2768e-61,0,0,1.9442e-65,0,0,0,0,0,0,0,0,0,0,1.8287e-67,0,0,0,0,0,0,0,0,0,0,1.0069e-88,0,4.5273e-73,0,0,0,0,0,0,0,0,0,0,2.2094e-253,0,0,0,0,0,0,0,0,0,0,0,0,0,0,0,7.5388e-92,0,0,0,0,0,0,0,0,4.6043e-99,0,0,0,3.1029e-61,0,0,0,0,0,5.3316e-103,0,0,0,8.8605e-129,0,0,0,6.3516e-87,1.1991e-75,0,0,0,8.286e-167,0,0,0,0,6.489e-253,3.5225e-113,0,0,0,4.5536e-70,3.6514e-74,0,0,0,0,0,8.7868e-63,6.3464e-125,1.5059e-180,0,0,0,4.1221e-83,0,0,0,0,0,0,0
4.9161e-160,0,0,1,0,0,0,0,0,1.3199e-123,7.602e-184,0,0,1.419e-320,0,0,2.2922e-87,0,0,0,2.5882e-304,0,0,0,0,0,0,6.7398e-233,0,0,5.6104e-123,0,0,0,0,0,0,0,0,0,0,1.8995e-155,3.3551e-259,8.6983e-267,4.6757e-223,0,0,0,0,0,0,0,0,0,0,0,0,0,3.4178e-244,0,0,0,0,0,0,0,0,0,3.362e-71,0,1.6612e-180,1.7064e-120,0,8.6726e-217,0,0,7.7922e-183,3.6374e-212,0,0,0,0,7.6891e-275,0,1.0083e-210,0,0,0,3.6015e-281,0,0,0,0,0,0,0,0,0,0,0,0,0,0,0,0,0,0,0,0,0,0,2.8841e-95,0,1.2785e-268,0,2.7006e-120,0,0,0,7.1822e-248,3.3374e-59,0,0,0,7.44e-307,0,0,3.6972e-226,0,0,0,0,2.9558e-171,0,0,0,2.1722e-46,4.5845e-64,6.5838e-136,0,5.6974e-54,0,0
0,0,2.7632e-82,0,1,0,0,0,3.8142e-286,0,0,0,0,0,0,0,0,0,2.6748e-74,3.0629e-276,0,0,0,0,0,5.8179e-79,3.4947e-66,0,0,2.7895e-69,0,0,0,0,0,0,0,0,0,0,6.8916e-77,0,0,0,0,0,0,0,0,0,0,9.883e-89,0,5.3708e-85,0,0,0,0,0,0,0,0,0,0,2.9167e-257,0,0,0,0,0,0,0,0,0,0,0,0,0,0,0,3.9266e-98,0,0,0,0,0,0,0,0,2.6722e-99,0,0,0,3.3936e-71,0,0,0,0,0,1.0795e-107,0,0,0,1.5169e-132,0,0,0,1.2831e-97,4.0431e-81,0,0,0,1.4334e-173,0,0,0,0,2.0457e-253,4.8161e-118,0,0,0,4.0945e-78,6.9425e-75,0,0,0,0,0,1.4122e-72,1.8288e-132,1.5344e-181,0,0,0,1.4623e-86,0,0,0,0,0,0,0
0,0,0,0,0,1,0,0,0,0,0,0,0,0,0,0,0,0,0,0,0,0,0,0,0,0,0,0,0,0,0,0,0,0,0,0,0,0,0,0,0,0,0,0,0,0,0,0,0,0,0,0,0,0,0,0,0,0,0,0,0,0,0,0,0,0,0,0,0,0,0,0,0,0,0,0,0,0,0,0,0,0,0,0,0,0,0,0,0,0,1.0043e-217,0,0,0,0,0,0,0,0,0,0,4.6933e-241,0,0,0,0,0,0,0,0,0,0,0,0,0,0,0,0,0,0,0,0,0,0,0,0,0,0,0,0,0,0,0,0,0,0,0,0,0,0,0,0,0
0,3.687e-113,0,0,0,0,1,0,0,0,0,3.8602e-237,2.5417e-183,0,0,0,0,6.802e-200,0,0,0,0,2.7394e-162,1.677e-279,0,0,0,0,0,0,0,0,0,0,0,2.0414e-265,8.4616e-260,0,0,0,0,0,0,0,0,6.5543e-161,0,0,0,0,0,0,0,0,5.1303e-191,1.1119e-178,0,0,0,0,0,0,4.9672e-147,0,0,1.9031e-287,0,2.0641e-198,0,0,0,0,5.2194e-283,0,0,0,0,0,0,0,0,1.0136e-280,0,0,0,1.7131e-84,1.3962e-284,0,0,0,0,1.3767e-194,0,0,0,0,0,6.9179e-292,0,0,0,0,0,0,0,0,0,0,0,7.9606e-153,0,0,0,0,0,0,0,0,0,0,0,0,0,0,0,0,4.5633e-123,0,0,0,0,0,0,0,0,0,0,0,0,0,0,0,0
0,0,0,0,0,0,0,1,0,0,0,0,0,0,1.1804e-163,3.0873e-132,0,0,0,0,0,4.1126e-216,0,0,7.9871e-164,0,0,0,2.0407e-84,0,0,0,6.6412e-158,0,2.0879e-102,0,0,4.3433e-189,4.5622e-231,0,0,0,0,7.7516e-298,0,0,0,1.5493e-268,1.5688e-95,1.3879e-113,0,0,3.9726e-279,0,0,0,1.2462e-188,0,2.1919e-317,5.4441e-141,0,0,0,1.6464e-171,0,0,2.5462e-317,0,0,7.2393e-103,0,0,0,0,3.2161e-158,0,0,0,0,1.5936e-225,0,0,0,2.3451e-249,0,0,0,0,0,0,0,0,0,0,4.4586e-228,0,0,0,1.2432e-220,0,4.7073e-98,0,4.5803e-154,0,2.0322e-317,0,0,0,0,0,8.8028e-259,0,0,3.1109e-308,1.8917e-110,0,0,0,0,0,0,0,0,0,2.3575e-269,0,0,0,1.1877e-203,0,0,0,0,2.5351e-196,0,0,0,0,0,0,0,0,1.1663e-135
0,2.2044e-284,1.4344e-287,0,3.8142e-286,0,0,0,1,0,0,5.8209e-122,0,0,0,0,0,3.2644e-160,2.1343e-292,4.0934e-94,0,0,2.9104e-202,0,0,5.6608e-281,4.3402e-292,0,0,3.1535e-269,0,0,0,0,0,0,0,0,0,0,4.4624e-252,0,0,0,0,0,0,0,0,0,0,3.034e-279,0,7.7445e-313,3.6979e-170,4.1736e-179,0,0,0,0,0,0,0,0,0,3.397e-90,0,2.346e-158,0,0,0,0,3.4084e-87,0,0,0,0,0,0,0,1.3769e-255,6.4573e-146,0,0,0,0,0,0,0,8.8284e-223,0,0,0,2.7691e-288,0,0,0,5.1186e-162,0,8.4226e-282,0,0,0,9.7315e-278,0,0,0,5.6081e-296,1.779e-285,9.0905e-213,0,0,0,0,0,0,0,1.1157e-85,1.1007e-283,0,0,0,5.9774e-296,1.1476e-282,0,0,0,0,0,2.2723e-256,6.1649e-294,3.608e-279,0,0,0,7.4464e-296,0,0,0,0,0,0,0
2.1864e-220,0,0,1.3199e-123,0,0,0,0,0,1,1.2486e-244,0,0,0,0,0,1.6148e-117,0,0,0,0,0,0,0,0,0,0,5.1027e-179,0,0,8.2274e-115,0,0,0,0,0,0,0,9.2553e-297,0,0,5.9204e-141,3.7793e-312,8.4762e-222,2.984e-282,0,0,0,0,0,0,0,0,0,0,0,0,0,2.5722e-195,0,0,0,0,0,0,0,0,0,1.9057e-106,0,4.5209e-165,7.5945e-203,0,7.3256e-172,0,0,3.7621e-221,1.0951e-183,0,0,0,0,0,0,5.6612e-188,0,0,0,0,0,0,0,0,0,0,0,0,0,0,0,0,0,0,0,0,0,0,0,0,0,2.3908e-294,2.7547e-102,0,1.4065e-207,0,2.7461e-191,0,0,0,2.8901e-196,5.4521e-90,0,0,0,2.4159e-259,0,0,9.3062e-278,0,0,0,0,1.8293e-172,0,0,0,5.8007e-107,3.6771e-88,1.8685e-132,0,6.6353e-153,0,0
3.2652e-49,0,0,7.602e-184,0,0,0,0,0,1.2486e-244,1,0,0,1.0259e-146,0,0,3.4705e-195,0,0,0,5.6835e-133,0,0,0,0,0,0,0,0,0,6.3698e-208,0,0,0,0,0,0,0,0,0,0,8.3991e-323,1.5702e-101,0,5.061e-58,0,0,0,0,0,0,0,0,0,0,0,0,0,0,0,0,0,0,0,0,0,0,0,1.4049e-183,0,0,4.6268e-82,0,0,0,0,4.8623e-130,0,2.2877e-302,0,0,0,3.677e-112,0,0,0,0,8.0952e-193,5.5085e-108,0,0,0,1.4273e-309,0,0,0,0,0,0,0,0,0,0,0,0,0,1.5577e-207,0,0,0,0,5.9335e-266,0,0,0,1.8622e-68,0,0,0,0,1.7113e-218,0,0,0,0,4.1211e-319,0,1.9869e-54,0,0,0,0,0,0,0,0,4.5014e-200,8.4701e-187,2.3046e-311,0,7.4456e-150,0,0
0,1.0423e-194,0,0,0,0,3.8602e-237,0,5.8209e-122,0,0,1,0,0,0,0,0,2.8049e-69,0,8.3197e-131,0,0,6.8682e-110,0,0,0,0,0,0,0,0,0,0,0,0,0,0,0,0,0,0,0,0,0,0,0,0,0,0,0,0,0,0,0,4.0326e-81,1.095e-84,0,0,0,0,0,0,0,0,0,4.8629e-75,0,7.91e-60,0,0,0,0,1.8612e-72,0,0,0,0,0,0,0,0,6.5848e-129,0,0,0,6.981e-244,0,0,0,1.6763e-311,0,0,0,0,0,0,0,1.8449e-152,0,0,0,0,0,0,0,0,0,0,0,1.4803e-116,0,0,0,0,0,0,0,4.7451e-135,0,0,0,0,0,0,0,0,9.4515e-310,0,0,0,0,0,0,0,0,0,0,0,0,0,0,0,0
0,1.7014e-218,0,0,0,0,2.5417e-183,0,0,0,0,0,1,0,0,0,0,0,0,0,0,0,2.9947e-296,2.9427e-155,0,0,0,0,0,0,0,0,0,5.1579e-252,0,1.1797e-145,4.2067e-134,0,0,0,0,0,0,0,0,4.7066e-99,0,0,0,0,0,0,3.958e-315,0,0,4.8735e-320,0,1.1721e-275,0,0,1.196e-273,1.5514e-267,3.3834e-100,0,0,0,9.6671e-278,0,0,0,0,0,0,0,0,0,0,0,0,0,0,0,0,0,0,9.6541e-160,2.5259e-156,0,0,0,0,1.7648e-99,0,0,0,0,0,0,0,0,0,0,0,0,7.076e-280,9.6172e-268,0,0,0,1.12e-288,0,0,0,0,0,0,0,0,0,0,0,0,0,0,0,0,6.3827e-107,0,0,0,0,0,0,0,0,0,0,0,0,0,0,1.7844e-194,0
1.4922e-174,0,0,1.419e-320,0,0,0,0,0,0,1.0259e-146,0,0,1,0,0,0,0,0,0,4.2698e-79,0,0,0,0,0,0,0,0,0,0,0,0,0,0,0,0,0,0,0,0,0,1.1479e-110,0,4.4063e-117,0,0,0,0,0,4.35e-220,0,0,0,0,0,0,0,0,0,0,0,0,0,0,0,0,0,1.0883e-316,0,0,2.0679e-214,0,0,0,0,3.6371e-222,0,1.1795e-178,0,0,0,6.4518e-102,0,0,0,0,5.5359e-82,1.1328e-78,0,0,0,4.4114e-188,0,0,5.8778e-301,0,0,0,0,0,0,0,0,0,0,6.1642e-99,0,0,0,0,0,0,0,0,3.926e-206,4.632e-267,0,0,0,0,0,0,0,0,1.1892e-196,0,3.0206e-109,0,0,0,0,0,0,9.0957e-277,0,0,1.9911e-321,0,4.1799e-242,1.4981e-286,0,0
0,0,0,0,0,0,0,1.1804e-163,0,0,0,0,0,0,1,1.1333e-235,0,0,0,0,0,0,0,0,1.9838e-292,0,0,3.4225e-202,1.8066e-112,0,0,0,6.7343e-288,0,7.5134e-97,0,0,0,4.3451e-123,0,0,4.9042e-249,0,2.6626e-161,0,0,0,0,6.1063e-140,8.9774e-95,0,0,0,0,0,0,3.4585e-323,0,2.3497e-177,1.9311e-80,0,0,0,1.3469e-55,0,0,0,0,0,2.9449e-209,6.9299e-220,0,0,2.2816e-197,3.8335e-292,0,0,6.9937e-311,0,2.04e-157,0,0,0,0,1.613e-243,0,0,0,0,0,0,0,0,0,0,0,0,0,0,0,1.527e-115,0,1.1297e-285,0,0,0,0,0,0,0,4.8135e-147,2.7198e-294,0,1.5775e-176,9.5128e-173,0,0,0,0,2.8389e-206,0,0,0,0,7.5565e-153,0,0,0,1.0629e-187,0,0,0,1.623e-220,0,0,0,0,0,2.6023e-249,0,0,0,1.8332e-152
0,0,0,0,0,0,0,3.0873e-132,0,0,0,0,0,0,1.1333e-235,1,0,0,0,0,0,2.115e-175,0,0,2.419e-130,0,0,0,2.5748e-150,0,0,0,8.0329e-136,7.7573e-295,1.0499e-176,0,0,5.5201e-154,1.1898e-289,0,0,0,0,0,0,0,0,1.0592e-226,2.4081e-151,5.4892e-179,0,0,9.3569e-230,0,0,0,1.4249e-158,5.343e-278,0,4.454e-206,3.3833e-277,6.296e-291,0,2.2072e-244,0,0,2.2634e-266,0,0,6.5791e-123,0,0,0,0,1.5584e-131,0,0,0,0,3.2215e-280,0,0,0,7.7075e-202,0,0,0,0,0,0,0,0,0,0,3.5442e-187,0,0,0,3.056e-177,0,1.9982e-163,0,2.0191e-141,0,4.0116e-265,5.6154e-285,0,0,0,0,4.4466e-323,0,0,0,3.7166e-141,0,0,0,0,0,0,0,0,0,0,0,0,0,2.1811e-242,0,0,0,0,4.5412e-172,0,0,0,0,0,0,0,0,9.8889e-176
9.2054e-174,0,0,2.2922e-87,0,0,0,0,0,1.6148e-117,3.4705e-195,0,0,0,0,0,1,0,0,0,4.8945e-312,0,0,0,0,0,0,6.2444e-230,0,0,8.6072e-120,0,0,0,0,0,0,0,0,0,0,1.9275e-163,5.3865e-264,6.2512e-264,1.5494e-235,0,0,0,0,0,0,0,0,0,0,0,0,0,1.9579e-242,0,0,0,0,0,0,0,0,0,3.6027e-86,0,1.4328e-187,7.0486e-151,0,4.1583e-218,0,0,5.8129e-183,9.7976e-208,0,0,0,0,2.85e-284,0,3.8038e-213,0,0,0,2.2445e-288,0,0,0,0,0,0,0,0,0,0,0,0,0,0,0,0,0,0,0,0,0,0,3.8218e-113,0,2.657e-262,0,6.1749e-141,0,0,0,5.3382e-246,2.7843e-89,0,0,0,2.3152e-305,0,0,8.954e-234,0,0,0,0,2.1985e-185,0,0,0,9.422e-91,1.0403e-78,2.0166e-152,0,4.737e-102,0,0
0,6.8309e-158,0,0,0,0,6.802e-200,0,3.2644e-160,0,0,2.8049e-69,0,0,0,0,0,1,0,2.4093e-170,0,0,1.1671e-84,0,0,0,0,0,0,0,0,0,0,0,0,0,0,0,0,0,0,0,0,0,0,2.0866e-316,0,0,0,0,0,0,0,0,1.0196e-64,1.7825e-70,0,0,0,0,0,0,9.4861e-301,0,0,3.4358e-111,0,5.8338e-51,0,0,0,0,6.0743e-112,0,0,0,0,0,0,0,0,6.8571e-145,0,0,0,7.9487e-204,0,0,0,0,0,0,0,0,0,0,0,3.2855e-164,0,0,0,0,0,0,0,0,0,0,0,2.4338e-92,0,0,0,0,0,0,0,8.447e-178,0,0,0,0,0,0,0,0,4.4559e-268,0,0,0,0,0,0,0,0,0,0,0,0,0,0,0,0
0,0,4.6056e-73,0,2.6748e-74,0,0,0,2.1343e-292,0,0,0,0,0,0,0,0,0,1,2.4437e-283,0,0,0,0,0,1.2163e-58,8.8164e-45,0,0,1.8498e-51,0,0,0,0,0,0,0,0,0,0,4.3961e-73,0,0,0,0,0,0,0,0,0,0,5.0251e-79,0,4.7128e-71,0,0,0,0,0,0,0,0,0,0,1.9959e-243,0,0,0,0,0,0,0,0,0,0,0,0,0,0,0,1.2894e-90,0,0,0,0,0,0,0,0,1.2636e-96,0,0,0,8.1018e-55,0,0,0,0,0,1.2932e-99,0,0,0,5.3543e-138,0,0,0,2.6283e-93,2.5713e-68,0,0,0,2.6821e-160,0,0,0,0,2.6179e-260,1.2412e-113,0,0,0,1.5228e-70,2.524e-55,0,0,0,0,0,1.4472e-64,3.926e-128,2.4417e-177,0,0,0,1.9578e-75,0,0,0,0,0,0,0
0,1.5931e-289,9.0795e-280,0,3.0629e-276,0,0,0,4.0934e-94,0,0,8.3197e-131,0,0,0,0,0,2.4093e-170,2.4437e-283,1,0,0,5.7594e-209,0,0,3.1979e-271,1.7239e-283,0,0,2.1596e-260,0,0,0,0,0,0,0,0,0,0,8.9734e-244,0,0,0,0,0,0,0,0,0,0,1.5915e-266,0,5.4029e-302,1.0921e-180,5.6576e-188,0,0,0,0,0,0,0,0,0,3.2764e-101,0,2.6507e-167,0,0,0,0,7.647e-93,0,0,0,0,0,0,0,4.7098e-242,2.7307e-137,0,0,0,0,0,0,0,7.3501e-208,0,0,0,2.2169e-280,0,0,0,4.5435e-149,0,1.749e-268,0,0,0,1.6375e-266,0,0,0,2.3984e-286,1.7039e-272,1.7053e-220,0,0,0,0,0,0,0,1.735e-87,6.6726e-271,0,0,0,6.9332e-285,6.0748e-271,0,0,0,0,0,3.6503e-247,6.0672e-283,1.8475e-267,0,0,0,5.7294e-287,0,0,0,0,0,0,0
1.5245e-160,0,0,2.5882e-304,0,0,0,0,0,0,5.6835e-133,0,0,4.2698e-79,0,0,4.8945e-312,0,0,0,1,0,0,0,0,0,0,0,0,0,1.3508e-319,0,0,0,0,0,0,0,0,0,0,0,1.4333e-106,0,3.8632e-102,0,0,0,0,0,7.579e-234,0,0,0,0,0,0,0,0,0,0,0,0,0,0,0,0,0,5.8943e-304,0,0,3.8627e-196,0,0,0,0,1.8169e-215,0,2.0684e-193,0,0,0,5.7139e-95,0,0,0,0,2.4929e-97,1.7175e-76,0,0,0,1.031e-198,0,0,7.9166e-319,0,0,0,0,0,0,0,0,0,0,2.1013e-113,0,0,0,0,0,0,0,0,1.5557e-190,1.2998e-284,0,0,0,0,0,0,0,0,8.1825e-214,0,3.6772e-100,0,0,0,0,0,0,3.3135e-289,0,3.6067e-321,8.1588e-308,0,8.2944e-259,3.3589e-269,0,0
0,0,0,0,0,0,0,4.1126e-216,0,0,0,0,0,0,0,2.115e-175,0,0,0,0,0,1,0,9.2512e-300,1.5956e-96,0,0,0,9.5179e-255,0,0,0,1.1198e-84,8.9403e-148,5.9698e-276,4.3369e-278,9.3622e-278,2.028e-51,0,0,0,0,0,0,0,0,0,1.6273e-84,1.6199e-251,6.117e-287,0,0,9.3775e-87,0,0,0,3.1099e-59,1.6916e-138,0,4.5405e-321,4.6662e-139,4.9511e-140,0,0,0,0,8.587e-116,0,0,3.8121e-180,0,0,0,0,9.098e-69,0,0,0,0,0,0,0,0,6.1719e-130,0,0,1.6769e-251,0,0,0,0,0,0,0,3.5586e-46,0,0,0,2.9293e-88,0,2.6164e-260,0,9.6972e-95,0,1.0435e-116,1.7255e-141,0,0,0,0,0,0,0,0,1.2659e-232,0,0,0,0,0,0,0,0,0,0,0,0,0,0,0,0,0,0,1.4613e-68,0,0,0,0,0,0,0,1.1952e-212,5.6696e-280
0,1.4682e-124,0,0,0,0,2.7394e-162,0,2.9104e-202,0,0,6.8682e-110,2.9947e-296,0,0,0,0,1.1671e-84,0,5.7594e-209,0,0,1,0,0,0,0,0,0,0,0,0,0,0,0,0,0,0,0,0,0,0,0,0,0,7.6373e-274,0,0,0,0,0,0,0,0,7.3926e-84,1.9323e-78,0,0,0,0,0,0,1.7272e-257,0,0,1.718e-158,0,3.9074e-80,0,0,0,0,8.6729e-155,0,0,0,0,0,0,0,0,1.2465e-169,0,0,0,9.9542e-167,0,0,0,0,0,5.3493e-313,0,0,0,0,0,3.7707e-185,0,0,0,0,0,0,0,0,0,0,0,3.9055e-75,0,0,0,0,0,0,0,1.4222e-226,0,0,0,0,0,0,0,0,2.5974e-225,0,0,0,0,0,0,0,0,0,0,0,0,0,0,0,0
0,5.2851e-313,0,0,0,0,1.677e-279,0,0,0,0,0,2.9427e-155,0,0,0,0,0,0,0,0,9.2512e-300,0,1,0,0,0,0,0,0,0,0,0,7.3289e-184,0,6.051e-130,2.7561e-122,0,0,0,0,0,0,0,0,7.3514e-164,0,3.6909e-268,0,0,0,0,3.3671e-237,0,0,0,0,6.0906e-204,0,0,3.7459e-196,2.8369e-201,1.4952e-175,0,0,0,3.0074e-202,0,0,0,0,0,0,0,0,0,0,0,0,0,0,0,0,2.7016e-302,0,8.637e-259,3.0353e-126,0,0,0,0,1.7286e-139,0,0,4.2975e-291,0,0,0,1.24e-304,0,0,0,0,0,1.9496e-201,2.8363e-190,0,0,0,0,0,0,0,0,0,0,0,0,0,0,0,0,0,0,0,0,5.8749e-188,0,0,0,0,0,0,0,0,0,0,0,0,0,0,6.8557e-121,0
0,0,0,0,0,0,0,7.9871e-164,0,0,0,0,0,0,1.9838e-292,2.419e-130,0,0,0,0,0,1.5956e-96,0,0,1,0,0,0,1.5057e-194,0,0,0,1.0964e-74,3.5255e-216,5.5337e-221,0,0,9.4546e-82,0,0,0,0,0,0,0,0,0,1.2461e-150,2.503e-194,7.176e-227,0,0,2.5455e-150,0,0,0,5.2359e-91,3.061e-200,0,1.5172e-258,5.193e-198,1.5772e-210,0,8.0474e-301,0,0,7.3161e-185,0,0,7.8634e-135,0,0,0,0,8.4372e-69,0,0,0,0,0,0,0,0,3.4013e-139,0,0,1.2302e-321,0,0,0,0,0,0,0,2.2161e-110,0,0,0,3.347e-108,0,3.2849e-206,0,5.5764e-102,0,4.6447e-183,8.4149e-204,0,0,0,0,0,0,0,0,5.5095e-172,0,0,0,0,0,0,0,0,0,0,0,0,0,8.6322e-283,0,0,0,0,7.6033e-112,0,0,0,0,0,0,0,8.8856e-277,1.679e-218
0,0,1.7613e-72,0,5.8179e-79,0,0,0,5.6608e-281,0,0,0,0,0,0,0,0,0,1.2163e-58,3.1979e-271,0,0,0,0,0,1,4.3424e-48,0,0,2.041e-50,0,0,0,0,0,0,0,0,0,0,6.2679e-68,0,0,0,0,0,0,0,0,0,0,7.4674e-81,0,4.6818e-78,0,0,0,0,0,0,0,0,0,0,3.6425e-257,1.2925e-320,0,0,0,0,0,0,5.7816e-320,0,0,0,0,0,0,0,1.9236e-88,0,0,0,0,0,0,0,0,2.5224e-91,0,0,0,8.4326e-53,0,0,0,0,0,6.0978e-102,0,0,0,1.1143e-136,0,0,0,3.6727e-95,4.5575e-74,0,0,0,6.3238e-171,0,0,0,0,5.2955e-248,1.2309e-113,0,0,0,3.6445e-73,5.4477e-59,0,0,0,0,0,2.1843e-58,1.0838e-129,1.711e-178,0,0,0,1.1402e-77,0,0,0,0,0,0,0
0,0,2.2768e-61,0,3.4947e-66,0,0,0,4.3402e-292,0,0,0,0,0,0,0,0,0,8.8164e-45,1.7239e-283,0,0,0,0,0,4.3424e-48,1,0,0,2.1686e-40,0,0,0,0,0,0,0,0,0,0,4.8097e-63,0,0,0,0,0,0,0,0,0,0,1.9832e-76,0,9.962e-63,0,0,0,0,0,0,0,0,0,0,2.7617e-241,0,0,0,0,0,0,0,0,0,0,0,0,0,0,0,2.6542e-89,0,0,0,0,0,0,0,0,1.814e-96,0,0,0,8.9894e-34,0,0,0,0,0,3.097e-98,0,0,0,2.5611e-133,0,0,0,2.3476e-84,5.1095e-65,0,0,0,3.7488e-155,0,0,0,0,2.1232e-258,7.5958e-113,0,0,0,8.761e-60,1.4821e-52,0,0,0,0,0,1.4459e-52,3.8882e-124,2.4299e-180,0,0,0,5.9268e-67,0,0,0,0,0,0,0
0,0,0,6.7398e-233,0,0,0,0,0,5.1027e-179,0,0,0,0,3.4225e-202,0,6.2444e-230,0,0,0,0,0,0,0,0,0,0,1,2.4853e-290,0,1.4815e-229,0,0,0,4.9511e-279,0,0,0,2.8472e-156,0,0,1.4173e-123,0,1.0207e-103,0,0,0,0,4.6783e-308,3.3618e-263,0,0,0,0,0,0,0,0,2.8172e-87,4.2018e-233,0,0,0,2.5664e-199,0,0,0,0,4.0415e-228,0,3.5213e-120,0,0,2.9261e-77,0,0,0,9.1518e-193,0,2.8404e-228,0,0,0,0,3.1674e-147,0,0,0,0,0,0,0,0,0,0,0,0,0,0,0,4.3413e-298,0,0,0,0,0,0,0,0,0,2.4093e-175,9.0849e-151,0,1.1969e-78,0,0,0,0,0,1.12e-101,4.0209e-188,0,0,0,1.0379e-132,0,0,0,1.8718e-296,0,0,0,1.4384e-134,0,0,0,3.6605e-212,1.4407e-214,3.2112e-124,0,4.8476e-273,0,2.5866e-295
0,0,0,0,0,0,0,2.0407e-84,0,0,0,0,0,0,1.8066e-112,2.5748e-150,0,0,0,0,0,9.5179e-255,0,0,1.5057e-194,0,0,2.4853e-290,1,0,0,0,1.0483e-190,0,1.2476e-62,0,0,7.9167e-228,2.1925e-184,0,0,0,0,4.0644e-248,0,0,0,6.4225e-309,2.2076e-79,3.9744e-67,0,0,8.4139e-321,0,0,0,4.5806e-226,0,1.2713e-267,2.4181e-93,0,0,0,2.8158e-112,0,0,0,0,0,1.4971e-121,1.523e-316,0,0,9.2391e-290,6.4014e-194,0,0,0,0,1.7344e-188,0,0,0,1.5145e-283,0,0,0,0,0,0,0,0,0,0,1.022e-267,0,0,0,1.8506e-257,0,1.7289e-66,0,3.2064e-191,0,0,0,0,0,0,0,1.4582e-214,0,0,2.5138e-259,5.8514e-104,0,0,0,0,1.0795e-290,0,0,0,0,3.3716e-223,0,0,0,5.9192e-181,0,0,0,8.821e-319,2.0594e-233,0,0,0,0,0,0,0,0,2.9407e-113
0,0,1.9442e-65,0,2.7895e-69,0,0,0,3.1535e-269,0,0,0,0,0,0,0,0,0,1.8498e-51,2.1596e-260,0,0,0,0,0,2.041e-50,2.1686e-40,0,0,1,0,0,0,0,0,0,0,0,0,0,7.3287e-54,0,0,0,0,0,0,0,0,0,0,5.3557e-75,0,9.9612e-76,0,0,0,0,0,0,0,0,0,0,1.2099e-264,5.3837e-309,0,0,0,0,0,0,2.0658e-308,0,0,0,0,0,0,0,5.048e-81,0,0,0,0,0,0,0,0,2.0391e-79,0,0,0,3.0779e-44,0,0,0,0,0,4.3691e-96,0,0,0,8.3029e-130,0,0,0,7.1699e-89,3.5563e-67,0,0,0,6.8159e-176,0,0,0,0,1.0647e-235,5.3182e-111,0,0,0,1.1047e-66,1.1811e-52,0,0,0,0,0,1.9257e-43,2.4096e-123,3.0841e-173,0,0,0,5.4244e-74,0,0,0,0,0,0,0
7.3446e-187,0,0,5.6104e-123,0,0,0,0,0,8.2274e-115,6.3698e-208,0,0,0,0,0,8.6072e-120,0,0,0,1.3508e-319,0,0,0,0,0,0,1.4815e-229,0,0,1,0,0,0,0,0,0,0,0,0,0,2.4799e-181,4.0847e-272,1.2096e-269,2.5954e-241,0,0,0,0,0,0,0,0,0,0,0,0,0,4.8297e-247,0,0,0,0,0,0,0,0,0,3.247e-108,0,1.6645e-209,2.3745e-173,0,7.3527e-221,0,0,7.8523e-192,2.5358e-216,0,0,0,0,2.1027e-286,0,3.6549e-226,0,0,0,3.4952e-289,0,0,0,0,0,0,0,0,0,0,0,0,0,0,0,0,0,0,0,0,0,0,4.4697e-139,0,2.1266e-257,0,3.6081e-161,0,0,0,2.4273e-242,2.2692e-109,0,0,0,3.0927e-308,0,0,1.2415e-237,0,0,0,0,4.2665e-215,0,0,0,3.2092e-115,4.0915e-93,5.8005e-175,0,2.4426e-142,0,0
0,0,0,0,0,0,0,0,0,0,0,0,0,0,0,0,0,0,0,0,0,0,0,0,0,0,0,0,0,0,0,1,0,0,0,0,0,0,0,0,0,0,0,0,0,0,0,0,0,0,0,0,0,0,0,0,0,0,0,0,0,0,0,0,0,0,0,0,0,0,0,0,0,0,0,0,0,0,0,0,0,0,0,0,0,0,0,0,0,0,0,0,0,0,0,0,0,0,0,0,0,0,0,0,0,0,0,0,0,0,0,0,0,0,0,0,0,0,0,0,0,0,0,0,0,0,0,0,0,0,0,0,0,0,0,0,0,0,0,0,0,0,0
0,0,0,0,0,0,0,6.6412e-158,0,0,0,0,0,0,6.7343e-288,8.0329e-136,0,0,0,0,0,1.1198e-84,0,0,1.0964e-74,0,0,0,1.0483e-190,0,0,0,1,2.5581e-216,3.542e-209,0,0,1.6302e-68,0,0,0,0,0,0,0,0,0,9.4859e-143,3.3615e-194,1.2164e-221,0,0,9.9629e-154,0,0,0,1.7377e-64,3.8718e-203,0,5.7801e-255,1.3562e-203,2.0998e-204,0,1.681e-295,0,0,8.7232e-184,0,0,1.2829e-129,0,0,0,0,7.735e-41,0,0,0,0,0,0,0,0,5.2731e-153,0,0,8.5473e-322,0,0,0,0,0,0,0,1.0227e-98,0,0,0,1.76e-116,0,5.9668e-197,0,6.1731e-71,0,2.2396e-184,3.3316e-206,0,0,0,0,0,0,0,0,1.8961e-178,0,0,0,0,0,0,0,0,0,0,0,0,0,1.6072e-288,0,0,0,0,4.9201e-73,0,0,0,0,0,0,0,8.6268e-280,1.6546e-223
0,0,0,0,0,0,0,0,0,0,0,0,5.1579e-252,0,0,7.7573e-295,0,0,0,0,0,8.9403e-148,0,7.3289e-184,3.5255e-216,0,0,0,0,0,0,0,2.5581e-216,1,0,6.0328e-160,3.9888e-154,2.4459e-173,0,0,0,0,0,0,0,3.632e-256,0,5.6364e-121,0,0,0,0,5.9953e-94,0,0,0,4.3983e-183,1.316e-83,0,0,7.5988e-83,5.9842e-84,2.6708e-274,0,0,0,1.7347e-64,0,0,7.7536e-307,0,0,0,0,7.7236e-205,0,0,0,0,0,0,0,0,3.4032e-182,0,0,1.6305e-131,0,0,0,0,7.6422e-225,0,0,6.2852e-139,0,0,0,6.5181e-166,0,0,0,1.9179e-221,0,7.248e-71,1.5995e-82,0,0,0,0,0,0,0,0,0,0,0,0,0,0,0,0,0,0,0,0,3.3664e-314,0,0,0,0,0,0,4.0378e-188,0,0,0,0,0,0,0,1.5424e-104,0
0,0,0,0,0,0,0,2.0879e-102,0,0,0,0,0,0,7.5134e-97,1.0499e-176,0,0,0,0,0,5.9698e-276,0,0,5.5337e-221,0,0,4.9511e-279,1.2476e-62,0,0,0,3.542e-209,0,1,0,0,1.7292e-249,2.6326e-181,0,0,0,0,4.0362e-236,0,0,0,0,4.4183e-101,2.0513e-64,0,0,0,0,0,0,4.8182e-244,0,9.2106e-255,1.6108e-86,0,0,0,1.6341e-103,0,0,0,0,0,1.4258e-144,2.5718e-295,0,0,1.0282e-274,1.0106e-213,0,0,0,0,5.1393e-186,0,0,0,2.3439e-310,2.5754e-315,0,0,0,0,0,0,0,0,0,6.9715e-289,0,0,0,8.7949e-284,0,2.1531e-61,0,3.1714e-207,0,0,0,0,0,0,0,1.1993e-199,0,0,1.1028e-252,6.8308e-131,0,0,0,0,2.0987e-280,0,0,0,0,2.317e-214,0,0,0,1.9198e-192,0,0,0,7.7385e-294,2.062e-246,0,0,0,0,0,0,0,0,1.6839e-130
0,8.4622e-311,0,0,0,0,2.0414e-265,0,0,0,0,0,1.1797e-145,0,0,0,0,0,0,0,0,4.3369e-278,0,6.051e-130,0,0,0,0,0,0,0,0,0,6.0328e-160,0,1,1.2071e-80,3.7731e-307,0,0,0,0,0,0,0,2.1485e-128,0,5.4456e-240,0,0,0,0,2.0809e-221,0,0,0,1.6946e-311,5.2515e-186,0,0,2.8133e-184,1.5028e-164,1.2037e-147,0,0,0,9.4444e-180,0,0,0,0,0,0,0,0,0,0,0,0,0,0,0,0,3.3529e-301,0,2.7863e-236,5.8691e-83,0,0,0,0,2.2914e-111,0,0,1.0931e-268,0,0,0,6.429e-297,0,0,0,0,0,4.9938e-182,4.9658e-171,0,0,0,0,0,0,0,0,0,0,0,0,0,0,0,0,0,0,0,0,1.9211e-192,0,0,0,0,0,0,5.3214e-311,0,0,0,0,0,0,0,3.1931e-105,0
0,8.7586e-306,0,0,0,0,8.4616e-260,0,0,0,0,0,4.2067e-134,0,0,0,0,0,0,0,0,9.3622e-278,0,2.7561e-122,0,0,0,0,0,0,0,0,0,3.9888e-154,0,1.2071e-80,1,4.6809e-305,0,0,0,0,0,0,0,2.2679e-128,0,1.002e-237,0,0,0,0,2.6795e-214,0,0,0,6.6832e-313,1.3064e-180,0,0,5.3923e-177,1.1413e-166,1.458e-146,0,0,0,9.6683e-178,0,0,0,0,0,0,0,0,0,0,0,0,0,0,0,0,1.4469e-296,0,5.2409e-235,5.2919e-72,0,0,0,0,3.5698e-104,0,0,6.7314e-267,0,0,0,3.7348e-292,0,0,0,0,0,2.276e-179,4.7084e-170,0,0,0,0,0,0,0,0,0,0,0,0,0,0,0,0,0,0,0,0,5.2571e-184,0,0,0,0,0,0,4.3489e-314,0,0,0,0,0,0,0,1.6757e-107,0
0,0,0,0,0,0,0,4.3433e-189,0,0,0,0,0,0,0,5.5201e-154,0,0,0,0,0,2.028e-51,0,0,9.4546e-82,0,0,0,7.9167e-228,0,0,0,1.6302e-68,2.4459e-173,1.7292e-249,3.7731e-307,4.6809e-305,1,0,0,0,0,0,0,0,0,0,2.4333e-103,1.7895e-223,5.3135e-261,0,0,2.9838e-108,0,0,0,1.2147e-54,2.6671e-161,0,6.5888e-295,3.0753e-163,1.2877e-167,0,0,0,0,3.6547e-143,0,0,7.28e-154,0,0,0,0,1.3228e-50,0,0,0,0,0,0,0,0,2.2334e-134,0,0,3.673e-279,0,0,0,0,0,0,0,2.7079e-61,0,0,0,1.5002e-90,0,1.6506e-233,0,1.9905e-71,0,9.2899e-144,1.6986e-167,0,0,0,0,0,0,0,0,4.8343e-208,0,0,0,0,0,0,0,0,0,0,0,0,0,1.3593e-316,0,0,0,0,3.7284e-65,0,0,0,0,0,0,0,8.4651e-243,7.0097e-255
0,0,0,0,0,0,0,4.5622e-231,0,9.2553e-297,0,0,0,0,4.3451e-123,1.1898e-289,0,0,0,0,0,0,0,0,0,0,0,2.8472e-156,2.1925e-184,0,0,0,0,0,2.6326e-181,0,0,0,1,0,0,5.0753e-221,0,1.6147e-131,0,0,0,0,7.0814e-202,2.4912e-164,0,0,0,0,0,0,0,0,4.7282e-143,3.2019e-140,0,0,0,3.2539e-126,0,0,0,0,0,2.178e-274,1.9798e-200,0,0,7.1704e-161,0,0,0,4.7842e-275,0,1.8687e-163,0,0,0,0,8.8764e-218,0,0,0,0,0,0,0,0,0,0,0,0,0,0,0,7.0329e-195,0,0,0,0,0,0,0,0,0,1.5017e-154,2.7749e-263,0,2.7355e-123,1.1171e-220,0,0,0,0,7.2208e-163,2.0499e-306,0,0,0,1.2281e-125,0,0,0,1.3458e-212,0,0,0,5.4165e-212,0,0,0,0,0,3.6943e-225,0,0,0,2.0722e-193
0,0,0,0,0,0,0,0,0,0,0,0,0,0,0,0,0,0,0,0,0,0,0,0,0,0,0,0,0,0,0,0,0,0,0,0,0,0,0,1,0,0,0,0,0,0,1.7002e-197,0,0,0,5.6136e-314,0,0,0,0,0,0,0,0,0,0,0,0,0,0,0,0,0,0,0,0,0,0,0,0,0,0,0,0,0,0,0,0,0,0,0,0,0,0,0,8.2554e-179,0,0,0,0,1.3073e-248,1.8972e-281,0,0,0,0,2.1616e-153,0,0,0,0,0,0,0,0,0,0,0,0,0,0,2.5956e-267,0,0,0,0,0,0,0,0,0,0,0,0,0,0,0,0,0,0,0,0,0,0,0,0,0,0
0,0,1.8287e-67,0,6.8916e-77,0,0,0,4.4624e-252,0,0,0,0,0,0,0,0,0,4.3961e-73,8.9734e-244,0,0,0,0,0,6.2679e-68,4.8097e-63,0,0,7.3287e-54,0,0,0,0,0,0,0,0,0,0,1,0,0,0,0,0,0,0,0,0,0,4.2356e-81,0,2.2121e-84,0,0,0,0,0,0,0,0,0,0,4.1903e-284,5.6216e-289,0,0,0,0,0,0,1.7818e-291,0,0,0,0,0,0,0,2.7889e-77,0,0,0,0,0,0,0,0,7.7358e-73,0,0,0,4.0351e-59,0,0,0,0,0,1.063e-97,0,0,0,1.9834e-121,0,0,0,3.0747e-86,6.8564e-76,0,0,0,7.9293e-193,0,0,0,0,1.4178e-215,9.3047e-107,0,0,0,1.3861e-67,2.8198e-72,0,0,0,0,0,5.6643e-39,1.1574e-123,1.5601e-168,0,0,0,1.779e-85,0,0,0,0,0,0,0
3.0379e-297,0,0,1.8995e-155,0,0,0,0,0,5.9204e-141,8.3991e-323,0,0,0,4.9042e-249,0,1.9275e-163,0,0,0,0,0,0,0,0,0,0,1.4173e-123,0,0,2.4799e-181,0,0,0,0,0,0,0,5.0753e-221,0,0,1,0,2.1215e-146,0,0,0,0,0,3.8328e-316,0,0,0,0,0,0,0,0,5.3194e-127,5.1502e-288,0,0,0,6.3092e-242,0,0,0,0,7.2306e-162,0,1.6257e-85,2.563e-263,0,4.7183e-104,0,0,2.6548e-295,1.5657e-173,0,3.0042e-279,0,0,0,0,7.3507e-133,0,0,0,0,0,0,0,0,0,0,0,0,0,0,0,0,0,0,0,0,0,0,0,0,0,1.0251e-210,1.279e-80,0,4.9403e-147,0,2.2523e-261,0,0,0,4.4481e-141,7.7195e-119,0,0,0,1.7653e-184,0,0,0,0,0,0,0,2.036e-84,0,0,0,2.0119e-139,3.9811e-151,7.9038e-63,0,1.8559e-192,0,0
1.9973e-124,0,0,3.3551e-259,0,0,0,0,0,3.7793e-312,1.5702e-101,0,0,1.1479e-110,0,0,5.3865e-264,0,0,0,1.4333e-106,0,0,0,0,0,0,0,0,0,4.0847e-272,0,0,0,0,0,0,0,0,0,0,0,1,0,1.0832e-87,0,0,0,0,0,3.0708e-290,0,0,0,0,0,0,0,0,0,0,0,0,0,0,0,0,0,5.6716e-256,0,0,1.1906e-160,0,0,0,0,2.0043e-181,0,4.3642e-247,0,0,0,3.7311e-106,0,0,0,0,1.6117e-144,2.6921e-90,0,0,0,8.1997e-257,0,0,0,0,0,0,0,0,0,0,0,0,0,5.2963e-159,0,0,0,0,0,0,0,0,2.2612e-150,0,0,0,0,5.2428e-292,0,0,0,0,5.2861e-263,0,1.1038e-77,0,0,0,0,0,0,1.5682e-319,0,2.9765e-274,7.1784e-259,0,8.0032e-305,3.1623e-227,0,0
0,0,0,8.6983e-267,0,0,0,7.7516e-298,0,8.4762e-222,0,0,0,0,2.6626e-161,0,6.2512e-264,0,0,0,0,0,0,0,0,0,0,1.0207e-103,4.0644e-248,0,1.2096e-269,0,0,0,4.0362e-236,0,0,0,1.6147e-131,0,0,2.1215e-146,0,1,0,0,0,0,3.1768e-264,3.3546e-222,0,0,0,0,0,0,0,0,1.8144e-93,9.0678e-195,0,0,0,2.2076e-158,0,0,0,0,2.4548e-265,0,5.0145e-129,0,0,3.2402e-98,0,0,0,5.9148e-212,0,6.4214e-199,0,0,0,0,2.7013e-159,0,0,0,0,0,0,0,0,0,0,0,0,0,0,0,6.0377e-254,0,0,0,0,0,0,0,0,0,1.2293e-152,6.5478e-182,0,6.811e-89,5.7128e-292,0,0,0,0,1.6404e-117,3.5314e-225,0,0,0,3.1472e-118,0,0,0,4.1682e-260,0,0,0,3.9493e-140,0,0,0,4.2075e-248,5.3581e-255,6.059e-147,0,8.9727e-306,0,3.3642e-257
1.6009e-82,0,0,4.6757e-223,0,0,0,0,0,2.984e-282,5.061e-58,0,0,4.4063e-117,0,0,1.5494e-235,0,0,0,3.8632e-102,0,0,0,0,0,0,0,0,0,2.5954e-241,0,0,0,0,0,0,0,0,0,0,0,1.0832e-87,0,1,0,0,0,0,0,4.5507e-309,0,0,0,0,0,0,0,0,0,0,0,0,0,0,0,0,0,2.9158e-222,0,0,5.2895e-117,0,0,0,0,8.4627e-153,0,2.1624e-263,0,0,0,4.8821e-85,0,0,0,0,4.0604e-160,3.2982e-75,0,0,0,4.8912e-273,0,0,0,0,0,0,0,0,0,0,0,0,0,1.7067e-172,0,0,0,0,4.3912e-306,0,0,0,2.4927e-109,0,0,0,0,3.7359e-257,0,0,0,0,2.3117e-281,0,1.2542e-38,0,0,0,0,0,0,0,0,2.4215e-238,5.5423e-225,0,0,2.4573e-190,0,0
0,1.638e-204,0,0,0,0,6.5543e-161,0,0,0,0,0,4.7066e-99,0,0,0,0,2.0866e-316,0,0,0,0,7.6373e-274,7.3514e-164,0,0,0,0,0,0,0,0,0,3.632e-256,0,2.1485e-128,2.2679e-128,0,0,0,0,0,0,0,0,1,0,0,0,0,0,0,4.8418e-322,0,1.1203e-306,7.1388e-297,0,5.0286e-282,0,0,7.7949e-280,1.4321e-264,1.9111e-66,0,0,0,2.7885e-281,7.7438e-315,0,0,0,0,0,0,0,0,0,0,0,0,0,0,0,0,0,4.4984e-129,1.9327e-149,0,0,0,0,9.1637e-82,0,0,0,0,0,0,0,0,0,0,0,0,2.1406e-283,1.5513e-270,0,0,0,1.0755e-264,0,0,0,0,0,0,0,0,0,0,0,0,0,0,0,0,1.8873e-100,0,0,0,0,0,0,0,0,0,0,0,0,0,0,1.0393e-193,0
0,0,0,0,0,0,0,0,0,0,0,0,0,0,0,0,0,0,0,0,0,0,0,0,0,0,0,0,0,0,0,0,0,0,0,0,0,0,0,1.7002e-197,0,0,0,0,0,0,1,0,0,0,3.9537e-140,0,0,0,0,0,0,0,0,0,0,0,0,0,0,0,0,0,0,0,0,0,0,0,0,0,0,0,8.0526e-187,0,0,0,0,0,0,0,0,4.2983e-297,0,0,0,0,5.9421e-187,0,0,2.8272e-101,5.72e-204,0,0,0,0,2.0002e-313,0,0,0,0,3.329e-286,0,0,0,0,0,0,0,0,0,2.5424e-101,0,0,0,0,0,0,0,0,1.5987e-193,0,0,0,0,0,0,0,0,4.8166e-318,0,0,0,0,1.1116e-192,0,0,0
0,0,0,0,0,0,0,1.5493e-268,0,0,0,0,0,0,0,1.0592e-226,0,0,0,0,0,1.6273e-84,0,3.6909e-268,1.2461e-150,0,0,0,6.4225e-309,0,0,0,9.4859e-143,5.6364e-121,0,5.4456e-240,1.002e-237,2.4333e-103,0,0,0,0,0,0,0,0,0,1,7.5111e-303,0,0,0,3.6299e-79,0,0,0,2.6344e-111,3.4437e-117,0,0,9.3622e-122,1.5937e-117,0,0,0,0,3.5892e-98,0,0,5.6526e-230,0,0,0,0,2.9637e-129,0,0,0,0,0,0,0,0,2.7613e-157,0,0,6.9163e-212,0,0,0,0,7.3927e-309,0,0,6.022e-77,0,0,0,5.1723e-123,0,6.3504e-311,0,1.2782e-139,0,2.6097e-98,1.2984e-122,0,0,0,0,0,0,0,0,2.5368e-286,0,0,0,0,0,0,0,0,0,0,0,0,0,0,0,0,0,0,6.5864e-111,0,0,0,0,0,0,0,1.6459e-185,0
0,0,0,0,0,0,0,1.5688e-95,0,0,0,0,0,0,6.1063e-140,2.4081e-151,0,0,0,0,0,1.6199e-251,0,0,2.503e-194,0,0,4.6783e-308,2.2076e-79,0,0,0,3.3615e-194,0,4.4183e-101,0,0,1.7895e-223,7.0814e-202,0,0,0,0,3.1768e-264,0,0,0,7.5111e-303,1,1.448e-101,0,0,7.6837e-311,0,0,0,2.9367e-226,0,1.2703e-286,1.9275e-123,0,0,0,2.9055e-148,0,0,0,0,0,9.0875e-129,0,0,0,1.4302e-309,7.7362e-195,0,0,0,0,2.5972e-204,0,0,0,1.0622e-275,0,0,0,0,0,0,0,0,0,0,2.7075e-263,0,0,0,1.5094e-249,0,8.4879e-99,0,2.2411e-189,0,0,0,0,0,0,0,2.1817e-236,0,0,3.3229e-276,4.2588e-113,0,0,0,0,2.7555e-309,0,0,0,0,1.8208e-241,0,0,0,8.8176e-188,0,0,0,0,4.5989e-235,0,0,0,0,0,0,0,0,3.5584e-123
0,0,0,0,0,0,0,1.3879e-113,0,0,0,0,0,0,8.9774e-95,5.4892e-179,0,0,0,0,0,6.117e-287,0,0,7.176e-227,0,0,3.3618e-263,3.9744e-67,0,0,0,1.2164e-221,0,2.0513e-64,0,0,5.3135e-261,2.4912e-164,0,0,3.8328e-316,0,3.3546e-222,0,0,0,0,1.448e-101,1,0,0,0,0,0,0,1.9203e-257,0,2.3016e-241,1.3291e-80,0,0,0,3.1603e-102,0,0,0,0,0,7.3405e-154,9.2042e-289,0,0,3.1046e-261,2.8597e-226,0,0,0,0,3.8205e-174,0,0,0,1.5241e-312,7.7441e-307,0,0,0,0,0,0,0,0,0,1.8505e-300,0,0,0,2.1253e-289,0,1.7708e-82,0,7.6027e-225,0,0,0,0,0,0,0,7.032e-192,0,0,4.9703e-233,1.4277e-124,0,0,0,0,4.0696e-264,0,0,0,0,1.7263e-200,0,0,0,1.0434e-182,0,0,0,7.211e-291,1.9404e-264,0,0,0,0,1.1285e-318,0,0,0,1.3666e-124
0,0,0,0,0,0,0,0,0,0,0,0,0,4.35e-220,0,0,0,0,0,0,7.579e-234,0,0,0,0,0,0,0,0,0,0,0,0,0,0,0,0,0,0,5.6136e-314,0,0,3.0708e-290,0,4.5507e-309,0,3.9537e-140,0,0,0,1,0,0,0,0,0,0,0,0,0,0,0,0,0,0,0,0,0,0,0,0,0,0,0,0,0,0,0,1.0723e-70,0,0,0,1.9182e-271,0,0,0,0,2.3768e-168,7.0987e-256,0,0,0,1.3805e-67,0,0,5.1801e-114,3.7769e-234,0,0,0,0,0,0,0,0,0,5.6489e-162,0,0,0,0,0,0,0,0,0,3.7556e-73,0,0,0,0,0,0,0,0,7.1561e-101,0,1.0574e-306,0,0,0,0,0,0,1.1105e-253,0,0,0,0,1.2375e-131,0,0,0
0,0,1.0069e-88,0,9.883e-89,0,0,0,3.034e-279,0,0,0,0,0,0,0,0,0,5.0251e-79,1.5915e-266,0,0,0,0,0,7.4674e-81,1.9832e-76,0,0,5.3557e-75,0,0,0,0,0,0,0,0,0,0,4.2356e-81,0,0,0,0,0,0,0,0,0,0,1,0,4.8306e-85,0,0,0,0,0,0,0,0,0,0,3.5684e-261,5.5879e-321,0,0,0,0,0,0,2.3058e-320,0,0,0,0,0,0,0,9.8554e-88,0,0,0,0,0,0,0,0,1.0023e-84,0,0,0,2.2574e-83,0,0,0,0,0,5.7779e-98,0,0,0,4.4475e-133,0,0,0,2.3023e-105,6.8779e-72,0,0,0,2.028e-178,0,0,0,0,1.4261e-251,1.5117e-108,0,0,0,4.7688e-86,8.9596e-67,0,0,0,0,0,2.4369e-79,2.8896e-128,3.2302e-165,0,0,0,3.7603e-93,0,0,0,0,0,0,0
0,0,0,0,0,0,0,3.9726e-279,0,0,0,0,3.958e-315,0,0,9.3569e-230,0,0,0,0,0,9.3775e-87,0,3.3671e-237,2.5455e-150,0,0,0,8.4139e-321,0,0,0,9.9629e-154,5.9953e-94,0,2.0809e-221,2.6795e-214,2.9838e-108,0,0,0,0,0,0,0,4.8418e-322,0,3.6299e-79,7.6837e-311,0,0,0,1,0,0,0,1.1647e-123,2.9577e-91,0,0,7.1723e-89,7.8272e-103,0,0,0,0,4.3861e-68,0,0,4.9274e-240,0,0,0,0,1.7148e-139,0,0,0,0,0,0,0,0,1.6789e-138,0,0,2.4463e-189,0,0,0,0,6.0114e-288,0,0,1.2261e-78,0,0,0,1.4937e-109,0,0,0,4.726e-157,0,7.1671e-68,2.0986e-93,0,0,0,0,0,0,0,0,2.3071e-291,0,0,0,0,0,0,0,0,0,0,0,0,0,0,0,0,0,0,8.9987e-133,0,0,0,0,0,0,0,1.5311e-156,0
0,0,4.5273e-73,0,5.3708e-85,0,0,0,7.7445e-313,0,0,0,0,0,0,0,0,0,4.7128e-71,5.4029e-302,0,0,0,0,0,4.6818e-78,9.962e-63,0,0,9.9612e-76,0,0,0,0,0,0,0,0,0,0,2.2121e-84,0,0,0,0,0,0,0,0,0,0,4.8306e-85,0,1,0,0,0,0,0,0,0,0,0,0,6.7398e-226,0,0,0,0,0,0,0,0,0,0,0,0,0,0,0,8.6176e-97,0,0,0,0,0,0,0,0,4.2974e-112,0,0,0,5.7664e-67,0,0,0,0,0,6.5778e-103,0,0,0,1.7919e-132,0,0,0,2.6206e-88,9.1682e-73,0,0,0,1.4407e-144,0,0,0,0,7.1266e-279,4.3243e-113,0,0,0,3.8554e-67,1.5581e-73,0,0,0,0,0,2.3972e-80,2.1581e-129,6.5097e-185,0,0,0,2.2571e-83,0,0,0,0,0,0,0
0,7.6003e-150,0,0,0,0,5.1303e-191,0,3.6979e-170,0,0,4.0326e-81,0,0,0,0,0,1.0196e-64,0,1.0921e-180,0,0,7.3926e-84,0,0,0,0,0,0,0,0,0,0,0,0,0,0,0,0,0,0,0,0,0,0,1.1203e-306,0,0,0,0,0,0,0,0,1,5.0234e-71,0,0,0,0,0,0,2.4943e-291,0,0,2.9836e-122,0,8.3708e-57,0,0,0,0,3.827e-123,0,0,0,0,0,0,0,0,3.7496e-151,0,0,0,6.6221e-195,0,0,0,0,0,0,0,0,0,0,0,3.6978e-170,0,0,0,0,0,0,0,0,0,0,0,1.888e-90,0,0,0,0,0,0,0,6.1986e-190,0,0,0,0,0,0,0,0,3.6451e-258,0,0,0,0,0,0,0,0,0,0,0,0,0,0,0,0
0,2.682e-144,0,0,0,0,1.1119e-178,0,4.1736e-179,0,0,1.095e-84,4.8735e-320,0,0,0,0,1.7825e-70,0,5.6576e-188,0,0,1.9323e-78,0,0,0,0,0,0,0,0,0,0,0,0,0,0,0,0,0,0,0,0,0,0,7.1388e-297,0,0,0,0,0,0,0,0,5.0234e-71,1,0,0,0,0,0,0,3.2033e-281,0,0,6.3715e-134,0,1.7453e-61,0,0,0,0,7.8536e-129,0,0,0,0,0,0,0,0,4.921e-156,0,0,0,3.7522e-183,0,0,0,0,0,0,0,0,0,0,0,3.294e-179,0,0,0,0,0,0,0,0,0,0,0,1.8178e-74,0,0,0,0,0,0,0,1.1261e-199,0,0,0,0,0,0,0,0,1.0617e-250,0,0,0,0,0,0,0,0,0,0,0,0,0,0,0,0
0,0,0,0,0,0,0,1.2462e-188,0,0,0,0,0,0,3.4585e-323,1.4249e-158,0,0,0,0,0,3.1099e-59,0,0,5.2359e-91,0,0,0,4.5806e-226,0,0,0,1.7377e-64,4.3983e-183,4.8182e-244,1.6946e-311,6.6832e-313,1.2147e-54,0,0,0,0,0,0,0,0,0,2.6344e-111,2.9367e-226,1.9203e-257,0,0,1.1647e-123,0,0,0,1,1.1171e-173,0,5.1412e-292,5.0327e-175,4.1683e-172,0,0,0,0,7.9212e-153,0,0,4.532e-156,0,0,0,0,4.1656e-50,0,0,0,0,0,0,0,0,1.5478e-146,0,0,5.668e-287,0,0,0,0,0,0,0,6.8434e-71,0,0,0,3.9852e-105,0,6.5825e-230,0,3.5781e-71,0,3.4113e-153,4.4522e-176,0,0,0,0,0,0,0,0,3.1113e-211,0,0,0,0,0,0,0,0,0,0,0,0,0,2.1977e-318,0,0,0,0,2.0705e-53,0,0,0,0,0,0,0,2.0367e-249,6.4555e-256
0,0,0,0,0,0,0,0,0,0,0,0,1.1721e-275,0,0,5.343e-278,0,0,0,0,0,1.6916e-138,0,6.0906e-204,3.061e-200,0,0,0,0,0,0,0,3.8718e-203,1.316e-83,0,5.2515e-186,1.3064e-180,2.6671e-161,0,0,0,0,0,0,0,5.0286e-282,0,3.4437e-117,0,0,0,0,2.9577e-91,0,0,0,1.1171e-173,1,0,0,5.912e-94,6.3553e-100,1.5358e-299,0,0,0,4.3326e-77,0,0,2.2453e-290,0,0,0,0,8.1803e-192,0,0,0,0,0,0,0,0,6.5529e-171,0,0,1.6805e-158,0,0,0,0,3.228e-249,0,0,5.513e-132,0,0,0,5.7497e-154,0,0,0,1.2613e-209,0,4.4296e-78,3.5816e-94,0,0,0,0,0,0,0,0,0,0,0,0,0,0,0,0,0,0,0,0,0,0,0,0,0,0,0,2.7966e-180,0,0,0,0,0,0,0,8.0331e-129,0
0,0,0,3.4178e-244,0,0,0,2.1919e-317,0,2.5722e-195,0,0,0,0,2.3497e-177,0,1.9579e-242,0,0,0,0,0,0,0,0,0,0,2.8172e-87,1.2713e-267,0,4.8297e-247,0,0,0,9.2106e-255,0,0,0,4.7282e-143,0,0,5.3194e-127,0,1.8144e-93,0,0,0,0,1.2703e-286,2.3016e-241,0,0,0,0,0,0,0,0,1,3.022e-212,0,0,0,1.5348e-174,0,0,0,0,3.4302e-242,0,2.111e-113,0,0,1.1398e-80,0,0,0,5.2211e-200,0,1.2325e-213,0,0,0,0,3.9844e-147,0,0,0,0,0,0,0,0,0,0,0,0,0,0,0,2.2387e-271,0,0,0,0,0,0,0,0,0,1.9795e-158,3.4342e-159,0,4.2017e-82,7.489e-311,0,0,0,0,1.5413e-108,2.2177e-201,0,0,0,8.5426e-123,0,0,0,1.6697e-279,0,0,0,2.483e-125,0,0,0,8.0609e-225,1.0267e-230,3.3769e-126,0,2.2328e-283,0,1.7263e-276
0,0,0,0,0,0,0,5.4441e-141,0,0,0,0,0,0,1.9311e-80,4.454e-206,0,0,0,0,0,4.5405e-321,0,0,1.5172e-258,0,0,4.2018e-233,2.4181e-93,0,0,0,5.7801e-255,0,1.6108e-86,0,0,6.5888e-295,3.2019e-140,0,0,5.1502e-288,0,9.0678e-195,0,0,0,0,1.9275e-123,1.3291e-80,0,0,0,0,0,0,5.1412e-292,0,3.022e-212,1,0,0,0,5.3174e-88,0,0,0,0,0,1.1596e-184,2.2636e-260,0,0,1.4926e-231,2.2866e-260,0,0,0,0,5.2569e-164,0,0,0,0,8.4519e-279,0,0,0,0,0,0,0,0,0,0,0,0,0,9.3872e-322,0,1.669e-105,0,2.8701e-259,0,0,0,0,0,0,0,1.9895e-173,0,0,1.6509e-203,1.7661e-147,0,0,0,0,2.619e-234,0,0,0,0,7.1992e-174,0,0,0,2.261e-186,0,0,0,5.6546e-263,3.206e-299,0,0,0,0,4.1014e-289,0,0,0,1.7441e-133
0,0,0,0,0,0,0,0,0,0,0,0,1.196e-273,0,0,3.3833e-277,0,0,0,0,0,4.6662e-139,0,3.7459e-196,5.193e-198,0,0,0,0,0,0,0,1.3562e-203,7.5988e-83,0,2.8133e-184,5.3923e-177,3.0753e-163,0,0,0,0,0,0,0,7.7949e-280,0,9.3622e-122,0,0,0,0,7.1723e-89,0,0,0,5.0327e-175,5.912e-94,0,0,1,8.8956e-98,3.5771e-297,0,0,0,2.1571e-74,0,0,2.3842e-292,0,0,0,0,6.5261e-193,0,0,0,0,0,0,0,0,4.8434e-168,0,0,1.9228e-154,0,0,0,0,2.2726e-246,0,0,2.5836e-132,0,0,0,7.3866e-153,0,0,0,2.4615e-214,0,3.1487e-77,4.4979e-86,0,0,0,0,0,0,0,0,0,0,0,0,0,0,0,0,0,0,0,0,0,0,0,0,0,0,0,1.046e-184,0,0,0,0,0,0,0,2.1625e-119,0
0,0,0,0,0,0,0,0,0,0,0,0,1.5514e-267,0,0,6.296e-291,0,0,0,0,0,4.9511e-140,0,2.8369e-201,1.5772e-210,0,0,0,0,0,0,0,2.0998e-204,5.9842e-84,0,1.5028e-164,1.1413e-166,1.2877e-167,0,0,0,0,0,0,0,1.4321e-264,0,1.5937e-117,0,0,0,0,7.8272e-103,0,0,0,4.1683e-172,6.3553e-100,0,0,8.8956e-98,1,1.2936e-284,0,0,0,1.3651e-75,0,0,5.5655e-302,0,0,0,0,6.4929e-196,0,0,0,0,0,0,0,0,2.8519e-184,0,0,1.1068e-144,0,0,0,0,5.6806e-235,0,0,5.5299e-133,0,0,0,2.7041e-169,0,0,0,8.394e-214,0,3.1403e-78,8.2753e-88,0,0,0,0,0,0,0,0,0,0,0,0,0,0,0,0,0,0,0,0,0,0,0,0,0,0,0,3.0547e-173,0,0,0,0,0,0,0,1.5302e-114,0
0,7.4476e-188,0,0,0,0,4.9672e-147,0,0,0,0,0,3.3834e-100,0,0,0,0,9.4861e-301,0,0,0,0,1.7272e-257,1.4952e-175,0,0,0,0,0,0,0,0,0,2.6708e-274,0,1.2037e-147,1.458e-146,0,0,0,0,0,0,0,0,1.9111e-66,0,0,0,0,0,0,0,0,2.4943e-291,3.2033e-281,0,1.5358e-299,0,0,3.5771e-297,1.2936e-284,1,0,0,0,6.4163e-300,7.7407e-300,0,0,0,0,0,0,0,0,0,0,0,0,0,0,0,0,0,2.3749e-116,2.2469e-169,0,0,0,0,1.8425e-92,0,0,0,0,0,0,0,0,0,0,0,0,5.4908e-302,1.1089e-288,0,0,0,1.9781e-249,0,0,0,0,0,0,0,0,0,0,0,0,0,0,0,0,4.4216e-88,0,0,0,0,0,0,0,0,0,0,0,0,0,0,5.0513e-213,0
0,0,0,0,0,0,0,1.6464e-171,0,0,0,0,0,0,1.3469e-55,2.2072e-244,0,0,0,0,0,0,0,0,8.0474e-301,0,0,2.5664e-199,2.8158e-112,0,0,0,1.681e-295,0,1.6341e-103,0,0,0,3.2539e-126,0,0,6.3092e-242,0,2.2076e-158,0,0,0,0,2.9055e-148,3.1603e-102,0,0,0,0,0,0,0,0,1.5348e-174,5.3174e-88,0,0,0,1,0,0,0,0,0,2.3708e-216,3.7798e-213,0,0,9.4421e-194,2.8784e-300,0,0,1.2445e-303,0,1.695e-161,0,0,0,0,2.9422e-239,0,0,0,0,0,0,0,0,0,0,0,0,0,0,0,2.3704e-122,0,2.0688e-292,0,0,0,0,0,0,0,1.5182e-145,8.7997e-288,0,1.0653e-176,7.8558e-183,0,0,0,0,6.0474e-205,0,0,0,0,1.7913e-147,0,0,0,4.8893e-198,0,0,0,1.901e-212,0,0,0,0,0,1.7053e-242,0,0,0,1.7469e-161
0,0,2.2094e-253,0,2.9167e-257,0,0,0,0,0,0,0,0,0,0,0,0,0,1.9959e-243,0,0,0,0,0,0,3.6425e-257,2.7617e-241,0,0,1.2099e-264,0,0,0,0,0,0,0,0,0,0,4.1903e-284,0,0,0,0,0,0,0,0,0,0,3.5684e-261,0,6.7398e-226,0,0,0,0,0,0,0,0,0,0,1,0,0,0,0,0,0,0,0,0,0,0,0,0,0,0,1.5405e-285,0,0,0,0,0,0,0,0,3.2472e-310,0,0,0,6.9371e-250,0,0,0,0,0,5.0787e-269,0,0,0,2.0362e-298,0,0,0,2.6883e-257,5.2612e-250,0,0,0,3.9102e-146,0,0,0,0,0,6.7534e-276,0,0,0,6.4856e-245,5.817e-249,0,0,0,0,0,5.8988e-279,2.1469e-280,0,0,0,0,1.8236e-248,0,0,0,0,0,0,0
0,1.0812e-240,0,0,0,0,1.9031e-287,0,3.397e-90,0,0,4.8629e-75,0,0,0,0,0,3.4358e-111,0,3.2764e-101,0,0,1.718e-158,0,0,1.2925e-320,0,0,0,5.3837e-309,0,0,0,0,0,0,0,0,0,0,5.6216e-289,0,0,0,0,0,0,0,0,0,0,5.5879e-321,0,0,2.9836e-122,6.3715e-134,0,0,0,0,0,0,0,0,0,1,0,2.4928e-108,0,0,0,0,6.5561e-65,0,0,0,0,0,0,0,4.4017e-295,3.6049e-127,0,0,0,1.2464e-295,0,0,0,3.5451e-263,0,0,0,0,0,0,0,7.9789e-148,0,1.2831e-320,0,0,0,1.7114e-313,0,0,0,0,0,2.7009e-167,0,0,0,0,0,0,0,4.0002e-93,1.3241e-321,0,0,0,0,0,0,0,0,0,0,5.758e-294,0,1.9338e-315,0,0,0,0,0,0,0,0,0,0,0
0,0,0,0,0,0,0,2.5462e-317,0,0,0,0,9.6671e-278,0,0,2.2634e-266,0,0,0,0,0,8.587e-116,0,3.0074e-202,7.3161e-185,0,0,0,0,0,0,0,8.7232e-184,1.7347e-64,0,9.4444e-180,9.6683e-178,3.6547e-143,0,0,0,0,0,0,0,2.7885e-281,0,3.5892e-98,0,0,0,0,4.3861e-68,0,0,0,7.9212e-153,4.3326e-77,0,0,2.1571e-74,1.3651e-75,6.4163e-300,0,0,0,1,0,0,8.7248e-279,0,0,0,0,4.477e-173,0,0,0,0,0,0,0,0,3.5554e-156,0,0,2.2837e-153,0,0,0,0,2.6121e-249,0,0,5.3244e-109,0,0,0,4.3074e-138,0,0,0,7.2113e-194,0,1.5382e-50,1.3171e-72,0,0,0,0,0,0,0,0,0,0,0,0,0,0,0,0,0,0,0,0,0,0,0,0,0,0,0,4.5781e-159,0,0,0,0,0,0,0,7.442e-114,0
0,1.4812e-156,0,0,0,0,2.0641e-198,0,2.346e-158,0,0,7.91e-60,0,0,0,0,0,5.8338e-51,0,2.6507e-167,0,0,3.9074e-80,0,0,0,0,0,0,0,0,0,0,0,0,0,0,0,0,0,0,0,0,0,0,7.7438e-315,0,0,0,0,0,0,0,0,8.3708e-57,1.7453e-61,0,0,0,0,0,0,7.7407e-300,0,0,2.4928e-108,0,1,0,0,0,0,1.3492e-106,0,0,0,0,0,0,0,0,1.6051e-143,0,0,0,5.4717e-202,0,0,0,0,0,0,0,0,0,0,0,4.8049e-161,0,0,0,0,0,0,0,0,0,0,0,1.4552e-85,0,0,0,0,0,0,0,3.5102e-174,0,0,0,0,0,0,0,0,1.7916e-266,0,0,0,0,0,0,0,0,0,0,0,0,0,0,0,0
1.3016e-160,0,0,3.362e-71,0,0,0,0,0,1.9057e-106,1.4049e-183,0,0,1.0883e-316,0,0,3.6027e-86,0,0,0,5.8943e-304,0,0,0,0,0,0,4.0415e-228,0,0,3.247e-108,0,0,0,0,0,0,0,0,0,0,7.2306e-162,5.6716e-256,2.4548e-265,2.9158e-222,0,0,0,0,0,0,0,0,0,0,0,0,0,3.4302e-242,0,0,0,0,0,0,0,0,0,1,0,1.2494e-189,2.3157e-134,0,8.3917e-216,0,0,1.8279e-174,6.9316e-209,0,0,0,0,1.6508e-271,0,1.7152e-214,0,0,0,8.4057e-276,0,0,0,0,0,0,0,0,0,0,0,0,0,0,0,0,0,0,0,0,0,0,4.9057e-107,0,2.1326e-261,0,5.6641e-126,0,0,0,2.2593e-243,1.31e-69,0,0,0,3.7655e-306,0,0,4.6486e-221,0,0,0,0,2.7763e-188,0,0,0,3.5358e-69,1.5684e-55,4.0773e-149,0,7.6802e-88,0,0
0,0,0,0,0,0,0,7.2393e-103,0,0,0,0,0,0,2.9449e-209,6.5791e-123,0,0,0,0,0,3.8121e-180,0,0,7.8634e-135,0,0,0,1.4971e-121,0,0,0,1.2829e-129,7.7536e-307,1.4258e-144,0,0,7.28e-154,2.178e-274,0,0,0,0,0,0,0,0,5.6526e-230,9.0875e-129,7.3405e-154,0,0,4.9274e-240,0,0,0,4.532e-156,2.2453e-290,0,1.1596e-184,2.3842e-292,5.5655e-302,0,2.3708e-216,0,0,8.7248e-279,0,0,1,0,0,0,0,6.108e-128,0,0,0,0,2.2301e-261,0,0,0,3.2751e-218,0,0,0,0,0,0,0,0,0,0,2.7089e-191,0,0,0,1.1909e-187,0,6.6541e-134,0,9.3607e-126,0,6.8997e-278,1.8525e-299,0,0,0,0,4.2382e-302,0,0,0,3.8355e-131,0,0,0,0,0,0,0,0,0,1.3016e-314,0,0,0,4.6469e-230,0,0,0,0,2.0124e-164,0,0,0,0,0,0,0,0,1.1249e-160
0,0,0,1.6612e-180,0,0,0,0,0,4.5209e-165,0,0,0,0,6.9299e-220,0,1.4328e-187,0,0,0,0,0,0,0,0,0,0,3.5213e-120,1.523e-316,0,1.6645e-209,0,0,0,2.5718e-295,0,0,0,1.9798e-200,0,0,1.6257e-85,0,5.0145e-129,0,0,0,0,0,9.2042e-289,0,0,0,0,0,0,0,0,2.111e-113,2.2636e-260,0,0,0,3.7798e-213,0,0,0,0,1.2494e-189,0,1,3.8796e-290,0,4.8262e-99,0,0,3.9525e-323,2.5764e-182,0,8.9886e-259,0,0,0,0,8.9554e-133,0,0,0,0,0,0,0,0,0,0,0,0,0,0,0,4.8803e-315,0,0,0,0,0,0,0,0,0,4.0205e-190,1.1234e-100,0,5.0083e-141,0,4.0461e-289,0,0,0,3.598e-139,2.7837e-146,0,0,0,1.5943e-168,0,0,0,0,0,0,0,7.8153e-68,0,0,0,9.8097e-166,5.2803e-181,4.6574e-69,0,5.7796e-216,0,0
2.2333e-67,0,0,1.7064e-120,0,0,0,0,0,7.5945e-203,4.6268e-82,0,0,2.0679e-214,0,0,7.0486e-151,0,0,0,3.8627e-196,0,0,0,0,0,0,0,0,0,2.3745e-173,0,0,0,0,0,0,0,0,0,0,2.563e-263,1.1906e-160,0,5.2895e-117,0,0,0,0,0,0,0,0,0,0,0,0,0,0,0,0,0,0,0,0,0,0,0,2.3157e-134,0,3.8796e-290,1,0,0,0,0,1.658e-138,2.4138e-296,0,0,0,0,7.2949e-171,0,1.6088e-310,0,0,1.2559e-260,6.8573e-176,0,0,0,0,0,0,0,0,0,0,0,0,0,0,0,0,0,2.7485e-275,0,0,0,0,6.8945e-205,0,0,0,2.0224e-35,0,0,0,0,4.371e-159,0,0,0,0,0,0,1.6765e-123,0,0,0,0,1.1892e-281,0,0,0,1.7251e-137,2.7094e-137,1.023e-247,0,5.4305e-82,0,0
0,2.1947e-237,0,0,0,0,5.2194e-283,0,3.4084e-87,0,0,1.8612e-72,0,0,0,0,0,6.0743e-112,0,7.647e-93,0,0,8.6729e-155,0,0,5.7816e-320,0,0,0,2.0658e-308,0,0,0,0,0,0,0,0,0,0,1.7818e-291,0,0,0,0,0,0,0,0,0,0,2.3058e-320,0,0,3.827e-123,7.8536e-129,0,0,0,0,0,0,0,0,0,6.5561e-65,0,1.3492e-106,0,0,0,0,1,0,0,0,0,0,0,0,1.0414e-292,3.3186e-124,0,0,0,3.1442e-292,0,0,0,8.7549e-261,0,0,0,0,0,0,0,4.3152e-140,0,4.5904e-320,0,0,0,8.3097e-315,0,0,0,0,0,6.1577e-164,0,0,0,0,0,0,0,4.5234e-94,7.411e-322,0,0,0,0,1.1364e-322,0,0,0,0,0,1.1064e-296,0,1.4227e-313,0,0,0,0,0,0,0,0,0,0,0
0,0,0,8.6726e-217,0,0,0,0,0,7.3256e-172,0,0,0,0,2.2816e-197,0,4.1583e-218,0,0,0,0,0,0,0,0,0,0,2.9261e-77,9.2391e-290,0,7.3527e-221,0,0,0,1.0282e-274,0,0,0,7.1704e-161,0,0,4.7183e-104,0,3.2402e-98,0,0,0,0,1.4302e-309,3.1046e-261,0,0,0,0,0,0,0,0,1.1398e-80,1.4926e-231,0,0,0,9.4421e-194,0,0,0,0,8.3917e-216,0,4.8262e-99,0,0,1,0,0,0,9.8554e-185,0,1.6272e-227,0,0,0,0,3.6784e-134,0,0,0,0,0,0,0,0,0,0,0,0,0,0,0,2.0036e-298,0,0,0,0,0,0,0,0,0,1.4913e-167,1.4515e-131,0,1.8043e-82,0,2.6185e-322,0,0,0,2.178e-96,3.6405e-174,0,0,0,1.4886e-126,0,0,0,4.9715e-299,0,0,0,6.5875e-109,0,0,0,3.4187e-197,8.5082e-205,2.039e-100,0,1.4152e-256,0,5.2862e-298
0,0,0,0,0,0,0,3.2161e-158,0,0,0,0,0,0,3.8335e-292,1.5584e-131,0,0,0,0,0,9.098e-69,0,0,8.4372e-69,0,0,0,6.4014e-194,0,0,0,7.735e-41,7.7236e-205,1.0106e-213,0,0,1.3228e-50,0,0,0,0,0,0,0,0,0,2.9637e-129,7.7362e-195,2.8597e-226,0,0,1.7148e-139,0,0,0,4.1656e-50,8.1803e-192,0,2.2866e-260,6.5261e-193,6.4929e-196,0,2.8784e-300,0,0,4.477e-173,0,0,6.108e-128,0,0,0,0,1,0,0,0,0,0,0,0,0,3.5789e-148,0,0,2.0071e-311,0,0,0,0,0,0,0,2.0348e-83,0,0,0,1.4781e-104,0,1.2548e-199,0,1.5857e-53,0,1.6863e-173,2.1038e-196,0,0,0,0,0,0,0,0,5.2319e-180,0,0,0,0,0,0,0,0,0,0,0,0,0,5.2106e-290,0,0,0,0,1.7225e-59,0,0,0,0,0,0,0,1.7543e-271,5.6627e-226
0,0,0,0,0,0,0,0,0,0,0,0,0,0,0,0,0,0,0,0,0,0,0,0,0,0,0,0,0,0,0,0,0,0,0,0,0,0,0,0,0,0,0,0,0,0,0,0,0,0,0,0,0,0,0,0,0,0,0,0,0,0,0,0,0,0,0,0,0,0,0,0,0,0,0,1,0,0,0,0,0,0,0,0,0,0,0,0,0,0,0,0,0,0,0,0,0,0,0,0,0,0,0,0,0,0,0,0,0,0,0,0,0,0,0,0,0,0,0,0,0,0,0,0,0,0,0,0,0,0,0,0,0,0,0,0,0,0,0,0,0,0,0
4.2034e-125,0,0,7.7922e-183,0,0,0,0,0,3.7621e-221,4.8623e-130,0,0,3.6371e-222,0,0,5.8129e-183,0,0,0,1.8169e-215,0,0,0,0,0,0,0,0,0,7.8523e-192,0,0,0,0,0,0,0,0,0,0,2.6548e-295,2.0043e-181,0,8.4627e-153,0,0,0,0,0,0,0,0,0,0,0,0,0,0,0,0,0,0,0,0,0,0,0,1.8279e-174,0,3.9525e-323,1.658e-138,0,0,0,0,1,2.1795e-315,0,0,0,0,2.1915e-190,0,0,0,0,5.8566e-267,2.3622e-189,0,0,0,0,0,0,0,0,0,0,0,0,0,0,0,0,0,4.7375e-277,0,0,0,0,1.9844e-245,0,0,0,6.4585e-124,0,0,0,0,8.0497e-205,0,0,0,0,0,0,1.8424e-148,0,0,0,0,8.8932e-323,0,0,0,1.0863e-193,6.7944e-176,1.4922e-287,0,1.261e-165,0,0
1.6668e-319,0,0,3.6374e-212,0,0,0,0,0,1.0951e-183,0,0,0,0,6.9937e-311,0,9.7976e-208,0,0,0,0,0,0,0,0,0,0,9.1518e-193,0,0,2.5358e-216,0,0,0,0,0,0,0,4.7842e-275,0,0,1.5657e-173,0,5.9148e-212,0,0,0,0,0,0,0,0,0,0,0,0,0,0,5.2211e-200,0,0,0,0,1.2445e-303,0,0,0,0,6.9316e-209,0,2.5764e-182,2.4138e-296,0,9.8554e-185,0,0,2.1795e-315,1,0,0,0,0,0,0,2.0545e-210,0,0,0,0,0,0,0,0,0,0,0,0,0,0,0,0,0,0,0,0,0,0,0,0,0,6.958e-268,1.414e-169,0,5.3824e-208,0,3.0265e-290,0,0,0,2.446e-205,3.2048e-187,0,0,0,1.3224e-239,0,0,0,0,0,0,0,2.48e-186,0,0,0,3.6829e-202,8.8409e-202,8.7573e-171,0,2.3549e-241,0,0
0,0,0,0,0,0,0,0,0,0,2.2877e-302,0,0,1.1795e-178,0,0,0,0,0,0,2.0684e-193,0,0,0,0,0,0,0,0,0,0,0,0,0,0,0,0,0,0,0,0,0,4.3642e-247,0,2.1624e-263,0,8.0526e-187,0,0,0,1.0723e-70,0,0,0,0,0,0,0,0,0,0,0,0,0,0,0,0,0,0,0,0,0,0,0,0,0,0,0,1,0,0,0,8.5324e-226,0,0,0,0,1.3199e-131,2.2701e-208,0,0,0,5.1419e-73,0,0,1.2713e-146,3.7373e-262,0,0,0,0,0,0,0,0,0,9.8344e-122,0,0,0,0,0,0,0,0,0,9.417e-108,0,0,0,0,0,0,0,0,1.4277e-88,0,7.9673e-260,0,0,0,0,0,0,2.1723e-240,0,0,0,0,2.1104e-136,0,0,0
0,0,0,0,0,0,0,1.5936e-225,0,0,0,0,0,0,2.04e-157,3.2215e-280,0,0,0,0,0,0,0,0,0,0,0,2.8404e-228,1.7344e-188,0,0,0,0,0,5.1393e-186,0,0,0,1.8687e-163,0,0,3.0042e-279,0,6.4214e-199,0,0,0,0,2.5972e-204,3.8205e-174,0,0,0,0,0,0,0,0,1.2325e-213,5.2569e-164,0,0,0,1.695e-161,0,0,0,0,0,2.2301e-261,8.9886e-259,0,0,1.6272e-227,0,0,0,0,0,1,0,0,0,0,9.6799e-274,0,0,0,0,0,0,0,0,0,0,0,0,0,0,0,1.0593e-198,0,0,0,0,0,0,0,0,0,4.5908e-198,1.7391e-321,0,6.9358e-201,2.2676e-221,0,0,0,0,1.6182e-228,0,0,0,0,5.9322e-181,0,0,0,2.7294e-231,0,0,0,7.8428e-266,0,0,0,0,0,3.2353e-283,0,0,0,2.2799e-204
0,0,7.5388e-92,0,3.9266e-98,0,0,0,1.3769e-255,0,0,0,0,0,0,0,0,0,1.2894e-90,4.7098e-242,0,0,0,0,0,1.9236e-88,2.6542e-89,0,0,5.048e-81,0,0,0,0,0,0,0,0,0,0,2.7889e-77,0,0,0,0,0,0,0,0,0,0,9.8554e-88,0,8.6176e-97,0,0,0,0,0,0,0,0,0,0,1.5405e-285,4.4017e-295,0,0,0,0,0,0,1.0414e-292,0,0,0,0,0,0,0,1,4.9407e-324,0,0,0,0,0,0,0,1.6871e-62,0,0,0,2.0217e-94,0,0,0,0,0,2.1557e-89,0,0,0,1.9419e-115,0,0,0,2.2835e-103,5.4261e-78,0,0,0,1.191e-200,0,0,0,0,3.2037e-224,1.3293e-94,0,0,0,7.1314e-94,3.2635e-74,0,0,0,0,0,3.5121e-81,6.9433e-124,8.8088e-152,0,0,0,2.7301e-99,0,0,0,0,0,0,0
0,4.0118e-229,0,0,0,0,1.0136e-280,0,6.4573e-146,0,0,6.5848e-129,0,0,0,0,0,6.8571e-145,0,2.7307e-137,0,0,1.2465e-169,0,0,0,0,0,0,0,0,0,0,0,0,0,0,0,0,0,0,0,0,0,0,0,0,0,0,0,0,0,0,0,3.7496e-151,4.921e-156,0,0,0,0,0,0,0,0,0,3.6049e-127,0,1.6051e-143,0,0,0,0,3.3186e-124,0,0,0,0,0,0,0,4.9407e-324,1,0,0,0,2.4399e-293,0,0,0,1.8234e-289,0,0,0,0,0,0,0,2.5389e-139,0,0,0,0,0,0,0,0,0,0,0,4.9327e-182,0,0,0,0,0,0,0,3.3369e-161,0,0,0,0,0,0,0,0,0,0,0,0,0,0,0,0,0,0,0,0,0,0,0,0,0
4.9657e-135,0,0,7.6891e-275,0,0,0,0,0,0,3.677e-112,0,0,6.4518e-102,0,0,2.85e-284,0,0,0,5.7139e-95,0,0,0,0,0,0,0,0,0,2.1027e-286,0,0,0,0,0,0,0,0,0,0,0,3.7311e-106,0,4.8821e-85,0,0,0,0,0,1.9182e-271,0,0,0,0,0,0,0,0,0,0,0,0,0,0,0,0,0,1.6508e-271,0,0,7.2949e-171,0,0,0,0,2.1915e-190,0,8.5324e-226,0,0,0,1,0,0,0,0,2.0878e-134,2.7701e-67,0,0,0,1.2206e-238,0,0,0,0,0,0,0,0,0,0,0,0,0,7.8739e-143,0,0,0,0,0,0,0,0,1.8616e-164,9.1771e-318,0,0,0,6.4926e-308,0,0,0,0,9.4815e-245,0,8.8475e-81,0,0,0,0,0,0,7.2815e-305,0,6.6073e-290,4.0024e-275,0,1.4355e-289,3.7971e-243,0,0
0,0,0,0,0,0,0,2.3451e-249,0,0,0,0,0,0,0,7.7075e-202,0,0,0,0,0,6.1719e-130,0,2.7016e-302,3.4013e-139,0,0,0,1.5145e-283,0,0,0,5.2731e-153,3.4032e-182,2.3439e-310,3.3529e-301,1.4469e-296,2.2334e-134,0,0,0,0,0,0,0,0,0,2.7613e-157,1.0622e-275,1.5241e-312,0,0,1.6789e-138,0,0,0,1.5478e-146,6.5529e-171,0,0,4.8434e-168,2.8519e-184,0,0,0,0,3.5554e-156,0,0,3.2751e-218,0,0,0,0,3.5789e-148,0,0,0,0,0,0,0,0,1,0,0,2.8754e-274,0,0,0,0,0,0,0,9.4969e-134,0,0,0,1.0943e-128,0,7.7404e-297,0,1.6995e-174,0,4.1548e-158,2.0209e-173,0,0,0,0,0,0,0,0,4.8064e-251,0,0,0,0,0,0,0,0,0,0,0,0,0,0,0,0,0,0,3.3602e-167,0,0,0,0,0,0,0,1.3913e-230,2.1045e-294
0,0,0,1.0083e-210,0,0,0,0,0,5.6612e-188,0,0,0,0,1.613e-243,0,3.8038e-213,0,0,0,0,0,0,0,0,0,0,3.1674e-147,0,0,3.6549e-226,0,0,0,2.5754e-315,0,0,0,8.8764e-218,0,0,7.3507e-133,0,2.7013e-159,0,0,0,0,0,7.7441e-307,0,0,0,0,0,0,0,0,3.9844e-147,8.4519e-279,0,0,0,2.9422e-239,0,0,0,0,1.7152e-214,0,8.9554e-133,1.6088e-310,0,3.6784e-134,0,0,0,2.0545e-210,0,9.6799e-274,0,0,0,0,1,0,0,0,0,0,0,0,0,0,0,0,0,0,0,0,0,0,0,0,0,0,0,0,0,0,2.4645e-213,2.7242e-145,0,2.1778e-161,0,4.4807e-308,0,0,0,4.7288e-158,2.1752e-177,0,0,0,4.2752e-188,0,0,0,0,0,0,0,2.4408e-133,0,0,0,4.9404e-196,7.9114e-205,2.0272e-126,0,3.6003e-244,0,0
0,3.482e-109,0,0,0,0,1.7131e-84,0,0,0,0,6.981e-244,9.6541e-160,0,0,0,0,7.9487e-204,0,0,0,0,9.9542e-167,8.637e-259,0,0,0,0,0,0,0,0,0,0,0,2.7863e-236,5.2409e-235,0,0,0,0,0,0,0,0,4.4984e-129,0,0,0,0,0,0,0,0,6.6221e-195,3.7522e-183,0,0,0,0,0,0,2.3749e-116,0,0,1.2464e-295,0,5.4717e-202,0,0,0,0,3.1442e-292,0,0,0,0,0,0,0,0,2.4399e-293,0,0,0,1,2.8655e-259,0,0,0,0,2.2558e-167,0,0,0,0,0,2.7458e-305,0,0,0,0,0,0,0,0,0,0,0,7.2381e-154,0,0,0,0,0,0,0,0,0,0,0,0,0,0,0,0,1.9095e-98,0,0,0,0,0,0,0,0,0,0,0,0,0,0,9.2925e-309,0
0,0,0,0,0,0,1.3962e-284,0,0,0,0,0,2.5259e-156,0,0,0,0,0,0,0,0,1.6769e-251,0,3.0353e-126,1.2302e-321,0,0,0,0,0,0,0,8.5473e-322,1.6305e-131,0,5.8691e-83,5.2919e-72,3.673e-279,0,0,0,0,0,0,0,1.9327e-149,0,6.9163e-212,0,0,0,0,2.4463e-189,0,0,0,5.668e-287,1.6805e-158,0,0,1.9228e-154,1.1068e-144,2.2469e-169,0,0,0,2.2837e-153,0,0,0,0,0,0,0,2.0071e-311,0,0,0,0,0,0,0,0,2.8754e-274,0,2.8655e-259,1,0,0,0,0,6.021e-127,0,0,1.8486e-240,0,0,0,2.2097e-267,0,0,0,0,0,3.9457e-155,1.1668e-147,0,0,0,0,0,0,0,0,0,0,0,0,0,0,0,0,0,0,0,0,4.4588e-208,0,0,0,0,0,0,6.7539e-288,0,0,0,0,0,0,0,1.218e-93,0
6.5926e-222,0,0,0,0,0,0,0,0,0,8.0952e-193,0,0,5.5359e-82,0,0,0,0,0,0,2.4929e-97,0,0,0,0,0,0,0,0,0,0,0,0,0,0,0,0,0,0,0,0,0,1.6117e-144,0,4.0604e-160,0,4.2983e-297,0,0,0,2.3768e-168,0,0,0,0,0,0,0,0,0,0,0,0,0,0,0,0,0,0,0,0,1.2559e-260,0,0,0,0,5.8566e-267,0,1.3199e-131,0,0,0,2.0878e-134,0,0,0,0,1,4.1724e-113,0,0,0,3.4364e-137,0,0,1.5477e-252,0,0,0,0,0,0,0,0,0,0,2.9266e-73,0,0,0,0,0,0,0,0,6.9257e-254,4.3145e-217,0,0,0,0,0,0,0,0,9.8054e-154,0,2.5215e-154,0,0,0,0,0,0,2.245e-257,0,0,0,0,8.9063e-201,0,0,0
2.9574e-133,0,0,3.6015e-281,0,0,0,0,0,0,5.5085e-108,0,0,1.1328e-78,0,0,2.2445e-288,0,0,0,1.7175e-76,0,0,0,0,0,0,0,0,0,3.4952e-289,0,0,0,0,0,0,0,0,0,0,0,2.6921e-90,0,3.2982e-75,0,0,0,0,0,7.0987e-256,0,0,0,0,0,0,0,0,0,0,0,0,0,0,0,0,0,8.4057e-276,0,0,6.8573e-176,0,0,0,0,2.3622e-189,0,2.2701e-208,0,0,0,2.7701e-67,0,0,0,0,4.1724e-113,1,0,0,0,2.8826e-224,0,0,0,0,0,0,0,0,0,0,0,0,0,1.6333e-120,0,0,0,0,0,0,0,0,2.277e-166,1.2047e-300,0,0,0,4.3175e-314,0,0,0,0,2.2174e-226,0,2.7679e-64,0,0,0,0,0,0,1.8382e-290,0,3.9377e-296,3.7246e-280,0,4.2179e-273,2.2122e-249,0,0
0,0,4.6043e-99,0,2.6722e-99,0,0,0,8.8284e-223,0,0,1.6763e-311,0,0,0,0,0,0,1.2636e-96,7.3501e-208,0,0,0,0,0,2.5224e-91,1.814e-96,0,0,2.0391e-79,0,0,0,0,0,0,0,0,0,0,7.7358e-73,0,0,0,0,0,0,0,0,0,0,1.0023e-84,0,4.2974e-112,0,0,0,0,0,0,0,0,0,0,3.2472e-310,3.5451e-263,0,0,0,0,0,0,8.7549e-261,0,0,0,0,0,0,0,1.6871e-62,1.8234e-289,0,0,0,0,0,0,0,1,0,0,0,3.4763e-102,0,0,0,2.254e-292,0,5.5645e-91,0,0,0,2.6525e-120,0,0,0,1.0636e-115,1.7095e-80,0,0,0,1.6586e-221,0,0,0,0,1.1428e-193,7.9138e-101,0,0,0,1.0779e-102,3.6632e-74,0,0,0,0,0,2.9035e-75,7.9875e-126,4.2934e-147,0,0,0,1.4414e-106,0,0,0,0,0,0,0
0,0,0,0,0,1.0043e-217,0,0,0,0,0,0,0,0,0,0,0,0,0,0,0,0,0,0,0,0,0,0,0,0,0,0,0,0,0,0,0,0,0,8.2554e-179,0,0,0,0,0,0,0,0,0,0,0,0,0,0,0,0,0,0,0,0,0,0,0,0,0,0,0,0,0,0,0,0,0,0,0,0,0,0,0,0,0,0,0,0,0,0,0,0,0,0,1,0,0,0,0,0,0,0,0,0,0,1.6708e-84,0,0,0,0,0,0,0,0,0,0,0,0,0,0,0,0,0,0,0,0,0,0,0,0,0,0,0,0,0,0,0,0,0,0,0,0,0,0,0,0,0
0,2.4182e-236,0,0,0,0,1.3767e-194,0,0,0,0,0,1.7648e-99,0,0,0,0,0,0,0,0,0,5.3493e-313,1.7286e-139,0,0,0,0,0,0,0,0,0,7.6422e-225,0,2.2914e-111,3.5698e-104,0,0,0,0,0,0,0,0,9.1637e-82,0,7.3927e-309,0,0,0,0,6.0114e-288,0,0,0,0,3.228e-249,0,0,2.2726e-246,5.6806e-235,1.8425e-92,0,0,0,2.6121e-249,0,0,0,0,0,0,0,0,0,0,0,0,0,0,0,0,0,0,2.2558e-167,6.021e-127,0,0,0,0,1,0,0,0,0,0,0,0,0,0,0,0,0,1.615e-250,8.3849e-238,0,0,0,1.8034e-302,0,0,0,0,0,0,0,0,0,0,0,0,0,0,0,0,8.7301e-120,0,0,0,0,0,0,0,0,0,0,0,0,0,0,2.9174e-165,0
0,0,0,0,0,0,0,0,0,0,1.4273e-309,0,0,4.4114e-188,0,0,0,0,0,0,1.031e-198,0,0,0,0,0,0,0,0,0,0,0,0,0,0,0,0,0,0,0,0,0,8.1997e-257,0,4.8912e-273,0,5.9421e-187,0,0,0,1.3805e-67,0,0,0,0,0,0,0,0,0,0,0,0,0,0,0,0,0,0,0,0,0,0,0,0,0,0,0,5.1419e-73,0,0,0,1.2206e-238,0,0,0,0,3.4364e-137,2.8826e-224,0,0,0,1,0,0,7.0913e-166,5.11e-268,0,0,0,0,0,0,0,0,0,4.7184e-138,0,0,0,0,0,0,0,0,0,3.9529e-126,0,0,0,0,0,0,0,0,1.5893e-120,0,6.2563e-273,0,0,0,0,0,0,5.6336e-259,0,0,0,0,1.4212e-153,0,0,0
0,0,3.1029e-61,0,3.3936e-71,0,0,0,2.7691e-288,0,0,0,0,0,0,0,0,0,8.1018e-55,2.2169e-280,0,0,0,0,0,8.4326e-53,8.9894e-34,0,0,3.0779e-44,0,0,0,0,0,0,0,0,0,0,4.0351e-59,0,0,0,0,0,0,0,0,0,0,2.2574e-83,0,5.7664e-67,0,0,0,0,0,0,0,0,0,0,6.9371e-250,0,0,0,0,0,0,0,0,0,0,0,0,0,0,0,2.0217e-94,0,0,0,0,0,0,0,0,3.4763e-102,0,0,0,1,0,0,0,0,0,6.8842e-106,0,0,0,1.9378e-133,0,0,0,2.8739e-81,2.5415e-74,0,0,0,3.0723e-161,0,0,0,0,1.8781e-252,2.9774e-117,0,0,0,8.0071e-60,1.1637e-66,0,0,0,0,0,5.1294e-49,6.8102e-129,1.5292e-186,0,0,0,8.6229e-73,0,0,0,0,0,0,0
0,0,0,0,0,0,0,4.4586e-228,0,0,0,0,0,0,0,3.5442e-187,0,0,0,0,0,3.5586e-46,0,4.2975e-291,2.2161e-110,0,0,0,1.022e-267,0,0,0,1.0227e-98,6.2852e-139,6.9715e-289,1.0931e-268,6.7314e-267,2.7079e-61,0,0,0,0,0,0,0,0,0,6.022e-77,2.7075e-263,1.8505e-300,0,0,1.2261e-78,0,0,0,6.8434e-71,5.513e-132,0,0,2.5836e-132,5.5299e-133,0,0,0,0,5.3244e-109,0,0,2.7089e-191,0,0,0,0,2.0348e-83,0,0,0,0,0,0,0,0,9.4969e-134,0,0,1.8486e-240,0,0,0,0,0,0,0,1,0,0,0,1.6634e-94,0,2.6081e-271,0,6.5027e-102,0,3.6952e-109,8.6315e-135,0,0,0,0,0,0,0,0,2.6821e-246,0,0,0,0,0,0,0,0,0,0,0,0,0,0,0,0,0,0,1.5418e-75,0,0,0,0,0,0,0,1.6274e-205,1.7598e-292
0,0,0,0,0,0,0,0,0,0,0,0,0,5.8778e-301,0,0,0,0,0,0,7.9166e-319,0,0,0,0,0,0,0,0,0,0,0,0,0,0,0,0,0,0,1.3073e-248,0,0,0,0,0,0,2.8272e-101,0,0,0,5.1801e-114,0,0,0,0,0,0,0,0,0,0,0,0,0,0,0,0,0,0,0,0,0,0,0,0,0,0,0,1.2713e-146,0,0,0,0,0,0,0,0,1.5477e-252,0,0,0,0,7.0913e-166,0,0,1,8.5808e-205,0,0,0,0,0,0,0,0,0,3.0917e-240,0,0,0,0,0,0,0,0,0,4.153e-61,0,0,0,0,0,0,0,0,1.804e-145,0,0,0,0,0,0,0,0,6.189e-280,0,0,0,0,1.1984e-158,0,0,0
0,0,0,0,0,0,0,0,0,0,0,0,0,0,0,0,0,0,0,0,0,0,0,0,0,0,0,0,0,0,0,0,0,0,0,0,0,0,0,1.8972e-281,0,0,0,0,0,0,5.72e-204,0,0,0,3.7769e-234,0,0,0,0,0,0,0,0,0,0,0,0,0,0,0,0,0,0,0,0,0,0,0,0,0,0,0,3.7373e-262,0,0,0,0,0,0,0,0,0,0,0,0,0,5.11e-268,0,0,8.5808e-205,1,0,0,0,0,0,0,0,0,0,0,0,0,0,0,0,0,0,0,0,1.8086e-208,0,0,0,0,0,0,0,0,2.6549e-261,0,0,0,0,0,0,0,0,0,0,0,0,0,1.7975e-257,0,0,0
0,1.0777e-236,0,0,0,0,6.9179e-292,0,5.1186e-162,0,0,1.8449e-152,0,0,0,0,0,3.2855e-164,0,4.5435e-149,0,0,3.7707e-185,0,0,0,0,0,0,0,0,0,0,0,0,0,0,0,0,0,0,0,0,0,0,0,0,0,0,0,0,0,0,0,3.6978e-170,3.294e-179,0,0,0,0,0,0,0,0,0,7.9789e-148,0,4.8049e-161,0,0,0,0,4.3152e-140,0,0,0,0,0,0,0,0,2.5389e-139,0,0,0,2.7458e-305,0,0,0,2.254e-292,0,0,0,0,0,0,0,1,0,0,0,0,0,0,0,0,0,0,0,8.2813e-202,0,0,0,0,0,0,0,5.4863e-176,0,0,0,0,0,0,0,0,0,0,0,0,0,0,0,0,0,0,0,0,0,0,0,0,0
0,0,0,0,0,0,0,1.2432e-220,0,0,0,0,0,0,0,3.056e-177,0,0,0,0,0,2.9293e-88,0,1.24e-304,3.347e-108,0,0,0,1.8506e-257,0,0,0,1.76e-116,6.5181e-166,8.7949e-284,6.429e-297,3.7348e-292,1.5002e-90,0,0,0,0,0,0,0,0,0,5.1723e-123,1.5094e-249,2.1253e-289,0,0,1.4937e-109,0,0,0,3.9852e-105,5.7497e-154,0,9.3872e-322,7.3866e-153,2.7041e-169,0,0,0,0,4.3074e-138,0,0,1.1909e-187,0,0,0,0,1.4781e-104,0,0,0,0,0,0,0,0,1.0943e-128,0,0,2.2097e-267,0,0,0,0,0,0,0,1.6634e-94,0,0,0,1,0,6.2875e-269,0,2.6472e-129,0,3.6745e-139,8.3677e-160,0,0,0,0,0,0,0,0,1.0351e-229,0,0,0,0,0,0,0,0,0,0,0,0,0,0,0,0,0,0,3.6108e-124,0,0,0,0,0,0,0,5.6182e-227,1.6304e-274
0,0,5.3316e-103,0,1.0795e-107,0,0,0,8.4226e-282,0,0,0,0,0,0,0,0,0,1.2932e-99,1.749e-268,0,0,0,0,0,6.0978e-102,3.097e-98,0,0,4.3691e-96,0,0,0,0,0,0,0,0,0,0,1.063e-97,0,0,0,0,0,0,0,0,0,0,5.7779e-98,0,6.5778e-103,0,0,0,0,0,0,0,0,0,0,5.0787e-269,1.2831e-320,0,0,0,0,0,0,4.5904e-320,0,0,0,0,0,0,0,2.1557e-89,0,0,0,0,0,0,0,0,5.5645e-91,0,0,0,6.8842e-106,0,0,0,0,0,1,0,0,0,9.8688e-131,0,0,0,1.6224e-113,2.5608e-87,0,0,0,1.9169e-189,0,0,0,0,1.2591e-251,1.6471e-104,0,0,0,1.0481e-99,8.8352e-84,0,0,0,0,0,1.6424e-98,1.2035e-133,9.2336e-167,0,0,0,1.2692e-110,0,0,0,0,0,0,0
0,0,0,0,0,0,0,4.7073e-98,0,0,0,0,0,0,1.527e-115,1.9982e-163,0,0,0,0,0,2.6164e-260,0,0,3.2849e-206,0,0,4.3413e-298,1.7289e-66,0,0,0,5.9668e-197,0,2.1531e-61,0,0,1.6506e-233,7.0329e-195,0,0,0,0,6.0377e-254,0,0,0,6.3504e-311,8.4879e-99,1.7708e-82,0,0,0,0,0,0,6.5825e-230,0,2.2387e-271,1.669e-105,0,0,0,2.3704e-122,0,0,0,0,0,6.6541e-134,4.8803e-315,0,0,2.0036e-298,1.2548e-199,0,0,0,0,1.0593e-198,0,0,0,7.7404e-297,0,0,0,0,0,0,0,0,0,0,2.6081e-271,0,0,0,6.2875e-269,0,1,0,5.6465e-191,0,0,0,0,0,0,0,2.5289e-218,0,0,5.0076e-271,4.6796e-125,0,0,0,0,3.185e-300,0,0,0,0,4.5928e-236,0,0,0,4.2972e-195,0,0,0,9.6556e-314,3.8171e-232,0,0,0,0,0,0,0,0,3.2888e-134
0,0,0,0,0,4.6933e-241,0,0,0,0,0,0,0,0,0,0,0,0,0,0,0,0,0,0,0,0,0,0,0,0,0,0,0,0,0,0,0,0,0,2.1616e-153,0,0,0,0,0,0,2.0002e-313,0,0,0,0,0,0,0,0,0,0,0,0,0,0,0,0,0,0,0,0,0,0,0,0,0,0,0,0,0,0,0,0,0,0,0,0,0,0,0,0,0,0,0,1.6708e-84,0,0,0,0,0,0,0,0,0,0,1,0,0,0,0,0,0,0,0,0,0,0,0,0,0,0,0,0,0,0,0,0,0,0,0,0,0,0,0,0,0,0,0,0,0,0,0,0,0,0,0,0
0,0,0,0,0,0,0,4.5803e-154,0,0,0,0,0,0,1.1297e-285,2.0191e-141,0,0,0,0,0,9.6972e-95,0,0,5.5764e-102,0,0,0,3.2064e-191,0,0,0,6.1731e-71,1.9179e-221,3.1714e-207,0,0,1.9905e-71,0,0,0,0,0,0,0,0,0,1.2782e-139,2.2411e-189,7.6027e-225,0,0,4.726e-157,0,0,0,3.5781e-71,1.2613e-209,0,2.8701e-259,2.4615e-214,8.394e-214,0,2.0688e-292,0,0,7.2113e-194,0,0,9.3607e-126,0,0,0,0,1.5857e-53,0,0,0,0,0,0,0,0,1.6995e-174,0,0,0,0,0,0,0,0,0,0,6.5027e-102,0,0,0,2.6472e-129,0,5.6465e-191,0,1,0,2.9026e-195,1.3909e-219,0,0,0,0,0,0,0,0,3.9179e-188,0,0,0,0,0,0,0,0,0,0,0,0,0,5.0104e-293,0,0,0,0,9.2793e-59,0,0,0,0,0,0,0,2.157e-296,6.7559e-231
0,0,8.8605e-129,0,1.5169e-132,0,0,0,9.7315e-278,0,0,0,0,0,0,0,0,0,5.3543e-138,1.6375e-266,0,0,0,0,0,1.1143e-136,2.5611e-133,0,0,8.3029e-130,0,0,0,0,0,0,0,0,0,0,1.9834e-121,0,0,0,0,0,0,0,0,0,0,4.4475e-133,0,1.7919e-132,0,0,0,0,0,0,0,0,0,0,2.0362e-298,1.7114e-313,0,0,0,0,0,0,8.3097e-315,0,0,0,0,0,0,0,1.9419e-115,0,0,0,0,0,0,0,0,2.6525e-120,0,0,0,1.9378e-133,0,0,0,0,0,9.8688e-131,0,0,0,1,0,0,0,7.6549e-130,8.6789e-125,0,0,0,3.4575e-218,0,0,0,0,8.6636e-247,1.0162e-125,0,0,0,6.1318e-131,6.7395e-127,0,0,0,0,0,2.4801e-127,1.7817e-152,3.3991e-182,0,0,0,6.3634e-137,0,0,0,0,0,0,0
0,0,0,0,0,0,0,2.0322e-317,0,0,0,0,7.076e-280,0,0,4.0116e-265,0,0,0,0,0,1.0435e-116,0,1.9496e-201,4.6447e-183,0,0,0,0,0,0,0,2.2396e-184,7.248e-71,0,4.9938e-182,2.276e-179,9.2899e-144,0,0,0,0,0,0,0,2.1406e-283,0,2.6097e-98,0,0,0,0,7.1671e-68,0,0,0,3.4113e-153,4.4296e-78,0,0,3.1487e-77,3.1403e-78,5.4908e-302,0,0,0,1.5382e-50,0,0,6.8997e-278,0,0,0,0,1.6863e-173,0,0,0,0,0,0,0,0,4.1548e-158,0,0,3.9457e-155,0,0,0,0,1.615e-250,0,0,3.6952e-109,0,0,0,3.6745e-139,0,0,0,2.9026e-195,0,1,3.3212e-71,0,0,0,0,0,0,0,0,0,0,0,0,0,0,0,0,0,0,0,0,0,0,0,0,0,0,0,3.0568e-161,0,0,0,0,0,0,0,6.8612e-115,0
0,0,0,0,0,0,0,0,0,0,0,0,9.6172e-268,0,0,5.6154e-285,0,0,0,0,0,1.7255e-141,0,2.8363e-190,8.4149e-204,0,0,0,0,0,0,0,3.3316e-206,1.5995e-82,0,4.9658e-171,4.7084e-170,1.6986e-167,0,0,0,0,0,0,0,1.5513e-270,0,1.2984e-122,0,0,0,0,2.0986e-93,0,0,0,4.4522e-176,3.5816e-94,0,0,4.4979e-86,8.2753e-88,1.1089e-288,0,0,0,1.3171e-72,0,0,1.8525e-299,0,0,0,0,2.1038e-196,0,0,0,0,0,0,0,0,2.0209e-173,0,0,1.1668e-147,0,0,0,0,8.3849e-238,0,0,8.6315e-135,0,0,0,8.3677e-160,0,0,0,1.3909e-219,0,3.3212e-71,1,0,0,0,0,0,0,0,0,0,0,0,0,0,0,0,0,0,0,0,0,0,0,0,0,0,0,0,1.1349e-184,0,0,0,0,0,0,0,4.7066e-107,0
3.6072e-235,0,0,0,0,0,0,0,0,0,1.5577e-207,0,0,6.1642e-99,0,0,0,0,0,0,2.1013e-113,0,0,0,0,0,0,0,0,0,0,0,0,0,0,0,0,0,0,0,0,0,5.2963e-159,0,1.7067e-172,0,3.329e-286,0,0,0,5.6489e-162,0,0,0,0,0,0,0,0,0,0,0,0,0,0,0,0,0,0,0,0,2.7485e-275,0,0,0,0,4.7375e-277,0,9.8344e-122,0,0,0,7.8739e-143,0,0,0,0,2.9266e-73,1.6333e-120,0,0,0,4.7184e-138,0,0,3.0917e-240,0,0,0,0,0,0,0,0,0,0,1,0,0,0,0,0,0,0,0,2.6098e-268,5.0882e-205,0,0,0,0,0,0,0,0,7.5732e-145,0,2.8703e-166,0,0,0,0,0,0,5.512e-244,0,0,0,0,1.0782e-193,0,0,0
0,0,6.3516e-87,0,1.2831e-97,0,0,0,5.6081e-296,0,0,0,0,0,0,0,0,0,2.6283e-93,2.3984e-286,0,0,0,0,0,3.6727e-95,2.3476e-84,0,0,7.1699e-89,0,0,0,0,0,0,0,0,0,0,3.0747e-86,0,0,0,0,0,0,0,0,0,0,2.3023e-105,0,2.6206e-88,0,0,0,0,0,0,0,0,0,0,2.6883e-257,0,0,0,0,0,0,0,0,0,0,0,0,0,0,0,2.2835e-103,0,0,0,0,0,0,0,0,1.0636e-115,0,0,0,2.8739e-81,0,0,0,0,0,1.6224e-113,0,0,0,7.6549e-130,0,0,0,1,1.427e-93,0,0,0,6.2203e-173,0,0,0,0,3.7479e-260,7.8073e-117,0,0,0,1.6557e-84,1.7663e-96,0,0,0,0,0,1.2857e-87,1.3099e-136,2.1125e-186,0,0,0,4.3428e-100,0,0,0,0,0,0,0
0,0,1.1991e-75,0,4.0431e-81,0,0,0,1.779e-285,0,0,0,0,0,0,0,0,0,2.5713e-68,1.7039e-272,0,0,0,0,0,4.5575e-74,5.1095e-65,0,0,3.5563e-67,0,0,0,0,0,0,0,0,0,0,6.8564e-76,0,0,0,0,0,0,0,0,0,0,6.8779e-72,0,9.1682e-73,0,0,0,0,0,0,0,0,0,0,5.2612e-250,0,0,0,0,0,0,0,0,0,0,0,0,0,0,0,5.4261e-78,0,0,0,0,0,0,0,0,1.7095e-80,0,0,0,2.5415e-74,0,0,0,0,0,2.5608e-87,0,0,0,8.6789e-125,0,0,0,1.427e-93,1,0,0,0,1.5938e-168,0,0,0,0,1.313e-255,2.5235e-100,0,0,0,2.6515e-73,1.4839e-55,0,0,0,0,0,1.6292e-69,1.5889e-120,2.7315e-167,0,0,0,3.0742e-84,0,0,0,0,0,0,0
0,3.4707e-122,0,0,0,0,7.9606e-153,0,9.0905e-213,0,0,1.4803e-116,1.12e-288,0,0,0,0,2.4338e-92,0,1.7053e-220,0,0,3.9055e-75,0,0,0,0,0,0,0,0,0,0,0,0,0,0,0,0,0,0,0,0,0,0,1.0755e-264,0,0,0,0,0,0,0,0,1.888e-90,1.8178e-74,0,0,0,0,0,0,1.9781e-249,0,0,2.7009e-167,0,1.4552e-85,0,0,0,0,6.1577e-164,0,0,0,0,0,0,0,0,4.9327e-182,0,0,0,7.2381e-154,0,0,0,0,0,1.8034e-302,0,0,0,0,0,8.2813e-202,0,0,0,0,0,0,0,0,0,0,0,1,0,0,0,0,0,0,0,6.8489e-235,0,0,0,0,0,0,0,0,3.8397e-220,0,0,0,0,0,0,0,0,0,0,0,0,0,0,0,0
0,0,0,0,0,0,0,8.8028e-259,0,2.3908e-294,0,0,0,0,4.8135e-147,4.4466e-323,0,0,0,0,0,0,0,0,0,0,0,2.4093e-175,1.4582e-214,0,0,0,0,0,1.1993e-199,0,0,0,1.5017e-154,0,0,1.0251e-210,0,1.2293e-152,0,0,0,0,2.1817e-236,7.032e-192,0,0,0,0,0,0,0,0,1.9795e-158,1.9895e-173,0,0,0,1.5182e-145,0,0,0,0,0,4.2382e-302,4.0205e-190,0,0,1.4913e-167,0,0,0,6.958e-268,0,4.5908e-198,0,0,0,0,2.4645e-213,0,0,0,0,0,0,0,0,0,0,0,0,0,0,0,2.5289e-218,0,0,0,0,0,0,0,0,0,1,9.4253e-248,0,2.088e-159,2.0888e-260,0,0,0,0,3.361e-181,4.0808e-291,0,0,0,2.8532e-151,0,0,0,2.7245e-253,0,0,0,1.8221e-192,0,0,0,1.9889e-311,4.9407e-324,2.6702e-209,0,0,0,1.4371e-234
4.1797e-240,0,0,2.8841e-95,0,0,0,0,0,2.7547e-102,5.9335e-266,0,0,0,2.7198e-294,0,3.8218e-113,0,0,0,0,0,0,0,0,0,0,9.0849e-151,0,0,4.4697e-139,0,0,0,0,0,0,0,2.7749e-263,0,0,1.279e-80,0,6.5478e-182,4.3912e-306,0,0,0,0,0,0,0,0,0,0,0,0,0,3.4342e-159,0,0,0,0,8.7997e-288,0,0,0,0,4.9057e-107,0,1.1234e-100,6.8945e-205,0,1.4515e-131,0,0,1.9844e-245,1.414e-169,0,1.7391e-321,0,0,0,0,2.7242e-145,0,0,0,0,0,0,0,0,0,0,0,0,0,0,0,0,0,0,0,0,0,0,0,0,0,9.4253e-248,1,0,4.5723e-184,0,7.7503e-203,0,0,0,9.0693e-170,5.4023e-57,0,0,0,3.0215e-224,0,0,3.3184e-307,0,0,0,0,5.8009e-93,0,0,0,4.343e-78,1.9971e-94,1.94e-50,0,9.0261e-132,0,0
0,0,8.286e-167,0,1.4334e-173,0,0,0,0,0,0,0,0,0,0,0,0,0,2.6821e-160,0,0,0,0,0,0,6.3238e-171,3.7488e-155,0,0,6.8159e-176,0,0,0,0,0,0,0,0,0,0,7.9293e-193,0,0,0,0,0,0,0,0,0,0,2.028e-178,0,1.4407e-144,0,0,0,0,0,0,0,0,0,0,3.9102e-146,0,0,0,0,0,0,0,0,0,0,0,0,0,0,0,1.191e-200,0,0,0,0,0,0,0,0,1.6586e-221,0,0,0,3.0723e-161,0,0,0,0,0,1.9169e-189,0,0,0,3.4575e-218,0,0,0,6.2203e-173,1.5938e-168,0,0,0,1,0,0,0,0,0,1.3804e-194,0,0,0,3.6184e-161,9.0639e-167,0,0,0,0,0,4.6494e-188,6.246e-206,3.243e-261,0,0,0,7.0326e-166,0,0,0,0,0,0,0
0,0,0,1.2785e-268,0,0,0,3.1109e-308,0,1.4065e-207,0,0,0,0,1.5775e-176,0,2.657e-262,0,0,0,0,0,0,0,0,0,0,1.1969e-78,2.5138e-259,0,2.1266e-257,0,0,0,1.1028e-252,0,0,0,2.7355e-123,0,0,4.9403e-147,0,6.811e-89,0,0,0,0,3.3229e-276,4.9703e-233,0,0,0,0,0,0,0,0,4.2017e-82,1.6509e-203,0,0,0,1.0653e-176,0,0,0,0,2.1326e-261,0,5.0083e-141,0,0,1.8043e-82,0,0,0,5.3824e-208,0,6.9358e-201,0,0,0,0,2.1778e-161,0,0,0,0,0,0,0,0,0,0,0,0,0,0,0,5.0076e-271,0,0,0,0,0,0,0,0,0,2.088e-159,4.5723e-184,0,1,2.9889e-296,0,0,0,0,7.5643e-91,4.2887e-222,0,0,0,1.9891e-106,0,0,0,3.1768e-263,0,0,0,1.759e-159,0,0,0,1.5508e-247,8.0784e-248,7.2062e-154,0,1.5725e-310,0,3.8071e-260
0,0,0,0,0,0,0,1.8917e-110,0,0,0,0,0,0,9.5128e-173,3.7166e-141,0,0,0,0,0,1.2659e-232,0,0,5.5095e-172,0,0,0,5.8514e-104,0,0,0,1.8961e-178,0,6.8308e-131,0,0,4.8343e-208,1.1171e-220,0,0,0,0,5.7128e-292,0,0,0,2.5368e-286,4.2588e-113,1.4277e-124,0,0,2.3071e-291,0,0,0,3.1113e-211,0,7.489e-311,1.7661e-147,0,0,0,7.8558e-183,0,0,0,0,0,3.8355e-131,0,0,0,0,5.2319e-180,0,0,0,0,2.2676e-221,0,0,0,4.8064e-251,0,0,0,0,0,0,0,0,0,0,2.6821e-246,0,0,0,1.0351e-229,0,4.6796e-125,0,3.9179e-188,0,0,0,0,0,0,0,2.0888e-260,0,0,2.9889e-296,1,0,0,0,0,0,0,0,0,0,5.5477e-265,0,0,0,3.4437e-198,0,0,0,0,3.1808e-225,0,0,0,0,0,0,0,0,1.9737e-137
5.8488e-52,0,0,2.7006e-120,0,0,0,0,0,2.7461e-191,1.8622e-68,0,0,3.926e-206,0,0,6.1749e-141,0,0,0,1.5557e-190,0,0,0,0,0,0,0,0,0,3.6081e-161,0,0,0,0,0,0,0,0,0,0,2.2523e-261,2.2612e-150,0,2.4927e-109,0,0,0,0,0,0,0,0,0,0,0,0,0,0,0,0,0,0,0,0,0,0,0,5.6641e-126,0,4.0461e-289,2.0224e-35,0,2.6185e-322,0,0,6.4585e-124,3.0265e-290,0,0,0,0,1.8616e-164,0,4.4807e-308,0,0,6.9257e-254,2.277e-166,0,0,0,0,0,0,0,0,0,0,0,0,0,0,0,0,0,2.6098e-268,0,0,0,0,7.7503e-203,0,0,0,1,0,0,0,0,8.1618e-156,0,0,0,0,0,0,1.9552e-110,0,0,0,0,4.0983e-283,0,0,0,1.5976e-136,5.3587e-128,1.0435e-247,0,1.1083e-85,0,0
0,0,0,0,0,0,0,0,0,0,0,0,0,4.632e-267,0,0,0,0,0,0,1.2998e-284,0,0,0,0,0,0,0,0,0,0,0,0,0,0,0,0,0,0,2.5956e-267,0,0,0,0,0,0,2.5424e-101,0,0,0,3.7556e-73,0,0,0,0,0,0,0,0,0,0,0,0,0,0,0,0,0,0,0,0,0,0,0,0,0,0,0,9.417e-108,0,0,0,9.1771e-318,0,0,0,0,4.3145e-217,1.2047e-300,0,0,0,3.9529e-126,0,0,4.153e-61,1.8086e-208,0,0,0,0,0,0,0,0,0,5.0882e-205,0,0,0,0,0,0,0,0,0,1,0,0,0,0,0,0,0,0,1.9906e-115,0,0,0,0,0,0,0,0,1.6078e-263,0,0,0,0,8.8528e-134,0,0,0
0,2.6221e-312,6.489e-253,0,2.0457e-253,0,0,0,1.1157e-85,0,0,4.7451e-135,0,0,0,0,0,8.447e-178,2.6179e-260,1.735e-87,0,0,1.4222e-226,0,0,5.2955e-248,2.1232e-258,0,0,1.0647e-235,0,0,0,0,0,0,0,0,0,0,1.4178e-215,0,0,0,0,0,0,0,0,0,0,1.4261e-251,0,7.1266e-279,6.1986e-190,1.1261e-199,0,0,0,0,0,0,0,0,0,4.0002e-93,0,3.5102e-174,0,0,0,0,4.5234e-94,0,0,0,0,0,0,0,3.2037e-224,3.3369e-161,0,0,0,0,0,0,0,1.1428e-193,0,0,0,1.8781e-252,0,0,0,5.4863e-176,0,1.2591e-251,0,0,0,8.6636e-247,0,0,0,3.7479e-260,1.313e-255,6.8489e-235,0,0,0,0,0,0,0,1,7.8918e-253,0,0,0,7.1799e-260,4.8918e-253,0,0,0,0,0,9.4364e-221,4.0896e-265,9.4551e-258,0,0,0,3.9014e-263,0,0,0,0,0,0,0
0,0,3.5225e-113,0,4.8161e-118,0,0,0,1.1007e-283,0,0,0,0,0,0,0,0,0,1.2412e-113,6.6726e-271,0,0,0,0,0,1.2309e-113,7.5958e-113,0,0,5.3182e-111,0,0,0,0,0,0,0,0,0,0,9.3047e-107,0,0,0,0,0,0,0,0,0,0,1.5117e-108,0,4.3243e-113,0,0,0,0,0,0,0,0,0,0,6.7534e-276,1.3241e-321,0,0,0,0,0,0,7.411e-322,0,0,0,0,0,0,0,1.3293e-94,0,0,0,0,0,0,0,0,7.9138e-101,0,0,0,2.9774e-117,0,0,0,0,0,1.6471e-104,0,0,0,1.0162e-125,0,0,0,7.8073e-117,2.5235e-100,0,0,0,1.3804e-194,0,0,0,0,7.8918e-253,1,0,0,0,1.3751e-109,1.4871e-99,0,0,0,0,0,1.0515e-111,2.893e-136,1.9921e-159,0,0,0,1.0921e-123,0,0,0,0,0,0,0
0,0,0,7.1822e-248,0,0,0,0,0,2.8901e-196,0,0,0,0,2.8389e-206,0,5.3382e-246,0,0,0,0,0,0,0,0,0,0,1.12e-101,1.0795e-290,0,2.4273e-242,0,0,0,2.0987e-280,0,0,0,7.2208e-163,0,0,4.4481e-141,0,1.6404e-117,0,0,0,0,2.7555e-309,4.0696e-264,0,0,0,0,0,0,0,0,1.5413e-108,2.619e-234,0,0,0,6.0474e-205,0,0,0,0,2.2593e-243,0,3.598e-139,0,0,2.178e-96,0,0,0,2.446e-205,0,1.6182e-228,0,0,0,0,4.7288e-158,0,0,0,0,0,0,0,0,0,0,0,0,0,0,0,3.185e-300,0,0,0,0,0,0,0,0,0,3.361e-181,9.0693e-170,0,7.5643e-91,0,0,0,0,0,1,2.7835e-204,0,0,0,8.4508e-138,0,0,0,7.7533e-296,0,0,0,3.8721e-154,0,0,0,3.8784e-228,5.1924e-230,2.4531e-144,0,2.5634e-288,0,8.8997e-295
1.6837e-192,0,0,3.3374e-59,0,0,0,0,0,5.4521e-90,1.7113e-218,0,0,0,0,0,2.7843e-89,0,0,0,0,0,0,0,0,0,0,4.0209e-188,0,0,2.2692e-109,0,0,0,0,0,0,0,2.0499e-306,0,0,7.7195e-119,5.2428e-292,3.5314e-225,3.7359e-257,0,0,0,0,0,0,0,0,0,0,0,0,0,2.2177e-201,0,0,0,0,0,0,0,0,0,1.31e-69,0,2.7837e-146,4.371e-159,0,3.6405e-174,0,0,8.0497e-205,3.2048e-187,0,0,0,0,6.4926e-308,0,2.1752e-177,0,0,0,4.3175e-314,0,0,0,0,0,0,0,0,0,0,0,0,0,0,0,0,0,0,0,0,0,4.0808e-291,5.4023e-57,0,4.2887e-222,0,8.1618e-156,0,0,0,2.7835e-204,1,0,0,0,2.5041e-266,0,0,5.0824e-258,0,0,0,0,2.8065e-142,0,0,0,5.2565e-35,1.0906e-46,1.0128e-98,0,7.7381e-94,0,0
0,0,0,0,0,0,0,0,0,0,0,0,0,0,0,0,0,0,0,0,0,0,0,0,0,0,0,0,0,0,0,0,0,0,0,0,0,0,0,0,0,0,0,0,0,0,0,0,0,0,0,0,0,0,0,0,0,0,0,0,0,0,0,0,0,0,0,0,0,0,0,0,0,0,0,0,0,0,0,0,0,0,0,0,0,0,0,0,0,0,0,0,0,0,0,0,0,0,0,0,0,0,0,0,0,0,0,0,0,0,0,0,0,0,0,0,0,0,0,0,0,1,0,0,0,0,0,0,0,0,0,0,0,0,0,0,0,0,0,0,0,0,0
0,0,4.5536e-70,0,4.0945e-78,0,0,0,5.9774e-296,0,0,0,0,0,0,0,0,0,1.5228e-70,6.9332e-285,0,0,0,0,0,3.6445e-73,8.761e-60,0,0,1.1047e-66,0,0,0,0,0,0,0,0,0,0,1.3861e-67,0,0,0,0,0,0,0,0,0,0,4.7688e-86,0,3.8554e-67,0,0,0,0,0,0,0,0,0,0,6.4856e-245,0,0,0,0,0,0,0,0,0,0,0,0,0,0,0,7.1314e-94,0,0,0,0,0,0,0,0,1.0779e-102,0,0,0,8.0071e-60,0,0,0,0,0,1.0481e-99,0,0,0,6.1318e-131,0,0,0,1.6557e-84,2.6515e-73,0,0,0,3.6184e-161,0,0,0,0,7.1799e-260,1.3751e-109,0,0,0,1,2.0219e-73,0,0,0,0,0,4.9581e-61,1.0684e-128,3.0238e-182,0,0,0,4.4623e-86,0,0,0,0,0,0,0
0,0,3.6514e-74,0,6.9425e-75,0,0,0,1.1476e-282,0,0,0,0,0,0,0,0,0,2.524e-55,6.0748e-271,0,0,0,0,0,5.4477e-59,1.4821e-52,0,0,1.1811e-52,0,0,0,0,0,0,0,0,0,0,2.8198e-72,0,0,0,0,0,0,0,0,0,0,8.9596e-67,0,1.5581e-73,0,0,0,0,0,0,0,0,0,0,5.817e-249,0,0,0,0,0,0,0,1.1364e-322,0,0,0,0,0,0,0,3.2635e-74,0,0,0,0,0,0,0,0,3.6632e-74,0,0,0,1.1637e-66,0,0,0,0,0,8.8352e-84,0,0,0,6.7395e-127,0,0,0,1.7663e-96,1.4839e-55,0,0,0,9.0639e-167,0,0,0,0,4.8918e-253,1.4871e-99,0,0,0,2.0219e-73,1,0,0,0,0,0,2.0899e-66,4.7026e-119,2.2876e-161,0,0,0,4.2008e-76,0,0,0,0,0,0,0
0,0,0,7.44e-307,0,0,0,2.3575e-269,0,2.4159e-259,0,0,0,0,7.5565e-153,0,2.3152e-305,0,0,0,0,0,0,0,0,0,0,1.0379e-132,3.3716e-223,0,3.0927e-308,0,0,0,2.317e-214,0,0,0,1.2281e-125,0,0,1.7653e-184,0,3.1472e-118,0,0,0,0,1.8208e-241,1.7263e-200,0,0,0,0,0,0,0,0,8.5426e-123,7.1992e-174,0,0,0,1.7913e-147,0,0,0,0,3.7655e-306,1.3016e-314,1.5943e-168,0,0,1.4886e-126,0,0,0,1.3224e-239,0,5.9322e-181,0,0,0,0,4.2752e-188,0,0,0,0,0,0,0,0,0,0,0,0,0,0,0,4.5928e-236,0,0,0,0,0,0,0,0,0,2.8532e-151,3.0215e-224,0,1.9891e-106,5.5477e-265,0,0,0,0,8.4508e-138,2.5041e-266,0,0,0,1,0,0,0,1.6816e-243,0,0,0,6.5778e-179,0,0,0,2.0885e-290,2.1937e-296,6.125e-188,0,0,0,1.5446e-230
0,0,0,0,0,0,0,0,0,0,4.1211e-319,0,0,1.1892e-196,0,0,0,0,0,0,8.1825e-214,0,0,0,0,0,0,0,0,0,0,0,0,0,0,0,0,0,0,0,0,0,5.2861e-263,0,2.3117e-281,0,1.5987e-193,0,0,0,7.1561e-101,0,0,0,0,0,0,0,0,0,0,0,0,0,0,0,0,0,0,0,0,0,0,0,0,0,0,0,1.4277e-88,0,0,0,9.4815e-245,0,0,0,0,9.8054e-154,2.2174e-226,0,0,0,1.5893e-120,0,0,1.804e-145,2.6549e-261,0,0,0,0,0,0,0,0,0,7.5732e-145,0,0,0,0,0,0,0,0,0,1.9906e-115,0,0,0,0,0,0,0,0,1,0,2.1672e-275,0,0,0,0,0,0,1.0506e-248,0,0,0,0,1.3329e-142,0,0,0
0,4.9783e-143,0,0,0,0,4.5633e-123,0,0,0,0,9.4515e-310,6.3827e-107,0,0,0,0,4.4559e-268,0,0,0,0,2.5974e-225,5.8749e-188,0,0,0,0,0,0,0,0,0,3.3664e-314,0,1.9211e-192,5.2571e-184,0,0,0,0,0,0,0,0,1.8873e-100,0,0,0,0,0,0,0,0,3.6451e-258,1.0617e-250,0,0,0,0,0,0,4.4216e-88,0,0,0,0,1.7916e-266,0,0,0,0,0,0,0,0,0,0,0,0,0,0,0,0,0,1.9095e-98,4.4588e-208,0,0,0,0,8.7301e-120,0,0,0,0,0,0,0,0,0,0,0,0,0,0,0,0,0,3.8397e-220,0,0,0,0,0,0,0,0,0,0,0,0,0,0,0,0,1,0,0,0,0,0,0,0,0,0,0,0,0,0,0,2.7524e-247,0
3.3545e-80,0,0,3.6972e-226,0,0,0,0,0,9.3062e-278,1.9869e-54,0,0,3.0206e-109,0,0,8.954e-234,0,0,0,3.6772e-100,0,0,0,0,0,0,0,0,0,1.2415e-237,0,0,0,0,0,0,0,0,0,0,0,1.1038e-77,0,1.2542e-38,0,0,0,0,0,1.0574e-306,0,0,0,0,0,0,0,0,0,0,0,0,0,0,0,0,0,4.6486e-221,0,0,1.6765e-123,0,0,0,0,1.8424e-148,0,7.9673e-260,0,0,0,8.8475e-81,0,0,0,0,2.5215e-154,2.7679e-64,0,0,0,6.2563e-273,0,0,0,0,0,0,0,0,0,0,0,0,0,2.8703e-166,0,0,0,0,3.3184e-307,0,0,0,1.9552e-110,0,0,0,0,5.0824e-258,0,0,0,0,2.1672e-275,0,1,0,0,0,0,0,0,0,0,2.7497e-240,1.8979e-223,0,1.2159e-320,7.3679e-195,0,0
0,0,0,0,0,0,0,1.1877e-203,0,0,0,0,0,0,1.0629e-187,2.1811e-242,0,0,0,0,0,0,0,0,8.6322e-283,0,0,1.8718e-296,5.9192e-181,0,0,0,1.6072e-288,0,1.9198e-192,0,0,1.3593e-316,1.3458e-212,0,0,0,0,4.1682e-260,0,0,0,0,8.8176e-188,1.0434e-182,0,0,0,0,0,0,2.1977e-318,0,1.6697e-279,2.261e-186,0,0,0,4.8893e-198,0,0,0,0,0,4.6469e-230,0,0,0,4.9715e-299,5.2106e-290,0,0,0,0,2.7294e-231,0,0,0,0,0,0,0,0,0,0,0,0,0,0,0,0,0,0,0,0,4.2972e-195,0,5.0104e-293,0,0,0,0,0,0,0,2.7245e-253,0,0,3.1768e-263,3.4437e-198,0,0,0,0,7.7533e-296,0,0,0,0,1.6816e-243,0,0,0,1,0,0,0,0,0,0,0,0,0,0,0,0,0,6.3903e-193
0,0,8.7868e-63,0,1.4122e-72,0,0,0,2.2723e-256,0,0,0,0,0,0,0,0,0,1.4472e-64,3.6503e-247,0,0,0,0,0,2.1843e-58,1.4459e-52,0,0,1.9257e-43,0,0,0,0,0,0,0,0,0,0,5.6643e-39,0,0,0,0,0,0,0,0,0,0,2.4369e-79,0,2.3972e-80,0,0,0,0,0,0,0,0,0,0,5.8988e-279,5.758e-294,0,0,0,0,0,0,1.1064e-296,0,0,0,0,0,0,0,3.5121e-81,0,0,0,0,0,0,0,0,2.9035e-75,0,0,0,5.1294e-49,0,0,0,0,0,1.6424e-98,0,0,0,2.4801e-127,0,0,0,1.2857e-87,1.6292e-69,0,0,0,4.6494e-188,0,0,0,0,9.4364e-221,1.0515e-111,0,0,0,4.9581e-61,2.0899e-66,0,0,0,0,0,1,2.6238e-126,4.7622e-174,0,0,0,3.2125e-83,0,0,0,0,0,0,0
0,0,6.3464e-125,0,1.8288e-132,0,0,0,6.1649e-294,0,0,0,0,0,0,0,0,0,3.926e-128,6.0672e-283,0,0,0,0,0,1.0838e-129,3.8882e-124,0,0,2.4096e-123,0,0,0,0,0,0,0,0,0,0,1.1574e-123,0,0,0,0,0,0,0,0,0,0,2.8896e-128,0,2.1581e-129,0,0,0,0,0,0,0,0,0,0,2.1469e-280,0,0,0,0,0,0,0,0,0,0,0,0,0,0,0,6.9433e-124,0,0,0,0,0,0,0,0,7.9875e-126,0,0,0,6.8102e-129,0,0,0,0,0,1.2035e-133,0,0,0,1.7817e-152,0,0,0,1.3099e-136,1.5889e-120,0,0,0,6.246e-206,0,0,0,0,4.0896e-265,2.893e-136,0,0,0,1.0684e-128,4.7026e-119,0,0,0,0,0,2.6238e-126,1,1.2841e-187,0,0,0,1.6795e-134,0,0,0,0,0,0,0
0,0,1.5059e-180,0,1.5344e-181,0,0,0,3.608e-279,0,0,0,0,0,0,0,0,0,2.4417e-177,1.8475e-267,0,0,0,0,0,1.711e-178,2.4299e-180,0,0,3.0841e-173,0,0,0,0,0,0,0,0,0,0,1.5601e-168,0,0,0,0,0,0,0,0,0,0,3.2302e-165,0,6.5097e-185,0,0,0,0,0,0,0,0,0,0,0,1.9338e-315,0,0,0,0,0,0,1.4227e-313,0,0,0,0,0,0,0,8.8088e-152,0,0,0,0,0,0,0,0,4.2934e-147,0,0,0,1.5292e-186,0,0,0,0,0,9.2336e-167,0,0,0,3.3991e-182,0,0,0,2.1125e-186,2.7315e-167,0,0,0,3.243e-261,0,0,0,0,9.4551e-258,1.9921e-159,0,0,0,3.0238e-182,2.2876e-161,0,0,0,0,0,4.7622e-174,1.2841e-187,1,0,0,0,3.789e-184,0,0,0,0,0,0,0
2.7569e-321,0,0,2.9558e-171,0,0,0,0,0,1.8293e-172,0,0,0,0,1.623e-220,0,2.1985e-185,0,0,0,0,0,0,0,0,0,0,1.4384e-134,8.821e-319,0,4.2665e-215,0,0,0,7.7385e-294,0,0,0,5.4165e-212,0,0,2.036e-84,0,3.9493e-140,0,0,0,0,0,7.211e-291,0,0,0,0,0,0,0,0,2.483e-125,5.6546e-263,0,0,0,1.901e-212,0,0,0,0,2.7763e-188,0,7.8153e-68,1.1892e-281,0,6.5875e-109,0,0,8.8932e-323,2.48e-186,0,7.8428e-266,0,0,0,0,2.4408e-133,0,0,0,0,0,0,0,0,0,0,0,0,0,0,0,9.6556e-314,0,0,0,0,0,0,0,0,0,1.8221e-192,5.8009e-93,0,1.759e-159,0,4.0983e-283,0,0,0,3.8721e-154,2.8065e-142,0,0,0,6.5778e-179,0,0,0,0,0,0,0,1,0,0,0,1.9456e-158,3.074e-181,4.2616e-53,0,7.3966e-204,0,0
0,0,0,0,0,0,0,2.5351e-196,0,0,0,0,0,0,0,4.5412e-172,0,0,0,0,0,1.4613e-68,0,0,7.6033e-112,0,0,0,2.0594e-233,0,0,0,4.9201e-73,4.0378e-188,2.062e-246,5.3214e-311,4.3489e-314,3.7284e-65,0,0,0,0,0,0,0,0,0,6.5864e-111,4.5989e-235,1.9404e-264,0,0,8.9987e-133,0,0,0,2.0705e-53,2.7966e-180,0,3.206e-299,1.046e-184,3.0547e-173,0,0,0,0,4.5781e-159,0,0,2.0124e-164,0,0,0,0,1.7225e-59,0,0,0,0,0,0,0,0,3.3602e-167,0,0,6.7539e-288,0,0,0,0,0,0,0,1.5418e-75,0,0,0,3.6108e-124,0,3.8171e-232,0,9.2793e-59,0,3.0568e-161,1.1349e-184,0,0,0,0,0,0,0,0,3.1808e-225,0,0,0,0,0,0,0,0,0,0,0,0,0,0,0,0,0,0,1,0,0,0,0,0,0,0,3.1087e-256,1.2683e-269
0,0,0,0,0,0,0,0,0,0,0,0,0,9.0957e-277,0,0,0,0,0,0,3.3135e-289,0,0,0,0,0,0,0,0,0,0,0,0,0,0,0,0,0,0,0,0,0,1.5682e-319,0,0,0,4.8166e-318,0,0,0,1.1105e-253,0,0,0,0,0,0,0,0,0,0,0,0,0,0,0,0,0,0,0,0,0,0,0,0,0,0,0,2.1723e-240,0,0,0,7.2815e-305,0,0,0,0,2.245e-257,1.8382e-290,0,0,0,5.6336e-259,0,0,6.189e-280,0,0,0,0,0,0,0,0,0,0,5.512e-244,0,0,0,0,0,0,0,0,0,1.6078e-263,0,0,0,0,0,0,0,0,1.0506e-248,0,0,0,0,0,0,0,0,1,0,0,0,0,1.9851e-275,0,0,0
0,0,4.1221e-83,0,1.4623e-86,0,0,0,7.4464e-296,0,0,0,0,0,0,0,0,0,1.9578e-75,5.7294e-287,0,0,0,0,0,1.1402e-77,5.9268e-67,0,0,5.4244e-74,0,0,0,0,0,0,0,0,0,0,1.779e-85,0,0,0,0,0,0,0,0,0,0,3.7603e-93,0,2.2571e-83,0,0,0,0,0,0,0,0,0,0,1.8236e-248,0,0,0,0,0,0,0,0,0,0,0,0,0,0,0,2.7301e-99,0,0,0,0,0,0,0,0,1.4414e-106,0,0,0,8.6229e-73,0,0,0,0,0,1.2692e-110,0,0,0,6.3634e-137,0,0,0,4.3428e-100,3.0742e-84,0,0,0,7.0326e-166,0,0,0,0,3.9014e-263,1.0921e-123,0,0,0,4.4623e-86,4.2008e-76,0,0,0,0,0,3.2125e-83,1.6795e-134,3.789e-184,0,0,0,1,0,0,0,0,0,0,0
1.6013e-174,0,0,2.1722e-46,0,0,0,0,0,5.8007e-107,4.5014e-200,0,0,0,0,0,9.422e-91,0,0,0,3.6067e-321,0,0,0,0,0,0,3.6605e-212,0,0,3.2092e-115,0,0,0,0,0,0,0,0,0,0,2.0119e-139,2.9765e-274,4.2075e-248,2.4215e-238,0,0,0,0,0,0,0,0,0,0,0,0,0,8.0609e-225,0,0,0,0,0,0,0,0,0,3.5358e-69,0,9.8097e-166,1.7251e-137,0,3.4187e-197,0,0,1.0863e-193,3.6829e-202,0,0,0,0,6.6073e-290,0,4.9404e-196,0,0,0,3.9377e-296,0,0,0,0,0,0,0,0,0,0,0,0,0,0,0,0,0,0,0,0,0,1.9889e-311,4.343e-78,0,1.5508e-247,0,1.5976e-136,0,0,0,3.8784e-228,5.2565e-35,0,0,0,2.0885e-290,0,0,2.7497e-240,0,0,0,0,1.9456e-158,0,0,0,1,9.7474e-52,1.4648e-118,0,1.1104e-72,0,0
1.2409e-161,0,0,4.5845e-64,0,0,0,0,0,3.6771e-88,8.4701e-187,0,0,1.9911e-321,0,0,1.0403e-78,0,0,0,8.1588e-308,0,0,0,0,0,0,1.4407e-214,0,0,4.0915e-93,0,0,0,0,0,0,0,0,0,0,3.9811e-151,7.1784e-259,5.3581e-255,5.5423e-225,0,0,0,0,0,0,0,0,0,0,0,0,0,1.0267e-230,0,0,0,0,0,0,0,0,0,1.5684e-55,0,5.2803e-181,2.7094e-137,0,8.5082e-205,0,0,6.7944e-176,8.8409e-202,0,0,0,0,4.0024e-275,0,7.9114e-205,0,0,0,3.7246e-280,0,0,0,0,0,0,0,0,0,0,0,0,0,0,0,0,0,0,0,0,0,4.9407e-324,1.9971e-94,0,8.0784e-248,0,5.3587e-128,0,0,0,5.1924e-230,1.0906e-46,0,0,0,2.1937e-296,0,0,1.8979e-223,0,0,0,0,3.074e-181,0,0,0,9.7474e-52,1,1.7324e-138,0,1.0225e-88,0,0
3.0454e-285,0,0,6.5838e-136,0,0,0,0,0,1.8685e-132,2.3046e-311,0,0,0,2.6023e-249,0,2.0166e-152,0,0,0,0,0,0,0,0,0,0,3.2112e-124,0,0,5.8005e-175,0,0,0,0,0,0,0,3.6943e-225,0,0,7.9038e-63,0,6.059e-147,0,0,0,0,0,1.1285e-318,0,0,0,0,0,0,0,0,3.3769e-126,4.1014e-289,0,0,0,1.7053e-242,0,0,0,0,4.0773e-149,0,4.6574e-69,1.023e-247,0,2.039e-100,0,0,1.4922e-287,8.7573e-171,0,3.2353e-283,0,0,0,0,2.0272e-126,0,0,0,0,0,0,0,0,0,0,0,0,0,0,0,0,0,0,0,0,0,0,0,0,0,2.6702e-209,1.94e-50,0,7.2062e-154,0,1.0435e-247,0,0,0,2.4531e-144,1.0128e-98,0,0,0,6.125e-188,0,0,0,0,0,0,0,4.2616e-53,0,0,0,1.4648e-118,1.7324e-138,1,0,1.5737e-172,0,0
0,0,0,0,0,0,0,0,0,0,0,0,0,4.1799e-242,0,0,0,0,0,0,8.2944e-259,0,0,0,0,0,0,0,0,0,0,0,0,0,0,0,0,0,0,0,0,0,8.0032e-305,0,0,0,1.1116e-192,0,0,0,1.2375e-131,0,0,0,0,0,0,0,0,0,0,0,0,0,0,0,0,0,0,0,0,0,0,0,0,0,0,0,2.1104e-136,0,0,0,1.4355e-289,0,0,0,0,8.9063e-201,4.2179e-273,0,0,0,1.4212e-153,0,0,1.1984e-158,1.7975e-257,0,0,0,0,0,0,0,0,0,1.0782e-193,0,0,0,0,0,0,0,0,0,8.8528e-134,0,0,0,0,0,0,0,0,1.3329e-142,0,1.2159e-320,0,0,0,0,0,0,1.9851e-275,0,0,0,0,1,0,0,0
6.2675e-128,0,0,5.6974e-54,0,0,0,0,0,6.6353e-153,7.4456e-150,0,0,1.4981e-286,0,0,4.737e-102,0,0,0,3.3589e-269,0,0,0,0,0,0,4.8476e-273,0,0,2.4426e-142,0,0,0,0,0,0,0,0,0,0,1.8559e-192,3.1623e-227,8.9727e-306,2.4573e-190,0,0,0,0,0,0,0,0,0,0,0,0,0,2.2328e-283,0,0,0,0,0,0,0,0,0,7.6802e-88,0,5.7796e-216,5.4305e-82,0,1.4152e-256,0,0,1.261e-165,2.3549e-241,0,0,0,0,3.7971e-243,0,3.6003e-244,0,0,0,2.2122e-249,0,0,0,0,0,0,0,0,0,0,0,0,0,0,0,0,0,0,0,0,0,0,9.0261e-132,0,1.5725e-310,0,1.1083e-85,0,0,0,2.5634e-288,7.7381e-94,0,0,0,0,0,0,7.3679e-195,0,0,0,0,7.3966e-204,0,0,0,1.1104e-72,1.0225e-88,1.5737e-172,0,1,0,0
0,0,0,0,0,0,0,0,0,0,0,0,1.7844e-194,0,0,0,0,0,0,0,0,1.1952e-212,0,6.8557e-121,8.8856e-277,0,0,0,0,0,0,0,8.6268e-280,1.5424e-104,0,3.1931e-105,1.6757e-107,8.4651e-243,0,0,0,0,0,0,0,1.0393e-193,0,1.6459e-185,0,0,0,0,1.5311e-156,0,0,0,2.0367e-249,8.0331e-129,0,0,2.1625e-119,1.5302e-114,5.0513e-213,0,0,0,7.442e-114,0,0,0,0,0,0,0,1.7543e-271,0,0,0,0,0,0,0,0,1.3913e-230,0,9.2925e-309,1.218e-93,0,0,0,0,2.9174e-165,0,0,1.6274e-205,0,0,0,5.6182e-227,0,0,0,2.157e-296,0,6.8612e-115,4.7066e-107,0,0,0,0,0,0,0,0,0,0,0,0,0,0,0,0,0,0,0,0,2.7524e-247,0,0,0,0,0,0,3.1087e-256,0,0,0,0,0,0,0,1,0
0,0,0,0,0,0,0,1.1663e-135,0,0,0,0,0,0,1.8332e-152,9.8889e-176,0,0,0,0,0,5.6696e-280,0,0,1.679e-218,0,0,2.5866e-295,2.9407e-113,0,0,0,1.6546e-223,0,1.6839e-130,0,0,7.0097e-255,2.0722e-193,0,0,0,0,3.3642e-257,0,0,0,0,3.5584e-123,1.3666e-124,0,0,0,0,0,0,6.4555e-256,0,1.7263e-276,1.7441e-133,0,0,0,1.7469e-161,0,0,0,0,0,1.1249e-160,0,0,0,5.2862e-298,5.6627e-226,0,0,0,0,2.2799e-204,0,0,0,2.1045e-294,0,0,0,0,0,0,0,0,0,0,1.7598e-292,0,0,0,1.6304e-274,0,3.2888e-134,0,6.7559e-231,0,0,0,0,0,0,0,1.4371e-234,0,0,3.8071e-260,1.9737e-137,0,0,0,0,8.8997e-295,0,0,0,0,1.5446e-230,0,0,0,6.3903e-193,0,0,0,0,1.2683e-269,0,0,0,0,0,0,0,0,1
