-5.8598e-07
0.057354
0.057354
0.057354
0.057354
0.057354
0.057354
0.057354
0.057354
0.057354
0.057354
0.057354
0.057354
0.057354
0.057354
0.057354
0.057354
0.057354
0.057354
0.057354
0.057354
0.057354
0.057354
0.057354
0.057354
0.057354
0.057354
0.057354
0.057354
0.057353
0.057354
0.057354
0.057354
0.057354
0.057354
0.057354
0.057354
0.057354
0.057354
-0.057354
-0.057354
-0.057354
-0.057354
-0.057354
-0.057354
-0.057354
-0.057354
-0.057354
-0.057354
-0.057354
-0.057354
-0.057354
-0.057354
-0.057354
-0.057354
-0.057354
-0.057354
-0.057354
-0.057354
-0.057354
-0.057354
-0.057354
-0.057354
-0.057354
-0.057354
-0.057354
-0.057354
-0.057354
-0.057354
-0.057354
-0.057354
-0.057354
-0.057354
-0.057354
-0.057354
-0.057354
-0.057354
