-5.8762e-08
0.06455
0.06455
0.06455
0.06455
0.06455
0.06455
0.06455
0.06455
0.06455
0.06455
0.06455
0.06455
0.06455
0.06455
0.06455
0.06455
0.06455
0.06455
0.06455
0.06455
0.06455
0.06455
0.06455
0.06455
0.06455
0.06455
0.06455
0.06455
0.06455
0.06455
-0.06455
-0.06455
-0.06455
-0.06455
-0.06455
-0.06455
-0.06455
-0.06455
-0.06455
-0.06455
-0.06455
-0.06455
-0.06455
-0.06455
-0.06455
-0.06455
-0.06455
-0.06455
-0.06455
-0.06455
-0.06455
-0.06455
-0.06455
-0.06455
-0.06455
-0.06455
-0.06455
-0.06455
-0.06455
-0.06455
