4.7791e-07
0.069337
0.069338
0.069336
0.069338
0.069337
0.069336
0.069336
0.069337
0.069336
0.069336
0.069336
0.069337
0.069338
0.069337
0.069337
0.069338
0.069337
0.069338
0.069338
0.069338
0.069337
0.069338
0.069337
0.069336
0.069336
0.069337
-0.069337
-0.069339
-0.069338
-0.069338
-0.069338
-0.069337
-0.069338
-0.069338
-0.069338
-0.069339
-0.069338
-0.069337
-0.069338
-0.069339
-0.069339
-0.069339
-0.069338
-0.069339
-0.069337
-0.069339
-0.069339
-0.069338
-0.069338
-0.069338
-0.069338
-0.069337
