1.6149e-08
0.069337
0.069338
0.069338
0.069337
0.069337
0.069338
0.069338
0.069338
0.069337
0.069337
0.069338
0.069338
0.069338
0.069337
0.069338
0.069338
0.069338
0.069337
0.069337
0.069337
0.069338
0.069338
0.069337
0.069338
0.069338
0.069338
-0.069338
-0.069338
-0.069338
-0.069338
-0.069338
-0.069338
-0.069338
-0.069338
-0.069338
-0.069338
-0.069338
-0.069338
-0.069338
-0.069338
-0.069338
-0.069338
-0.069338
-0.069338
-0.069338
-0.069338
-0.069338
-0.069338
-0.069338
-0.069338
-0.069338
-0.069338
