0.00031613
-0.12591
-0.020025
-0.15481
0.080322
-0.069349
-0.11525
0.1086
-0.017196
0.24934
-0.15227
0.10966
0.057094
0.10228
0.094711
-0.15171
-0.23379
0.12748
0.21563
0.0059688
0.1974
0.059984
0.094241
0.040473
0.041667
0.10364
0.10743
0.21589
-0.053724
0.17504
-0.069319
0.11608
-0.14774
-0.11735
0.12634
0.16762
0.048563
-0.10641
-0.047853
-0.12851
-0.25495
0.064949
0.14479
-0.075498
0.17324
-0.1326
-0.16676
0.0064461
-0.072946
-0.076544
0.023358
-0.10695
-0.067922
-0.020566
0.061728
-0.14282
0.079945
-0.18039
-0.19074
