-0.014389
0.041158
0.11553
0.057898
-0.038564
0.076581
0.26294
-0.00027782
0.16279
0.041675
0.055542
0.14893
0.063435
0.033486
0.17322
0.0081581
0.056937
0.034721
-0.037784
0.13449
0.09458
0.13897
-0.040327
0.095634
0.0057973
-0.012993
-0.014972
0.0012512
0.022767
0.061181
-0.026229
0.013796
0.071109
-0.055236
0.095004
0.09981
0.19998
-0.0064527
-0.090752
-0.039156
-0.040691
-0.028335
-0.099259
-0.084439
-0.028119
-0.10402
-0.057838
-0.052263
-0.094458
-0.070381
-0.070838
-0.096427
-0.060137
-0.093171
-0.031916
-0.087661
-0.076067
-0.0013078
0.0053349
-0.092098
-0.032098
-0.096757
-0.024088
-0.050866
-0.049027
-0.046843
-0.072764
-0.032876
0.0026736
-0.083935
-0.062687
-0.090319
-0.057162
-0.04383
