-0.00010095
0.01362
0.0062519
0.047916
0.05977
0.088005
0.11709
0.07078
0.052992
0.074145
-0.050281
0.093361
0.089791
0.064229
0.070502
0.082666
0.042557
-0.035979
0.070179
0.083345
0.083066
0.12193
0.068929
0.095705
0.066354
0.057764
0.044873
0.06285
0.11818
0.053075
0.02651
0.069341
0.076203
-0.069424
-0.056964
-0.067438
-0.068908
-0.033556
-0.05237
-0.087236
-0.086644
-0.050831
-0.046166
-0.058439
-0.077604
-0.099778
-0.04981
-0.050544
-0.051163
-0.063368
-0.060705
-0.10575
-0.071587
-0.064429
-0.04444
-0.057317
-0.062461
-0.031722
-0.066412
-0.040727
-0.076503
-0.02675
-0.090093
-0.066285
-0.050291
