-0.0041795
-0.10007
0.13119
0.043357
0.056743
0.067203
-0.047756
0.21244
-0.051159
0.051076
0.13035
0.16862
-0.026977
-0.046876
0.18825
0.013324
0.021535
-0.13023
-0.0024871
-0.099292
0.14212
0.17223
0.048457
0.026607
-0.07588
0.031541
0.0074316
0.080277
0.1203
0.068335
-0.032928
0.025441
0.019853
-0.066922
-0.073264
-0.11435
0.12871
-0.01111
0.12962
0.088516
-0.090237
-0.029904
0.13315
0.22829
0.029591
-0.075672
-0.22121
0.14328
0.26242
-0.19771
0.33066
0.13661
0.13233
0.024735
-0.024364
0.24452
0.16518
0.1406
0.085201
0.12653
0.056564
-0.071893
0.029731
-0.19302
-0.14237
0.099097
-0.032629
-0.0072607
0.12976
0.25157
-0.14965
0.036972
0.11415
0.063312
0.17368
0.066396
0.11936
0.22164
0.040185
0.13447
-0.0079925
0.038076
-0.039455
0.024811
-0.048311
-0.12284
0.065151
0.16728
-0.052457
0.060403
0.069667
-0.14539
0.23009
0.12602
0.0037651
0.082663
0.04545
-0.033191
0.13628
-0.00467
-0.003883
-0.1662
0.10509
-0.15202
0.065571
0.023946
-0.077227
0.013022
0.068714
-0.01778
0.040413
-0.061509
0.0075682
0.16267
0.046538
-0.18132
-0.059586
0.11732
0.011153
-0.085999
0.048048
0.006944
0.12421
0.079841
0.14999
0.10788
0.011432
0.055283
-0.073646
-0.17945
-0.040457
0.1126
-0.023235
-0.2415
0.049198
-0.029748
-0.1224
-0.068778
-0.14014
0.079087
0.17658
-0.11742
-0.13648
-0.049738
-0.14977
-0.10135
-0.055622
-0.22533
-0.14586
-0.18879
-0.12288
-0.19944
-0.055617
-0.2179
-0.12203
-0.032618
-0.0015072
0.19893
-0.19117
0.20724
0.081163
0.11919
0.019846
0.19582
0.040408
-0.15173
0.0083245
-0.25547
-0.10334
0.031215
-0.028729
0.18267
0.015557
-0.047777
-0.01246
-0.11557
0.047297
0.093701
-0.05995
0.047309
-0.13064
-0.12504
0.049205
-0.27423
-0.046849
-0.04502
0.072001
-0.27006
-0.085363
0.26794
-0.14571
0.018412
-0.026031
-0.027925
-0.0049736
-0.038963
-0.17894
-0.14488
0.073659
-0.20777
-0.010971
-0.2497
-0.058828
0.14651
-0.085894
0.18315
-0.071509
-0.25027
-0.25185
-0.062525
0.066183
-0.12678
-0.10666
-0.026055
-0.001109
-0.029625
-0.17486
-0.060024
0.14735
0.016001
-0.076756
-0.10696
-0.031178
0.14409
-0.21656
0.080585
0.057786
0.18502
0.084482
-0.039208
-0.067759
0.13809
-0.001837
-0.10375
-0.035705
-0.023454
0.032635
-0.05693
-0.040346
-0.0038369
-0.23254
0.047944
-0.10954
0.15224
-0.09556
0.15622
-0.0032865
-0.12491
0.029474
0.039044
0.18014
-0.048454
-0.15182
0.034057
-0.055998
0.03561
-0.018685
-0.12854
0.060521
0.038293
-0.21305
0.057131
