-0.016997
0.034515
0.075914
0.24319
0.048038
0.084045
0.045401
0.05303
0.1102
0.054939
0.033542
0.027183
0.061264
0.10695
0.077641
-0.018817
0.041685
0.083102
0.11086
0.084331
0.077469
0.2729
0.083305
0.094963
-0.15839
0.10946
0.069226
0.035069
-0.011717
-0.0095353
-0.057812
-0.091223
-0.077317
-0.095375
-0.088853
-0.092925
-0.10836
-0.060143
-0.064481
-0.067515
-0.082519
-0.059693
-0.066612
-0.02358
-0.054141
-0.054965
-0.052082
-0.0726
-0.055643
0.0029669
-0.066611
-0.068267
-0.058575
-0.10943
-0.036362
-0.033558
-0.091139
0.00037039
-0.064816
-0.068473
