-0.0072869
0.2146
-0.37809
-0.013918
-0.32604
0.13721
-0.14955
-0.30364
0.27516
-0.038377
-0.1057
0.27867
-0.15223
0.24367
0.18457
0.14482
-0.045884
-0.17508
0.13474
0.16991
0.10156
0.171
-0.3581
0.23793
-0.21494
-0.020196
-0.35603
0.21638
-0.25988
0.012243
-0.1686
0.26853
0.046343
-0.0921
0.25846
0.42281
-0.16849
0.073217
-0.063764
-0.16315
0.1203
0.35389
-0.15794
-0.065814
-0.094487
-0.17319
-0.10269
-0.10018
-0.35894
-0.29263
0.12727
0.40176
-0.32113
0.099814
0.13488
0.02435
-0.124
0.05584
-0.29918
0.098902
0.06549
-0.25802
-0.30363
-0.16609
-0.25509
0.16291
0.3088
-0.048251
-0.10569
-0.10776
0.2009
0.23826
-0.010163
0.028501
-0.15631
0.069653
-0.054196
0.18811
-0.069756
-0.27586
-0.07854
0.27601
-0.26912
0.09355
0.12346
0.18685
0.28557
0.43802
0.07287
0.27495
-0.071475
-0.17724
-0.095264
-0.31029
-0.068626
0.031057
-0.08205
0.0066159
0.092532
0.21566
-0.12188
-0.28148
0.18064
-0.0038617
0.060195
0.40226
0.06901
-0.2498
0.28102
-0.35013
0.23069
0.074248
0.0042338
-0.21149
-0.10064
-0.2048
-0.46455
0.27526
-0.2919
-0.33797
0.16524
-0.11843
-0.037023
0.21034
0.33311
0.41525
-0.30485
0.41358
-0.36544
-0.0085166
-0.11495
-0.28931
0.011084
0.1961
0.13438
-0.081179
0.0086638
0.092206
0.35919
-0.16538
0.08386
-0.076855
0.45593
-0.037365
