1,0.98512,0.97729,0.99883,0.98383,0.99823,0.97667,0.97492,0.97406,0.97126,0.98924,0.95629,0.9865,0.98332,0.99809,0.98467,0.97912,0.97684,0.96447,0.96944,0.96828,0.99302,0.96519,0.97114,0.99511,0.96647,0.94923,0.93973,0.99451,0.99783,0.97039,0.98902,0.9906,0.94823,0.94757,0.99816,0.94023,0.9838,0.9935,0.96091,0.97863,0.95233,0.9945,0.96681,0.95068,0.98451,0.99742,0.97177,0.98045,0.94737,0.94515
0.98512,1,0.99176,0.98562,0.99763,0.9858,0.99116,0.9894,0.98858,0.98575,0.97472,0.9706,0.99763,0.99678,0.986,0.99802,0.9935,0.99135,0.97889,0.98389,0.98275,0.99179,0.9796,0.98561,0.98976,0.98075,0.96346,0.95382,0.99025,0.98585,0.98487,0.99345,0.99394,0.96244,0.96177,0.98568,0.95431,0.96937,0.98711,0.97529,0.99298,0.96657,0.99021,0.98124,0.96491,0.9968,0.98578,0.98622,0.99309,0.96158,0.95931
0.97729,0.99176,1,0.97778,0.9931,0.97801,0.99824,0.99699,0.99624,0.99361,0.96694,0.97841,0.99051,0.99296,0.97815,0.9923,0.99728,0.99787,0.98675,0.99174,0.9906,0.98398,0.98747,0.99341,0.98195,0.98831,0.97119,0.9615,0.98242,0.97802,0.99263,0.98644,0.98624,0.97018,0.96952,0.9779,0.96197,0.96163,0.97961,0.98314,0.99738,0.97434,0.98243,0.98908,0.97262,0.99178,0.97802,0.99399,0.99305,0.9693,0.96702
0.99883,0.98562,0.97778,1,0.98434,0.99821,0.97718,0.97544,0.97455,0.97175,0.98868,0.95679,0.98702,0.98378,0.99804,0.98517,0.97961,0.97735,0.96497,0.96995,0.96878,0.99345,0.96569,0.97164,0.99558,0.96698,0.94971,0.94022,0.99502,0.99813,0.9709,0.98946,0.99103,0.94872,0.94806,0.99802,0.94072,0.98325,0.99367,0.96142,0.97912,0.95283,0.99511,0.96733,0.95117,0.98498,0.99737,0.97229,0.98092,0.94786,0.94565
0.98383,0.99763,0.9931,0.98434,1,0.98454,0.99254,0.99077,0.98989,0.98708,0.97341,0.97191,0.99687,0.99691,0.98468,0.99809,0.99482,0.99264,0.98021,0.98524,0.98407,0.99051,0.98094,0.98694,0.9885,0.98203,0.96473,0.9551,0.98897,0.98456,0.98618,0.99233,0.99268,0.96372,0.96307,0.98442,0.95558,0.96806,0.98582,0.97661,0.99429,0.96788,0.98899,0.98258,0.96618,0.99665,0.98451,0.98758,0.99371,0.96285,0.9606
0.99823,0.9858,0.97801,0.99821,0.98454,1,0.97739,0.97565,0.97477,0.97198,0.9884,0.95701,0.98718,0.984,0.99775,0.98537,0.97984,0.97756,0.96519,0.97016,0.969,0.99362,0.96592,0.97187,0.99564,0.96718,0.94994,0.94044,0.99501,0.9975,0.97111,0.98963,0.99124,0.94895,0.94829,0.99786,0.94094,0.98298,0.99366,0.96164,0.97935,0.95305,0.99505,0.96754,0.95139,0.98518,0.9972,0.9725,0.98114,0.94809,0.94586
0.97667,0.99116,0.99824,0.97718,0.99254,0.97739,1,0.99807,0.99687,0.99428,0.9663,0.9791,0.98998,0.99228,0.97751,0.99175,0.99695,0.99799,0.98744,0.99255,0.99132,0.98335,0.98817,0.99412,0.98135,0.989,0.97181,0.96216,0.98181,0.97741,0.99335,0.98581,0.98557,0.97081,0.97018,0.97728,0.9626,0.96097,0.97894,0.98385,0.99711,0.97503,0.98188,0.98986,0.97326,0.99113,0.97737,0.9949,0.99264,0.96995,0.96769
0.97492,0.9894,0.99699,0.97544,0.99077,0.97565,0.99807,1,0.998,0.99589,0.96457,0.98084,0.98823,0.99059,0.97576,0.99,0.99532,0.99705,0.98918,0.99433,0.99304,0.98159,0.98991,0.99576,0.9796,0.99063,0.97352,0.96387,0.98006,0.97567,0.99497,0.98411,0.98382,0.97253,0.97191,0.97553,0.96431,0.95924,0.97723,0.9856,0.99562,0.97677,0.98014,0.99163,0.97497,0.98942,0.97563,0.9967,0.99138,0.97167,0.96941
0.97406,0.98858,0.99624,0.97455,0.98989,0.97477,0.99687,0.998,1,0.99674,0.96376,0.98167,0.98727,0.99,0.97495,0.9891,0.99447,0.99658,0.99002,0.99487,0.99386,0.98075,0.99069,0.9965,0.9787,0.99131,0.97445,0.9647,0.97919,0.97482,0.99581,0.98337,0.98302,0.97341,0.97275,0.97466,0.96517,0.95848,0.97655,0.98639,0.99476,0.97756,0.97919,0.9923,0.97585,0.98873,0.97479,0.99684,0.99083,0.97255,0.97025
0.97126,0.98575,0.99361,0.97175,0.98708,0.97198,0.99428,0.99589,0.99674,1,0.96099,0.98448,0.98446,0.98721,0.97213,0.98627,0.99174,0.99396,0.99284,0.99743,0.99659,0.97793,0.99351,0.99823,0.9759,0.99366,0.97724,0.96749,0.97638,0.97201,0.99789,0.98061,0.98021,0.97621,0.97556,0.97188,0.96794,0.95571,0.97376,0.98924,0.99213,0.98038,0.97639,0.99505,0.97864,0.98595,0.97201,0.99794,0.98838,0.97534,0.97304
0.98924,0.97472,0.96694,0.98868,0.97341,0.9884,0.9663,0.96457,0.96376,0.96099,1,0.94617,0.976,0.97308,0.98836,0.97423,0.96876,0.96654,0.95427,0.95915,0.95803,0.98253,0.95497,0.96087,0.98452,0.95628,0.93923,0.92979,0.98405,0.98832,0.96014,0.97905,0.98022,0.93823,0.93755,0.98846,0.93032,0.99413,0.98534,0.95073,0.96827,0.94225,0.98393,0.95656,0.94066,0.97423,0.98824,0.96145,0.97038,0.93738,0.93516
0.95629,0.9706,0.97841,0.95679,0.97191,0.95701,0.9791,0.98084,0.98167,0.98448,0.94617,1,0.96933,0.97209,0.95716,0.97113,0.97657,0.97879,0.99138,0.98636,0.98753,0.96287,0.99058,0.98459,0.96088,0.98849,0.99217,0.98263,0.96135,0.95705,0.98529,0.96568,0.96511,0.99124,0.99077,0.95691,0.98292,0.94096,0.95892,0.99508,0.977,0.99539,0.96139,0.989,0.99327,0.97088,0.95704,0.984,0.97396,0.99046,0.9882
0.9865,0.99763,0.99051,0.98702,0.99687,0.98718,0.98998,0.98823,0.98727,0.98446,0.976,0.96933,1,0.99551,0.98728,0.99774,0.99232,0.99002,0.97761,0.98267,0.98146,0.99313,0.97834,0.98434,0.99121,0.97951,0.96213,0.95255,0.99162,0.98719,0.98357,0.99415,0.9951,0.96114,0.9605,0.98707,0.95302,0.9706,0.98804,0.97403,0.9918,0.96532,0.99174,0.98001,0.9636,0.9962,0.9871,0.98504,0.99215,0.96028,0.95804
0.98332,0.99678,0.99296,0.98378,0.99691,0.984,0.99228,0.99059,0.99,0.98721,0.97308,0.97209,0.99551,1,0.98427,0.99666,0.9945,0.99271,0.98038,0.98524,0.98421,0.98993,0.98103,0.98701,0.98786,0.98213,0.96504,0.95533,0.9884,0.98406,0.98632,0.99198,0.99219,0.96399,0.9633,0.98388,0.95586,0.96779,0.98561,0.97676,0.99402,0.96806,0.98823,0.98264,0.96645,0.99632,0.98405,0.98748,0.99364,0.96313,0.96083
0.99809,0.986,0.97815,0.99804,0.98468,0.99775,0.97751,0.97576,0.97495,0.97213,0.98836,0.95716,0.98728,0.98427,1,0.98551,0.97998,0.97774,0.96534,0.97028,0.96916,0.99379,0.96605,0.97201,0.99564,0.96733,0.95012,0.94059,0.99522,0.99767,0.97127,0.98992,0.99149,0.94911,0.94844,0.9976,0.94111,0.98298,0.99419,0.96177,0.97948,0.95319,0.99496,0.96766,0.95156,0.98542,0.99735,0.97261,0.98134,0.94825,0.94601
0.98467,0.99802,0.9923,0.98517,0.99809,0.98537,0.99175,0.99,0.9891,0.98627,0.97423,0.97113,0.99774,0.99666,0.98551,1,0.9941,0.99182,0.97942,0.98445,0.98328,0.99135,0.98014,0.98616,0.98935,0.98127,0.96393,0.95431,0.9898,0.98538,0.98538,0.99294,0.99349,0.96292,0.96227,0.98525,0.95479,0.96885,0.98652,0.97581,0.99353,0.96709,0.98985,0.98179,0.96538,0.99679,0.98532,0.98681,0.99331,0.96206,0.9598
0.97912,0.9935,0.99728,0.97961,0.99482,0.97984,0.99695,0.99532,0.99447,0.99174,0.96876,0.97657,0.99232,0.9945,0.97998,0.9941,1,0.99674,0.98489,0.98991,0.98875,0.98581,0.98562,0.99161,0.98379,0.98657,0.96935,0.95969,0.98424,0.97984,0.99081,0.98816,0.98804,0.96835,0.96769,0.97973,0.96016,0.96342,0.98132,0.98129,0.99767,0.97251,0.98427,0.98724,0.97079,0.99342,0.97983,0.9922,0.9939,0.96748,0.9652
0.97684,0.99135,0.99787,0.97735,0.99264,0.97756,0.99799,0.99705,0.99658,0.99396,0.96654,0.97879,0.99002,0.99271,0.97774,0.99182,0.99674,1,0.98713,0.99204,0.99098,0.98354,0.98782,0.99374,0.98149,0.98865,0.97163,0.9619,0.982,0.97762,0.99304,0.98609,0.98582,0.97059,0.96991,0.97745,0.96237,0.96125,0.9793,0.98352,0.99686,0.97471,0.98198,0.98944,0.97304,0.99144,0.97759,0.99421,0.99279,0.96972,0.96743
0.96447,0.97889,0.98675,0.96497,0.98021,0.96519,0.98744,0.98918,0.99002,0.99284,0.95427,0.99138,0.97761,0.98038,0.96534,0.97942,0.98489,0.98713,1,0.99463,0.99579,0.9711,0.99803,0.99291,0.96909,0.99531,0.98405,0.97431,0.96957,0.96523,0.99358,0.97387,0.97336,0.98304,0.98242,0.96509,0.97471,0.94902,0.96706,0.99609,0.98531,0.98724,0.96959,0.99704,0.98542,0.97915,0.96522,0.99228,0.98202,0.98218,0.97988
0.96944,0.98389,0.99174,0.96995,0.98524,0.97016,0.99255,0.99433,0.99487,0.99743,0.95915,0.98636,0.98267,0.98524,0.97028,0.98445,0.98991,0.99204,0.99463,1,0.99804,0.97608,0.99533,0.99745,0.9741,0.99504,0.97897,0.96932,0.97456,0.9702,0.99769,0.97874,0.97832,0.97799,0.97739,0.97006,0.96972,0.95385,0.97188,0.99116,0.9903,0.98226,0.97463,0.9971,0.98041,0.98405,0.97017,0.99745,0.98668,0.97713,0.97488
0.96828,0.98275,0.9906,0.96878,0.98407,0.969,0.99132,0.99304,0.99386,0.99659,0.95803,0.98753,0.98146,0.98421,0.96916,0.98328,0.98875,0.99098,0.99579,0.99804,1,0.97493,0.99638,0.99658,0.97292,0.99551,0.98022,0.97048,0.9734,0.96904,0.99711,0.97766,0.9772,0.97919,0.97856,0.96889,0.97091,0.95277,0.97083,0.99229,0.98915,0.9834,0.97342,0.99779,0.98162,0.98297,0.96903,0.99603,0.98567,0.97833,0.97604
0.99302,0.99179,0.98398,0.99345,0.99051,0.99362,0.98335,0.98159,0.98075,0.97793,0.98253,0.96287,0.99313,0.98993,0.99379,0.99135,0.98581,0.98354,0.9711,0.97608,0.97493,1,0.97183,0.97781,0.99732,0.97305,0.95577,0.9462,0.99753,0.99356,0.97705,0.99447,0.99688,0.95477,0.9541,0.99351,0.9467,0.97714,0.99323,0.96752,0.98531,0.95887,0.99743,0.97344,0.95722,0.99107,0.99347,0.97842,0.98677,0.9539,0.95165
0.96519,0.9796,0.98747,0.96569,0.98094,0.96592,0.98817,0.98991,0.99069,0.99351,0.95497,0.99058,0.97834,0.98103,0.96605,0.98014,0.98562,0.98782,0.99803,0.99533,0.99638,0.97183,1,0.99362,0.96982,0.99549,0.98324,0.97355,0.97029,0.96595,0.99415,0.97458,0.97408,0.98225,0.98166,0.96582,0.97393,0.94971,0.96771,0.99532,0.98605,0.98649,0.97032,0.99751,0.98461,0.97984,0.96594,0.99301,0.98268,0.98137,0.9791
0.97114,0.98561,0.99341,0.97164,0.98694,0.97187,0.99412,0.99576,0.9965,0.99823,0.96087,0.98459,0.98434,0.98701,0.97201,0.98616,0.99161,0.99374,0.99291,0.99745,0.99658,0.97781,0.99362,1,0.97579,0.99367,0.9773,0.96759,0.97626,0.97189,0.99767,0.98047,0.98007,0.97629,0.97565,0.97176,0.96803,0.95558,0.97362,0.98932,0.99195,0.98049,0.97628,0.99511,0.97871,0.9858,0.97188,0.99797,0.98828,0.97543,0.97313
0.99511,0.98976,0.98195,0.99558,0.9885,0.99564,0.98135,0.9796,0.9787,0.9759,0.98452,0.96088,0.99121,0.98786,0.99564,0.98935,0.98379,0.98149,0.96909,0.9741,0.97292,0.99732,0.96982,0.97579,1,0.97107,0.95376,0.94424,0.99825,0.9955,0.97503,0.99298,0.99505,0.95277,0.95212,0.99549,0.94473,0.97909,0.99384,0.96553,0.98328,0.9569,0.99857,0.97145,0.95522,0.98904,0.99526,0.97644,0.98487,0.95191,0.94968
0.96647,0.98075,0.98831,0.96698,0.98203,0.96718,0.989,0.99063,0.99131,0.99366,0.95628,0.98849,0.97951,0.98213,0.96733,0.98127,0.98657,0.98865,0.99531,0.99504,0.99551,0.97305,0.99549,0.99367,0.97107,1,0.98139,0.97182,0.97154,0.96726,0.99423,0.97577,0.97524,0.98045,0.97979,0.96708,0.97223,0.95103,0.96896,0.99277,0.98697,0.98459,0.97158,0.99594,0.98279,0.98103,0.9672,0.99331,0.98373,0.97956,0.97735
0.94923,0.96346,0.97119,0.94971,0.96473,0.94994,0.97181,0.97352,0.97445,0.97724,0.93923,0.99217,0.96213,0.96504,0.95012,0.96393,0.96935,0.97163,0.98405,0.97897,0.98022,0.95577,0.98324,0.9773,0.95376,0.98139,1,0.98968,0.95426,0.95,0.97805,0.95867,0.95803,0.99722,0.99702,0.94984,0.98989,0.93409,0.95201,0.9876,0.96979,0.99534,0.95424,0.9816,0.99629,0.96381,0.95,0.9766,0.96693,0.99689,0.99489
0.93973,0.95382,0.9615,0.94022,0.9551,0.94044,0.96216,0.96387,0.9647,0.96749,0.92979,0.98263,0.95255,0.95533,0.94059,0.95431,0.95969,0.9619,0.97431,0.96932,0.97048,0.9462,0.97355,0.96759,0.94424,0.97182,0.98968,1,0.94471,0.94049,0.96831,0.94906,0.94842,0.99073,0.99167,0.94035,0.99655,0.92468,0.94243,0.97794,0.96013,0.9866,0.94474,0.97194,0.98796,0.95414,0.94049,0.96698,0.95734,0.99168,0.99401
0.99451,0.99025,0.98242,0.99502,0.98897,0.99501,0.98181,0.98006,0.97919,0.97638,0.98405,0.96135,0.99162,0.9884,0.99522,0.9898,0.98424,0.982,0.96957,0.97456,0.9734,0.99753,0.97029,0.97626,0.99825,0.97154,0.95426,0.94471,1,0.99506,0.97552,0.99344,0.9955,0.95326,0.95259,0.99489,0.94521,0.97865,0.994,0.966,0.98375,0.95737,0.99815,0.97192,0.95571,0.98953,0.9948,0.97689,0.98532,0.95239,0.95016
0.99783,0.98585,0.97802,0.99813,0.98456,0.9975,0.97741,0.97567,0.97482,0.97201,0.98832,0.95705,0.98719,0.98406,0.99767,0.98538,0.97984,0.97762,0.96523,0.9702,0.96904,0.99356,0.96595,0.97189,0.9955,0.96726,0.95,0.94049,0.99506,1,0.97117,0.98968,0.99123,0.94901,0.94833,0.99735,0.941,0.98296,0.99389,0.96167,0.97935,0.9531,0.99499,0.96758,0.95146,0.98527,0.99703,0.97252,0.98117,0.94815,0.94592
0.97039,0.98487,0.99263,0.9709,0.98618,0.97111,0.99335,0.99497,0.99581,0.99789,0.96014,0.98529,0.98357,0.98632,0.97127,0.98538,0.99081,0.99304,0.99358,0.99769,0.99711,0.97705,0.99415,0.99767,0.97503,0.99423,0.97805,0.96831,0.97552,0.97117,1,0.97976,0.97931,0.97703,0.97637,0.971,0.96876,0.95486,0.97293,0.99003,0.99119,0.98119,0.97553,0.99575,0.97947,0.98508,0.97114,0.99732,0.9876,0.97616,0.97387
0.98902,0.99345,0.98644,0.98946,0.99233,0.98963,0.98581,0.98411,0.98337,0.98061,0.97905,0.96568,0.99415,0.99198,0.98992,0.99294,0.98816,0.98609,0.97387,0.97874,0.97766,0.99447,0.97458,0.98047,0.99298,0.97577,0.95867,0.94906,0.99344,0.98968,0.97976,1,0.99529,0.95764,0.95695,0.9895,0.94958,0.9738,0.99042,0.9703,0.98768,0.9617,0.99316,0.97616,0.96009,0.99281,0.98966,0.98101,0.98891,0.95677,0.95452
0.9906,0.99394,0.98624,0.99103,0.99268,0.99124,0.98557,0.98382,0.98302,0.98021,0.98022,0.96511,0.9951,0.99219,0.99149,0.99349,0.98804,0.98582,0.97336,0.97832,0.9772,0.99688,0.97408,0.98007,0.99505,0.97524,0.95803,0.94842,0.9955,0.99123,0.97931,0.99529,1,0.95701,0.95634,0.99112,0.94893,0.97488,0.9918,0.96977,0.98753,0.96111,0.99522,0.97568,0.95946,0.99314,0.99119,0.98065,0.98877,0.95615,0.95388
0.94823,0.96244,0.97018,0.94872,0.96372,0.94895,0.97081,0.97253,0.97341,0.97621,0.93823,0.99124,0.96114,0.96399,0.94911,0.96292,0.96835,0.97059,0.98304,0.97799,0.97919,0.95477,0.98225,0.97629,0.95277,0.98045,0.99722,0.99073,0.95326,0.94901,0.97703,0.95764,0.95701,1,0.99757,0.94885,0.99081,0.93308,0.95096,0.98663,0.96879,0.99479,0.95326,0.98061,0.9956,0.96278,0.949,0.97563,0.96592,0.99728,0.99581
0.94757,0.96177,0.96952,0.94806,0.96307,0.94829,0.97018,0.97191,0.97275,0.97556,0.93755,0.99077,0.9605,0.9633,0.94844,0.96227,0.96769,0.96991,0.98242,0.97739,0.97856,0.9541,0.98166,0.97565,0.95212,0.97979,0.99702,0.99167,0.95259,0.94833,0.97637,0.95695,0.95634,0.99757,1,0.94819,0.9916,0.9324,0.95026,0.98608,0.96813,0.99452,0.95262,0.98002,0.9953,0.96208,0.94833,0.97503,0.96525,0.99798,0.9968
0.99816,0.98568,0.9779,0.99802,0.98442,0.99786,0.97728,0.97553,0.97466,0.97188,0.98846,0.95691,0.98707,0.98388,0.9976,0.98525,0.97973,0.97745,0.96509,0.97006,0.96889,0.99351,0.96582,0.97176,0.99549,0.96708,0.94984,0.94035,0.99489,0.99735,0.971,0.9895,0.99112,0.94885,0.94819,1,0.94084,0.98306,0.99347,0.96153,0.97923,0.95295,0.99489,0.96743,0.95129,0.98508,0.99721,0.97239,0.98104,0.94799,0.94576
0.94023,0.95431,0.96197,0.94072,0.95558,0.94094,0.9626,0.96431,0.96517,0.96794,0.93032,0.98292,0.95302,0.95586,0.94111,0.95479,0.96016,0.96237,0.97471,0.96972,0.97091,0.9467,0.97393,0.96803,0.94473,0.97223,0.98989,0.99655,0.94521,0.941,0.96876,0.94958,0.94893,0.99081,0.9916,0.94084,1,0.92522,0.94298,0.97828,0.96059,0.98674,0.94522,0.97233,0.98816,0.95465,0.941,0.96739,0.95783,0.99171,0.99367
0.9838,0.96937,0.96163,0.98325,0.96806,0.98298,0.96097,0.95924,0.95848,0.95571,0.99413,0.94096,0.9706,0.96779,0.98298,0.96885,0.96342,0.96125,0.94902,0.95385,0.95277,0.97714,0.94971,0.95558,0.97909,0.95103,0.93409,0.92468,0.97865,0.98296,0.95486,0.9738,0.97488,0.93308,0.9324,0.98306,0.92522,1,0.98033,0.94549,0.96295,0.93705,0.97848,0.95128,0.93551,0.96894,0.9829,0.95613,0.96512,0.93223,0.93002
0.9935,0.98711,0.97961,0.99367,0.98582,0.99366,0.97894,0.97723,0.97655,0.97376,0.98534,0.95892,0.98804,0.98561,0.99419,0.98652,0.98132,0.9793,0.96706,0.97188,0.97083,0.99323,0.96771,0.97362,0.99384,0.96896,0.95201,0.94243,0.994,0.99389,0.97293,0.99042,0.9918,0.95096,0.95026,0.99347,0.94298,0.98033,1,0.9635,0.98084,0.95495,0.99344,0.96931,0.95341,0.98662,0.99368,0.97412,0.98256,0.95011,0.94786
0.96091,0.97529,0.98314,0.96142,0.97661,0.96164,0.98385,0.9856,0.98639,0.98924,0.95073,0.99508,0.97403,0.97676,0.96177,0.97581,0.98129,0.98352,0.99609,0.99116,0.99229,0.96752,0.99532,0.98932,0.96553,0.99277,0.9876,0.97794,0.966,0.96167,0.99003,0.9703,0.96977,0.98663,0.98608,0.96153,0.97828,0.94549,0.9635,1,0.98172,0.9909,0.96604,0.9938,0.98894,0.97554,0.96166,0.98877,0.97853,0.98579,0.98353
0.97863,0.99298,0.99738,0.97912,0.99429,0.97935,0.99711,0.99562,0.99476,0.99213,0.96827,0.977,0.9918,0.99402,0.97948,0.99353,0.99767,0.99686,0.98531,0.9903,0.98915,0.98531,0.98605,0.99195,0.98328,0.98697,0.96979,0.96013,0.98375,0.97935,0.99119,0.98768,0.98753,0.96879,0.96813,0.97923,0.96059,0.96295,0.98084,0.98172,1,0.97296,0.98377,0.98765,0.97123,0.99288,0.97934,0.99258,0.99367,0.96791,0.96564
0.95233,0.96657,0.97434,0.95283,0.96788,0.95305,0.97503,0.97677,0.97756,0.98038,0.94225,0.99539,0.96532,0.96806,0.95319,0.96709,0.97251,0.97471,0.98724,0.98226,0.9834,0.95887,0.98649,0.98049,0.9569,0.98459,0.99534,0.9866,0.95737,0.9531,0.98119,0.9617,0.96111,0.99479,0.99452,0.95295,0.98674,0.93705,0.95495,0.9909,0.97296,1,0.95741,0.98489,0.99579,0.96686,0.95309,0.97991,0.96998,0.99408,0.99204
0.9945,0.99021,0.98243,0.99511,0.98899,0.99505,0.98188,0.98014,0.97919,0.97639,0.98393,0.96139,0.99174,0.98823,0.99496,0.98985,0.98427,0.98198,0.96959,0.97463,0.97342,0.99743,0.97032,0.97628,0.99857,0.97158,0.95424,0.94474,0.99815,0.99499,0.97553,0.99316,0.99522,0.95326,0.95262,0.99489,0.94522,0.97848,0.99344,0.96604,0.98377,0.95741,1,0.97199,0.95571,0.98941,0.99467,0.97698,0.98528,0.9524,0.95019
0.96681,0.98124,0.98908,0.96733,0.98258,0.96754,0.98986,0.99163,0.9923,0.99505,0.95656,0.989,0.98001,0.98264,0.96766,0.98179,0.98724,0.98944,0.99704,0.9971,0.99779,0.97344,0.99751,0.99511,0.97145,0.99594,0.9816,0.97194,0.97192,0.96758,0.99575,0.97616,0.97568,0.98061,0.98002,0.96743,0.97233,0.95128,0.96931,0.9938,0.98765,0.98489,0.97199,1,0.98302,0.98143,0.96755,0.99478,0.98421,0.97976,0.97751
0.95068,0.96491,0.97262,0.95117,0.96618,0.95139,0.97326,0.97497,0.97585,0.97864,0.94066,0.99327,0.9636,0.96645,0.95156,0.96538,0.97079,0.97304,0.98542,0.98041,0.98162,0.95722,0.98461,0.97871,0.95522,0.98279,0.99629,0.98796,0.95571,0.95146,0.97947,0.96009,0.95946,0.9956,0.9953,0.95129,0.98816,0.93551,0.95341,0.98894,0.97123,0.99579,0.95571,0.98302,1,0.96524,0.95144,0.97806,0.96831,0.99515,0.99316
0.98451,0.9968,0.99178,0.98498,0.99665,0.98518,0.99113,0.98942,0.98873,0.98595,0.97423,0.97088,0.9962,0.99632,0.98542,0.99679,0.99342,0.99144,0.97915,0.98405,0.98297,0.99107,0.97984,0.9858,0.98904,0.98103,0.96381,0.95414,0.98953,0.98527,0.98508,0.99281,0.99314,0.96278,0.96208,0.98508,0.95465,0.96894,0.98662,0.97554,0.99288,0.96686,0.98941,0.98143,0.96524,1,0.9852,0.9863,0.99291,0.9619,0.95963
0.99742,0.98578,0.97802,0.99737,0.98451,0.9972,0.97737,0.97563,0.97479,0.97201,0.98824,0.95704,0.9871,0.98405,0.99735,0.98532,0.97983,0.97759,0.96522,0.97017,0.96903,0.99347,0.96594,0.97188,0.99526,0.9672,0.95,0.94049,0.9948,0.99703,0.97114,0.98966,0.99119,0.949,0.94833,0.99721,0.941,0.9829,0.99368,0.96166,0.97934,0.95309,0.99467,0.96755,0.95144,0.9852,1,0.97249,0.98113,0.94814,0.94591
0.97177,0.98622,0.99399,0.97229,0.98758,0.9725,0.9949,0.9967,0.99684,0.99794,0.96145,0.984,0.98504,0.98748,0.97261,0.98681,0.9922,0.99421,0.99228,0.99745,0.99603,0.97842,0.99301,0.99797,0.97644,0.99331,0.9766,0.96698,0.97689,0.97252,0.99732,0.98101,0.98065,0.97563,0.97503,0.97239,0.96739,0.95613,0.97412,0.98877,0.99258,0.97991,0.97698,0.99478,0.97806,0.9863,0.97249,1,0.98872,0.97477,0.97252
0.98045,0.99309,0.99305,0.98092,0.99371,0.98114,0.99264,0.99138,0.99083,0.98838,0.97038,0.97396,0.99215,0.99364,0.98134,0.99331,0.9939,0.99279,0.98202,0.98668,0.98567,0.98677,0.98268,0.98828,0.98487,0.98373,0.96693,0.95734,0.98532,0.98117,0.9876,0.98891,0.98877,0.96592,0.96525,0.98104,0.95783,0.96512,0.98256,0.97853,0.99367,0.96998,0.98528,0.98421,0.96831,0.99291,0.98113,0.98872,1,0.96506,0.9628
0.94737,0.96158,0.9693,0.94786,0.96285,0.94809,0.96995,0.97167,0.97255,0.97534,0.93738,0.99046,0.96028,0.96313,0.94825,0.96206,0.96748,0.96972,0.98218,0.97713,0.97833,0.9539,0.98137,0.97543,0.95191,0.97956,0.99689,0.99168,0.95239,0.94815,0.97616,0.95677,0.95615,0.99728,0.99798,0.94799,0.99171,0.93223,0.95011,0.98579,0.96791,0.99408,0.9524,0.97976,0.99515,0.9619,0.94814,0.97477,0.96506,1,0.99659
0.94515,0.95931,0.96702,0.94565,0.9606,0.94586,0.96769,0.96941,0.97025,0.97304,0.93516,0.9882,0.95804,0.96083,0.94601,0.9598,0.9652,0.96743,0.97988,0.97488,0.97604,0.95165,0.9791,0.97313,0.94968,0.97735,0.99489,0.99401,0.95016,0.94592,0.97387,0.95452,0.95388,0.99581,0.9968,0.94576,0.99367,0.93002,0.94786,0.98353,0.96564,0.99204,0.95019,0.97751,0.99316,0.95963,0.94591,0.97252,0.9628,0.99659,1
