-0.16509
-0.16812
-0.023093
0.2171
0.031273
0.075134
-0.087307
0.078214
-0.11115
-0.033974
-0.036396
-0.05597
-0.012001
0.008474
0.096897
-0.064576
-0.070712
0.12374
-0.13336
0.062184
-0.0027375
-0.24746
0.076724
0.057755
0.0032209
0.028963
0.0057281
0.12803
-0.054333
0.2412
0.024696
0.22924
0.06446
-0.014462
0.026752
-0.02694
-0.038104
0.055057
-0.11302
-0.015704
-0.02497
-0.087564
0.09097
0.1341
-0.14582
0.13385
-0.052722
0.11407
0.21419
0.0070808
0.089512
-0.14061
0.018966
-0.021068
-0.0095098
-0.052615
0.085381
-0.078112
0.13196
-0.03148
-0.015166
0.087802
-0.064526
0.0026033
0.088116
-0.052476
0.045281
-0.0013978
0.14152
-0.082986
-0.04192
0.12238
-0.00091117
-0.05582
0.09667
0.16587
0.0047338
0.018581
-0.13139
0.04953
-0.10146
-0.16331
0.036964
-0.006921
-0.06003
0.10888
-0.018141
0.05067
0.052073
-0.080652
0.24144
0.013267
0.079821
0.18422
0.043612
0.086645
0.028698
-0.00031584
0.074973
0.040903
-0.016502
-0.039718
-0.04469
0.088925
0.029395
0.020258
0.052674
-0.004058
-0.057225
-0.029091
0.1891
0.041735
0.1298
0.1482
0.091495
-0.01655
0.13893
0.061936
0.066536
0.029521
-0.018705
0.24112
-0.00014267
0.0062767
-0.017901
0.0040789
0.027286
0.042987
-0.0097961
0.029654
0.14366
0.021351
0.098844
0.019592
-0.016403
0.01891
0.052217
0.13727
-0.08762
-0.069635
-0.029359
-0.10375
0.013012
-0.070115
-0.047546
0.068507
-0.071391
0.017769
0.0098756
-0.0089102
0.019905
0.11666
-0.06748
0.085975
-0.13953
-0.13495
-0.18409
0.087173
-0.00914
0.020429
0.045369
0.15768
0.069315
0.060099
-0.033916
-0.093243
0.10955
-0.1057
0.028299
0.085388
-0.078766
0.0085153
-0.032088
0.059192
-0.048216
0.022562
0.0059234
-0.15779
0.039785
0.2092
0.11394
-0.047999
0.030415
-0.096185
0.12427
-0.17548
0.11507
-0.14931
-0.024125
0.053654
-0.0034015
0.13754
0.012647
0.026405
0.047968
0.16988
-0.00081109
0.010619
-0.069879
0.054976
0.071439
0.12187
0.016733
-0.11902
-0.12101
-0.013494
0.17047
-0.043213
0.035199
0.042558
0.048822
0.03493
0.0033839
-0.02151
0.15976
0.057293
-0.015312
0.048325
0.098624
0.13169
-0.060237
-0.05369
-0.024294
-0.12878
0.061303
0.27279
-0.094876
-0.050771
0.094545
0.16323
0.0037551
0.0156
-0.013059
0.18479
0.047911
0.15187
-0.0021973
-0.12295
0.063283
0.19671
0.1026
-0.065345
-0.086815
0.026322
-0.10383
0.10717
-0.15005
0.071159
-0.055522
0.058522
-0.067256
-0.010395
-0.029701
-0.13204
-0.045101
-0.20029
-0.0085154
-0.11843
0.18351
-0.11218
-0.0017517
-0.13071
0.42311
-0.11537
-0.077757
-0.00016667
0.043425
-0.031488
-0.03822
-0.06402
-0.080092
-0.011154
0.024657
-0.076557
-0.1249
-0.0031752
-0.12326
0.10818
0.089902
0.15655
-0.01369
-0.029616
-0.064208
-0.020944
0.011316
0.25475
0.24054
0.020979
0.064128
-0.035681
0.029728
-0.031996
-0.077323
-0.28724
-0.051933
-0.040703
0.090241
0.025258
-0.15953
-0.076206
-0.037531
-0.10366
-0.01797
-0.13455
0.21232
0.0011974
-0.040294
-0.11307
0.0078918
-0.065211
-0.09132
-0.096741
-0.085563
0.087261
0.064123
-0.11044
-0.03719
0.02178
0.038099
-0.050106
0.017028
0.0085531
0.076267
0.13696
-0.028729
0.068198
-0.27993
-0.15873
-0.07963
-0.36721
0.073945
0.060714
-0.10751
-0.022736
0.021289
-0.053312
0.1588
-0.026691
-0.01594
0.045485
0.22076
-0.21549
-0.077068
0.0013166
-0.060928
-0.070203
-0.0079244
0.064508
-0.051408
-0.020531
-0.043415
-0.1811
-0.0044102
-0.043009
-0.23159
-0.012528
0.0542
-0.23033
-0.10563
0.025649
0.18308
0.039433
0.22068
-0.01075
0.1105
0.020745
-0.024117
-0.0027799
-0.091906
0.13229
0.13249
-0.12085
0.051143
0.0067267
-0.11806
-0.068973
0.028561
-0.2006
-0.022372
0.13745
-0.087416
-0.061573
-0.052877
0.1112
0.013697
0.015099
0.0035836
0.0081156
-0.038879
0.024133
-0.044933
-0.018059
0.03779
0.30794
0.042492
0.038938
0.0037962
0.078984
0.067822
0.050579
-0.20893
-0.1224
-0.064108
-0.070078
-0.065848
-0.071188
0.0052758
-0.15134
-0.011406
-0.004575
-0.18519
0.10107
0.041833
-0.057253
0.06025
0.074328
0.11796
-0.034107
0.073552
-0.15523
0.059065
-0.020822
-0.20297
-0.05273
-0.065469
0.038639
0.067191
-0.39321
-0.15547
0.095989
-0.21519
-0.027174
-0.14916
-0.085465
0.057422
-0.10322
-0.10291
0.040572
-0.055578
-0.020305
-0.043315
-0.094608
0.18603
-0.15436
-0.19445
0.0050588
-0.0011312
-0.098537
-0.1586
0.10127
-0.13025
-0.06791
-0.1579
0.043011
-0.080523
0.21137
-0.11324
-0.16899
-0.23359
-0.15841
-0.16353
0.00093024
0.0071758
0.043625
0.11267
-0.013717
-0.033974
0.36489
-0.016991
0.21508
0.010106
0.043455
-0.027805
-0.0049674
-0.06798
-0.06046
0.00045972
0.029074
-0.036377
-0.022772
0.016969
