-0.016613
0.066869
0.06505
0.066918
0.062953
0.066372
0.065943
0.065735
0.066135
0.066882
0.06981
0.064807
0.063191
0.063797
0.065847
0.063208
0.069061
0.064469
0.066884
0.065391
0.066463
0.065573
0.068102
0.066948
0.063936
0.066342
0.067136
0.066886
0.064082
0.065722
-0.065965
-0.065498
-0.064379
-0.066064
-0.068617
-0.06708
-0.063491
-0.065245
-0.067231
-0.065818
-0.066567
-0.064384
-0.066791
-0.066593
-0.066561
-0.064422
-0.064322
-0.064915
-0.066695
-0.064607
-0.066573
-0.067325
-0.065404
-0.067092
-0.065584
-0.063692
-0.066607
-0.063906
-0.069121
