0.022547
0.068881
0.057629
0.0654
0.073659
0.07701
0.069927
0.070379
0.068244
0.052132
0.060914
0.073049
0.065018
0.054913
0.070955
0.054721
0.048755
0.067986
0.06972
0.06394
0.054974
0.067927
0.056187
0.054554
0.058415
0.070708
0.077495
0.053286
0.064741
0.07235
-0.053775
-0.060193
-0.057262
-0.047739
-0.067239
-0.065326
-0.073348
-0.069827
-0.064914
-0.055684
-0.070276
-0.079871
-0.060011
-0.069681
-0.069374
-0.063858
-0.069507
-0.074261
-0.047549
-0.11521
-0.026587
-0.06395
-0.064447
-0.070135
-0.071452
-0.066299
-0.050329
-0.061059
-0.055163
