-0.039697
-0.0049345
0.045885
-0.10079
0.026549
-0.017776
0.034285
0.016906
0.011377
0.044688
0.033916
0.023079
0.12275
0.047833
0.023807
0.05166
0.013888
0.031198
0.027127
0.045128
0.017093
0.01731
0.021425
0.084067
-0.0026347
0.050195
0.029559
-0.0105
0.024492
0.019132
0.024477
0.021296
0.0475
0.036794
0.054213
0.089299
0.01795
0.012752
0.060034
0.056322
0.05875
0.023812
-0.0083584
0.027106
0.035559
0.031355
-0.013313
0.06498
0.030395
0.029602
0.090309
0.053143
0.03439
0.058386
0.021404
0.02539
0.00035253
0.078936
-0.024923
0.042791
0.067639
0.015014
0.085365
0.051354
0.054727
0.012346
0.029308
0.062721
0.058461
0.037196
0.048409
0.040544
0.056065
0.040767
-0.015052
0.056467
0.059341
0.036137
0.026239
-0.014405
0.055768
0.014997
0.0040727
-0.025753
0.044312
-0.01106
0.018656
0.03419
0.022885
0.020547
0.028517
0.010557
0.015309
0.050807
0.037197
0.011049
0.019587
-0.0062307
0.034269
0.026941
-0.0058361
0.014953
0.042616
0.020403
0.089439
0.020839
0.020595
0.020287
0.043949
0.098642
0.014386
0.024701
-0.057632
0.013704
0.065881
-0.011798
0.088757
0.027764
0.030052
0.041997
0.028806
0.03368
0.035428
-0.00665
0.055438
0.043901
0.079743
0.062363
-0.011306
0.014568
0.045393
-0.0069151
-0.021559
0.030863
-0.048391
-0.0030324
-0.052057
-0.057007
-0.030165
-0.031163
-0.032835
0.0068073
-0.048904
-0.014803
0.030027
-0.040029
-0.027879
-0.021452
-0.083121
-0.011917
-0.0040555
-0.063837
-0.033062
-0.040779
-0.12963
-0.047721
-0.051687
-0.0424
-0.023152
-0.054271
-0.023263
0.0086403
0.023079
-0.030514
-0.020126
-0.088925
-0.045428
-0.014706
0.014345
-0.047278
-0.02599
-0.0080933
-0.021157
-0.058746
-0.027654
-0.022268
-0.0066943
-0.042566
-0.020984
-0.031736
-0.042691
-0.010836
-0.022086
-0.026174
-0.03288
-0.0026341
-0.015382
-0.13299
-0.030299
-0.037351
-0.075051
-0.08066
-0.035668
-0.030802
-0.0070685
-0.0073541
-0.027669
-0.015922
0.03196
-0.030724
-0.041582
-0.016567
-0.018935
-0.035271
0.0057394
-0.019616
-0.075425
0.044888
-0.03168
-0.01216
-0.038116
-0.054474
-0.053289
-0.028257
-0.019685
-0.020429
-0.035374
0.077376
-0.028798
-0.042247
-0.031453
-0.074578
-0.04061
-0.0064892
-0.050011
-0.051082
-0.028218
-0.055455
-0.01091
-0.0046296
-0.08672
0.0097349
-0.030244
-0.017608
-0.04347
-0.048804
-0.031469
-0.010191
-0.038904
-0.0041548
-0.059808
-0.016034
-0.018505
-0.075469
-0.083279
-0.037724
-0.060226
-0.02804
-0.0097258
0.045748
-0.08784
-0.047007
-0.01503
-0.043608
-0.020522
-0.0084936
-0.015636
-0.078219
-0.039395
-0.070133
-0.0094198
-0.047457
