-0.11392
0.071303
0.0043538
-0.060761
0.020455
-0.11909
-0.036757
-0.087956
0.11764
0.13227
-0.063199
-0.044252
-0.12957
0.086228
0.0056178
-0.010263
-0.075825
-0.027555
0.10282
-0.083911
0.23679
0.16841
0.14519
-0.13839
0.003514
0.15977
-0.15801
-0.070547
-0.021494
-0.11578
0.070216
0.00032222
-0.078055
-0.044375
0.15289
0.16935
0.17838
0.042784
0.12464
0.0093499
-0.027691
0.022948
0.10961
0.14339
-0.083914
0.072187
-0.024389
0.1363
0.23307
-0.059438
0.20329
0.015558
-0.073527
0.13328
0.10963
0.043694
0.15236
-0.12061
-0.053451
0.011396
-0.014371
-0.11511
-0.058036
0.18687
0.18366
-0.10026
0.087445
-0.33454
0.23095
-0.058868
0.26469
0.25787
0.058099
0.031907
0.02927
0.18664
0.054248
-0.13327
0.16913
0.16822
-0.094788
0.21657
0.0088504
0.21258
0.088353
0.042096
0.048263
0.0065221
0.051325
-0.15356
0.15626
0.056906
0.032869
0.10029
-0.087884
-0.093181
-0.00096581
-0.19783
0.12826
0.15482
-0.11088
-0.13568
0.13945
-0.011047
0.0090993
-0.10188
0.18985
0.099804
0.15559
0.09131
0.12566
0.065515
0.028579
-0.039137
-0.050111
-0.11356
-0.054299
-0.013051
0.004046
-0.12076
0.12632
-0.014848
-0.036877
-0.10153
-0.061438
-0.044732
-0.17726
0.046319
-0.14235
-0.089404
-0.29861
0.156
0.019656
0.0029308
0.050095
-0.10621
-0.046509
0.024488
0.22167
-0.034356
-0.036596
-0.0042993
-0.024059
-0.026003
0.016117
-0.078447
-0.14114
0.0059285
-0.028585
0.19531
-0.095157
-0.081886
-0.049594
-0.23721
-0.17063
-0.16599
-0.090239
-0.078432
-0.063199
-0.32835
-0.058643
-0.113
-0.066013
0.077032
-0.033303
-0.089944
-0.016997
-0.076753
-0.04757
-0.20927
-0.00077645
0.18852
-0.039138
0.0011753
0.12699
-0.03872
-0.092024
-0.061464
-0.095685
-0.08584
-0.12596
0.15929
0.0129
-0.091125
-0.059273
-0.026055
-0.03778
-0.079141
0.03755
0.036416
0.078862
-0.0078107
-0.017504
-0.19217
-0.11493
-0.02815
-0.10081
0.24242
0.11993
0.025289
-0.0041429
-0.064893
-0.024896
0.16442
-0.25008
-0.010065
-0.068268
-0.21413
-0.022456
-0.028383
0.014408
0.039407
0.010314
-0.088268
-0.034092
-0.12485
-0.040068
-0.009053
0.075499
-0.10609
-0.098535
0.14072
0.039829
0.19198
0.10329
0.0030677
0.0095606
0.048989
0.068674
-0.080698
-0.21845
0.096834
-0.059507
0.11357
-0.0037603
0.055988
0.13731
0.12396
0.0030234
-0.035758
-0.11721
0.071254
0.046704
0.033162
-0.022432
-0.1231
0.010494
-0.042217
-0.064801
0.23931
-0.22989
0.03678
-0.080011
-0.096798
0.13952
-0.11025
0.072639
-0.076644
-0.047781
-0.30262
0.16146
0.029437
