-0.0057941
0.067287
0.07057
0.069087
0.069705
0.069529
0.071009
0.068651
0.06855
0.068872
0.071217
0.069258
0.067276
0.068202
0.042844
0.068147
0.068686
0.069729
0.069685
0.072332
0.069651
0.067703
0.066777
0.068247
0.099598
0.071417
0.068639
-0.069118
-0.071829
-0.070805
-0.069301
-0.069972
-0.068008
-0.066732
-0.069864
-0.067947
-0.070093
-0.07171
-0.069528
-0.069457
-0.069619
-0.069107
-0.071396
-0.066454
-0.068556
-0.072408
-0.069191
-0.070687
-0.067647
-0.067803
-0.065732
-0.06842
-0.071269
