2.4211e-07
0.065653
0.065653
0.065654
0.065653
0.065654
0.065653
0.065653
0.065653
0.065653
0.065653
0.065653
0.065653
0.065653
0.065653
0.065653
0.065653
0.065653
0.065653
0.065653
0.065653
0.065653
0.065653
0.065653
0.065653
0.065653
0.065654
0.065653
0.065653
0.065653
-0.065653
-0.065653
-0.065653
-0.065653
-0.065653
-0.065653
-0.065653
-0.065654
-0.065653
-0.065653
-0.065653
-0.065653
-0.065653
-0.065654
-0.065653
-0.065654
-0.065653
-0.065653
-0.065653
-0.065652
-0.065652
-0.065653
-0.065653
-0.065653
-0.065653
-0.065653
-0.065653
-0.065653
-0.065653
