-3.1495e-07
0.068041
0.068041
0.068042
0.06804
0.068041
0.068042
0.068042
0.068042
0.068041
0.068042
0.068042
0.068041
0.068041
0.068041
0.068041
0.068041
0.068041
0.06804
0.068042
0.068042
0.068041
0.06804
0.068041
0.068042
0.068041
0.06804
0.068041
-0.068041
-0.068042
-0.068042
-0.068042
-0.068042
-0.068042
-0.068042
-0.068041
-0.068042
-0.068041
-0.068041
-0.068041
-0.068042
-0.068041
-0.068041
-0.068041
-0.068042
-0.068041
-0.068042
-0.068042
-0.068041
-0.068042
-0.068042
-0.068042
-0.068042
-0.068042
-0.068042
