-0.013699
0.059327
0.059328
0.059327
0.059327
0.059328
0.059327
0.059327
0.059327
0.059328
0.059327
0.059327
0.059327
0.059328
0.059327
0.059327
0.059328
0.059327
0.059327
0.059328
0.059327
0.059327
0.059328
0.059327
0.059327
0.059328
0.059327
0.059328
0.059328
0.059328
0.059328
0.059328
0.059327
0.059328
0.059327
0.059327
0.059328
-0.057724
-0.057724
-0.057724
-0.057724
-0.057725
-0.057724
-0.057725
-0.057725
-0.057725
-0.057725
-0.057724
-0.057724
-0.057725
-0.057725
-0.057724
-0.057725
-0.057724
-0.057725
-0.057725
-0.057724
-0.057725
-0.057724
-0.057725
-0.057725
-0.057724
-0.057724
-0.057725
-0.057724
-0.057724
-0.057725
-0.057724
-0.057724
-0.057724
-0.057724
-0.057724
-0.057724
-0.057725
