1.3057e-05
0.0625
0.0625
0.0625
0.062498
0.0625
0.0625
0.062499
0.0625
0.0625
0.0625
0.0625
0.0625
0.0625
0.0625
0.0625
0.0625
0.0625
0.0625
0.0625
0.0625
0.0625
0.0625
0.0625
0.0625
0.0625
0.0625
0.0625
0.0625
0.0625
0.0625
0.0625
0.0625
-0.062502
-0.062502
-0.062473
-0.062502
-0.062503
-0.062473
-0.062502
-0.062502
-0.062502
-0.062502
-0.062502
-0.062502
-0.062502
-0.062502
-0.062502
-0.062502
-0.062502
-0.062502
-0.062502
-0.062502
-0.062502
-0.062502
-0.062502
-0.062502
-0.062502
-0.062502
-0.062502
-0.062502
-0.062502
-0.062502
-0.062502
-0.062502
