-0.0038306
0.031068
0.031068
0.031068
0.031068
0.031068
0.031068
0.031068
0.031069
0.031068
0.031068
0.031068
0.031068
0.031068
0.031068
0.031068
0.031068
0.031068
0.031068
0.031068
0.031068
0.031068
0.031068
0.031068
0.031068
0.031068
0.031068
0.031068
0.031068
0.031068
0.031068
0.031068
0.031068
0.031068
0.031068
0.031068
0.031068
0.031068
0.031068
0.031068
0.031068
0.031068
0.031068
0.031068
0.031068
0.031068
0.031068
0.031068
0.031068
0.031068
0.031068
0.031068
0.031068
0.031068
0.031068
0.031068
0.031068
0.031068
0.031068
0.031068
0.031068
0.031068
0.031068
0.031068
0.031068
0.031068
0.031068
0.031068
0.031068
0.031068
0.031068
0.031068
0.031068
0.031068
0.031068
0.031068
0.031068
0.031068
0.031068
0.031068
0.031068
0.031068
0.031068
0.031068
0.031068
0.031068
0.031068
0.031068
0.031068
0.031068
0.031068
0.031068
0.031068
0.031068
0.031068
0.031068
0.031068
0.031068
0.031068
0.031068
0.031068
0.031068
0.031068
0.031068
0.031068
0.031068
0.031068
0.031068
0.031068
0.031068
0.031068
0.031068
0.031068
0.031068
0.031068
0.031068
0.031069
0.031068
0.031068
0.031068
0.031068
0.031069
0.031068
0.031068
0.031068
0.031068
0.031068
0.031068
0.031068
0.031068
0.031068
-0.030831
-0.030831
-0.030831
-0.030831
-0.030831
-0.030831
-0.030831
-0.030828
-0.030831
-0.030831
-0.030831
-0.030831
-0.030831
-0.030831
-0.030831
-0.030831
-0.030831
-0.030831
-0.030831
-0.030831
-0.030831
-0.030831
-0.030831
-0.030831
-0.030831
-0.030831
-0.030831
-0.030831
-0.030831
-0.030831
-0.030831
-0.030831
-0.030831
-0.030831
-0.030831
-0.030831
-0.030831
-0.030831
-0.030831
-0.030831
-0.030831
-0.030831
-0.030831
-0.030831
-0.030831
-0.030831
-0.030832
-0.030831
-0.030831
-0.030831
-0.030831
-0.030831
-0.030828
-0.030831
-0.030831
-0.030831
-0.030831
-0.030832
-0.030831
-0.030831
-0.030831
-0.030831
-0.030831
-0.030831
-0.030831
-0.030831
-0.030831
-0.030831
-0.030831
-0.030831
-0.030831
-0.030831
-0.030831
-0.030831
-0.030831
-0.030831
-0.030831
-0.030831
-0.030831
-0.030831
-0.030831
-0.030831
-0.030831
-0.030831
-0.030831
-0.030831
-0.030831
-0.030831
-0.030831
-0.030831
-0.030831
-0.030831
-0.030831
-0.030831
-0.030831
-0.030831
-0.030831
-0.030831
-0.030831
-0.030831
-0.030831
-0.030831
-0.030831
-0.030831
-0.030831
-0.030831
-0.030831
-0.030831
-0.030831
-0.030831
-0.030831
-0.030831
-0.030831
-0.030831
-0.030831
-0.030831
-0.030831
-0.030831
-0.030831
-0.030831
-0.030831
-0.030831
-0.030831
-0.030831
-0.030831
-0.030831
-0.030831
-0.030831
-0.030831
-0.030831
-0.030831
