-2.0351e-07
0.06455
0.06455
0.06455
0.06455
0.06455
0.06455
0.06455
0.06455
0.06455
0.06455
0.06455
0.06455
0.06455
0.06455
0.06455
0.06455
0.06455
0.06455
0.06455
0.06455
0.06455
0.06455
0.06455
0.06455
0.06455
0.06455
0.06455
0.06455
0.06455
0.06455
-0.06455
-0.06455
-0.06455
-0.06455
-0.06455
-0.06455
-0.06455
-0.06455
-0.06455
-0.06455
-0.06455
-0.06455
-0.06455
-0.06455
-0.06455
-0.06455
-0.06455
-0.06455
-0.06455
-0.06455
-0.06455
-0.06455
-0.06455
-0.06455
-0.06455
-0.06455
-0.06455
-0.06455
-0.06455
-0.06455
