-3.9985e-07
0.060634
0.060634
0.060634
0.060634
0.060634
0.060634
0.060634
0.060634
0.060634
0.060634
0.060634
0.060634
0.060634
0.060634
0.060634
0.060634
0.060634
0.060634
0.060634
0.060634
0.060634
0.060634
0.060634
0.060634
0.060634
0.060634
0.060634
0.060634
0.060634
0.060634
0.060634
0.060634
0.060634
0.060634
-0.060634
-0.060634
-0.060634
-0.060634
-0.060634
-0.060634
-0.060634
-0.060634
-0.060634
-0.060634
-0.060634
-0.060634
-0.060634
-0.060634
-0.060634
-0.060634
-0.060634
-0.060634
-0.060634
-0.060634
-0.060634
-0.060634
-0.060634
-0.060634
-0.060634
-0.060634
-0.060634
-0.060634
-0.060634
-0.060634
-0.060634
-0.060634
-0.060634
-0.060634
