9.5653e-06
0.02287
0.022869
0.02287
0.02287
0.02287
0.02287
0.022869
0.02287
0.02287
0.02287
0.02287
0.02287
0.02287
0.02287
0.022869
0.02287
0.02287
0.02287
0.02287
0.02287
0.02287
0.02287
0.02287
0.02287
0.02287
0.02287
0.022869
0.02287
0.02287
0.02287
0.02287
0.02287
0.02287
0.02287
0.022869
0.02287
0.02287
0.02287
0.02287
0.02287
0.02287
0.02287
0.02287
0.02287
0.02287
0.022869
0.022869
0.02287
0.02287
0.022869
0.02287
0.02287
0.02287
0.02287
0.02287
0.022869
0.022869
0.02287
0.02287
0.02287
0.02287
0.02287
0.02287
0.02287
0.02287
0.02287
0.02287
0.02287
0.02287
0.02287
0.02287
0.02287
0.02287
0.02287
0.02287
0.02287
0.02287
0.02287
0.02287
0.022869
0.02287
0.02287
0.02287
0.02287
0.02287
0.02287
0.022869
0.02287
0.02287
0.02287
0.02287
0.02287
0.02287
0.022869
0.02287
0.02287
0.02287
0.02287
0.02287
0.02287
0.02287
0.022869
0.02287
0.02287
0.02287
0.02287
0.02287
0.02287
0.02287
0.02287
0.02287
0.02287
0.022869
0.02287
0.02287
0.02287
0.02287
0.02287
0.02287
0.02287
0.02287
0.02287
0.022869
0.02287
0.02287
0.022869
0.02287
0.02287
0.02287
0.02287
0.02287
0.02287
0.02287
0.02287
0.02287
0.02287
0.02287
0.02287
0.02287
0.02287
0.02287
0.02287
0.02287
0.02287
0.022869
0.02287
0.022869
0.02287
0.02287
0.02287
0.02287
0.022869
0.02287
0.02287
0.022869
0.02287
0.02287
0.02287
0.02287
0.02287
0.02287
0.02287
0.02287
0.022869
0.02287
0.02287
0.02287
0.02287
0.02287
0.022869
0.02287
0.02287
0.02287
0.02287
0.02287
0.02287
0.02287
0.022869
0.02287
0.022869
0.02287
0.02287
0.022869
0.02287
0.02287
0.02287
0.02287
0.02287
0.02287
0.02287
0.02287
0.02287
0.02287
0.02287
0.02287
0.02287
0.02287
0.02287
0.02287
0.02287
0.02287
0.02287
0.02287
0.02287
0.02287
0.02287
0.02287
0.02287
0.02287
0.02287
0.022869
0.02287
0.02287
0.02287
0.022869
0.02287
0.02287
0.02287
0.02287
0.02287
0.02287
0.022869
0.02287
0.02287
0.022869
0.02287
0.02287
0.02287
0.022869
0.022869
0.02287
0.02287
0.022869
0.02287
0.02287
0.02287
0.02287
0.02287
0.02287
-0.02287
-0.02287
-0.02287
-0.02287
-0.02287
-0.02287
-0.02287
-0.02287
-0.02287
-0.02287
-0.02287
-0.02287
-0.02287
-0.02287
-0.02287
-0.02287
-0.022855
-0.02287
-0.02287
-0.02287
-0.02287
-0.02287
-0.02287
-0.02287
-0.022869
-0.02287
-0.02287
-0.022868
-0.02287
-0.02287
-0.02287
-0.02287
-0.02287
-0.02287
-0.02287
-0.02287
-0.02287
-0.02287
-0.02287
-0.02287
-0.02287
-0.02287
-0.02287
-0.02287
-0.02287
-0.02287
-0.02287
-0.02287
-0.02287
-0.02287
-0.02287
-0.02287
-0.02287
-0.02287
-0.02287
-0.02287
-0.02287
-0.02287
-0.02287
-0.02287
-0.02287
-0.02287
-0.02287
-0.02287
-0.02287
-0.02287
-0.02287
-0.02287
-0.02287
-0.02287
-0.022869
-0.02287
-0.02287
-0.02287
-0.02287
-0.02287
-0.02287
-0.02287
-0.02287
-0.02287
-0.02287
-0.02287
-0.02287
-0.02287
-0.02287
-0.02287
-0.02287
-0.02287
-0.02287
-0.02287
-0.02287
-0.02287
-0.02287
-0.022869
-0.022864
-0.02287
-0.02287
-0.02287
-0.02287
-0.02287
-0.02287
-0.02287
-0.02287
-0.02287
-0.02287
-0.02287
-0.02287
-0.02287
-0.02287
-0.02287
-0.02287
-0.02287
-0.02287
-0.02287
-0.02287
-0.02287
-0.02287
-0.02287
-0.02287
-0.02287
-0.02287
-0.02287
-0.02287
-0.02287
-0.02287
-0.02287
-0.02287
-0.02287
-0.02287
-0.02287
-0.02287
-0.02287
-0.02287
-0.02287
-0.022855
-0.022866
-0.02287
-0.02287
-0.02287
-0.02287
-0.02287
-0.02287
-0.02287
-0.02287
-0.02287
-0.02287
-0.022869
-0.02287
-0.02287
-0.02287
-0.02287
-0.02287
-0.02287
-0.02287
-0.02287
-0.02287
-0.02287
-0.02287
-0.02287
-0.02287
-0.02287
-0.02287
-0.02287
-0.02287
-0.02287
-0.02287
-0.02287
-0.02287
-0.022868
-0.02287
-0.02287
-0.02287
-0.02287
-0.02287
-0.02287
-0.02287
-0.02287
-0.02287
-0.022866
-0.02287
-0.02287
-0.02287
-0.02287
-0.02287
-0.02287
-0.02287
-0.02287
-0.022868
-0.02287
-0.022863
-0.02287
-0.02287
-0.02287
-0.02287
-0.02287
-0.02287
-0.02287
-0.02287
-0.02287
-0.02286
-0.02287
-0.02287
-0.02287
-0.02287
-0.02287
-0.02287
-0.02287
-0.02287
-0.02287
-0.02287
-0.02287
-0.02287
-0.02287
-0.02287
-0.02287
-0.02287
-0.02287
-0.02287
-0.02287
-0.02287
-0.02287
-0.02287
-0.02287
-0.02287
-0.022866
-0.022855
-0.02287
-0.022864
-0.02287
-0.02287
-0.02287
-0.02287
-0.02287
-0.02287
-0.02287
-0.02287
-0.02287
-0.02287
-0.02287
