1,4.388e-153,5.98e-102,2.8727e-54,8.9108e-82,6.4723e-132,8.0312e-154,2.6285e-134,7.1751e-29,1.9736e-233,7.2e-186,7.2431e-62,2.7925e-79,2.8252e-177,1.292e-184,8.6876e-110,3.5394e-71,2.574e-87,5.5408e-171,4.2599e-129,3.6867e-61,2.0982e-112,1.4417e-136,8.7757e-135,1.5489e-33,3.1078e-86,3.0343e-28,3.465e-52,1.6973e-135,1.0109e-18,1.0387e-77,1.743e-15,3.0519e-79,2.7657e-13,1.4633e-53,5.807e-15,2.4417e-185,4.8227e-13,3.8416e-185,1.9509e-178,2.6937e-102,4.8282e-199,9.1325e-95,8.8387e-145,1.8437e-13,4.1852e-77,8.2173e-101,2.7378e-104,2.4886e-41,4.1267e-161,5.2884e-33
4.388e-153,1,2.3766e-52,3.6291e-206,9.6386e-73,9.556e-23,2.1663e-09,1.9102e-20,5.967e-126,1.8706e-81,3.8125e-34,9.8696e-214,7.7781e-75,8.3062e-27,6.9279e-33,1.6319e-44,4.12e-83,4.1553e-67,1.5363e-20,1.7931e-25,6.1655e-93,8.9085e-43,1.4375e-18,4.76e-20,1.5463e-121,5.7047e-70,7.7988e-126,9.5255e-103,1.4807e-24,1.3336e-135,1.6244e-76,9.3536e-140,3.4078e-75,4.4746e-144,4.4944e-101,1.0474e-142,1.0932e-33,4.3821e-142,1.4568e-33,1.5852e-28,1.8492e-254,1.3196e-47,6.9672e-247,7.4227e-13,4.27e-142,7.5773e-80,1.3871e-56,6.0039e-256,2.4724e-193,8.2942e-11,4.3081e-121
5.98e-102,2.3766e-52,1,4.9476e-155,1.5512e-22,3.2992e-31,2.0266e-53,1.0855e-33,6.1487e-75,1.5245e-132,5.4401e-85,1.1244e-162,3.4308e-24,9.4149e-77,1.1007e-83,3.3825e-11,1.7402e-32,1.4847e-17,2.671e-70,1.7465e-28,6.3655e-42,1.3768e-14,5.7147e-36,4.0658e-34,1.1053e-70,2.3319e-22,1.0857e-74,2.8311e-52,3.4269e-37,1.943e-84,1.2765e-25,1.0519e-88,1.4861e-24,5.264e-93,1.6504e-50,8.9032e-92,1.6234e-84,5.3466e-91,2.8269e-84,5.306e-78,2.8214e-203,2.9362e-98,1.1291e-195,2.9742e-44,4.8144e-91,4.8693e-32,1.0714e-17,6.9924e-205,3.908e-142,3.0801e-60,5.6115e-70
2.8727e-54,3.6291e-206,4.9476e-155,1,6.9097e-135,5.2389e-185,7.4391e-207,1.9865e-187,1.4269e-81,1.4826e-286,5.6495e-239,1.3675e-12,2.343e-132,2.2448e-230,1.0209e-237,7.0951e-163,3.5475e-124,2.4298e-140,4.4278e-224,3.4423e-182,3.055e-114,1.8225e-165,1.1829e-189,6.863e-188,5.4038e-86,4.9154e-139,3.0717e-81,6.027e-105,2.4919e-188,1.7316e-71,9.0688e-131,1.2949e-67,2.6583e-132,8.6215e-64,2.3691e-106,3.8472e-65,1.8548e-238,4.7393e-65,2.725e-238,1.6801e-231,1.7447e-49,3.9774e-252,4.3978e-42,7.4404e-198,2.7423e-65,1.5236e-129,1.7825e-153,1.882e-52,7.6582e-15,3.5353e-214,5.1247e-86
8.9108e-82,9.6386e-73,1.5512e-22,6.9097e-135,1,1.2185e-51,1.0294e-73,5.5769e-54,7.6654e-55,7.8901e-153,2.3886e-105,2.0399e-142,1.3812e-08,6.937e-97,4.1824e-104,4.8225e-30,1.8944e-14,1.9264e-11,1.5112e-90,6.9975e-49,2.1198e-22,9.935e-33,2.5681e-56,1.6606e-54,7.6206e-51,3.7249e-15,1.1423e-54,1.149e-32,2.0981e-56,2.027e-64,1.9106e-09,1.351e-68,5.306e-09,6.2069e-73,3.2799e-31,7.7676e-72,8.4422e-105,5.3965e-71,1.6105e-104,3.817e-98,4.9043e-183,1.4634e-118,1.7173e-175,1.7582e-64,5.9592e-71,1.4898e-18,1.5276e-25,1.1418e-184,5.441e-122,9.4362e-81,5.7963e-50
6.4723e-132,9.556e-23,3.2992e-31,5.2389e-185,1.2185e-51,1,2.0641e-24,1.6979e-06,7.8141e-105,1.419e-102,4.9141e-55,1.1071e-192,1.0692e-53,2.62e-47,1.1998e-53,7.3022e-24,4.8311e-62,3.0401e-46,1.4393e-40,1.2005e-05,9.881e-72,1.7516e-22,7.7732e-08,2.3406e-06,1.6399e-100,2.2628e-49,1.2145e-104,6.1023e-82,7.0641e-17,2.1696e-114,3.599e-55,1.2236e-118,6.522e-54,6.3332e-123,3.3014e-80,1.2055e-121,1.2629e-54,5.9744e-121,2.3879e-54,1.4396e-48,2.7709e-233,2.1528e-68,1.1561e-225,1.6669e-15,5.5483e-121,1.4849e-59,3.5504e-37,7.3286e-235,4.0903e-172,2.7833e-30,6.4873e-100
8.0312e-154,2.1663e-09,2.0266e-53,7.4391e-207,1.0294e-73,2.0641e-24,1,5.6421e-22,1.062e-126,4.7557e-81,4.2752e-34,2.3371e-214,1.0573e-75,2.0636e-26,5.0558e-33,2.2285e-45,6.7248e-84,6.3551e-68,4.4519e-21,7.0791e-27,9.3663e-94,9.7139e-44,4.1128e-20,1.6068e-21,3.2058e-122,6.1675e-71,1.3988e-126,2.1196e-103,3.7249e-25,2.3807e-136,1.7846e-77,1.86e-140,3.6084e-76,8.2063e-145,1.0149e-101,2.2286e-143,9.9593e-34,8.6197e-143,1.1543e-33,9.4837e-29,3.9992e-255,2.0365e-47,1.4086e-247,7.2261e-15,8.9267e-143,1.4887e-80,2.2299e-57,1.3809e-256,4.784e-194,1.3796e-12,7.5323e-122
2.6285e-134,1.9102e-20,1.0855e-33,1.9865e-187,5.5769e-54,1.6979e-06,5.6421e-22,1,3.6329e-107,4.4514e-100,1.2977e-52,5.5001e-195,4.2995e-56,1.402e-44,2.3562e-51,5.6375e-26,2.1325e-64,1.8558e-48,3.2043e-38,3.2241e-08,3.7434e-74,1.4625e-24,4.116e-07,4.1766e-06,7.8085e-103,1.3756e-51,4.7098e-107,4.4451e-84,4.1025e-16,7.8882e-117,9.6953e-58,5.4601e-121,2.0253e-56,2.6327e-125,1.9353e-82,5.1589e-124,4.2136e-52,2.3344e-123,7.5769e-52,4.5534e-46,1.0852e-235,5.304e-66,4.1082e-228,1.1414e-13,2.4554e-123,1.3009e-61,4.7713e-39,3.2742e-237,1.4554e-174,2.9289e-28,2.5869e-102
7.1751e-29,5.967e-126,6.1487e-75,1.4269e-81,7.6654e-55,7.8141e-105,1.062e-126,3.6329e-107,1,3.1809e-206,1.1031e-158,5.1895e-89,2.4511e-52,4.4426e-150,1.816e-157,1.099e-82,2.451e-44,2.4339e-60,8.0801e-144,5.1249e-102,2.0497e-34,2.4569e-85,1.8347e-109,1.1618e-107,4.4049e-11,1.4703e-59,4.6375e-07,6.0156e-26,1.4733e-108,1.0093e-12,6.8104e-51,1.3303e-16,2.3098e-52,2.9662e-21,2.5267e-27,1.0985e-20,3.7708e-158,1.0046e-18,6.1238e-158,2.8071e-151,1.2784e-129,6.935e-172,4.2208e-122,1.154e-117,1.2723e-18,8.1838e-51,4.2869e-74,2.2505e-131,1.062e-68,5.0583e-134,1.1064e-08
1.9736e-233,1.8706e-81,1.5245e-132,1.4826e-286,7.8901e-153,1.419e-102,4.7557e-81,4.4514e-100,3.1809e-206,1,1.0478e-48,5.0582e-294,3.9747e-155,1.3576e-57,4.2733e-50,1.4585e-124,2.2848e-163,2.9735e-147,7.1528e-64,2.4144e-105,3.0156e-173,2.5193e-122,5.9059e-98,1.1957e-99,8.7473e-202,1.4612e-149,3.3539e-206,7.6293e-183,1.313e-100,5.3963e-216,8.0218e-157,4.6177e-220,2.0955e-155,2.3633e-224,2.737e-181,5.4302e-223,2.952e-49,1.7918e-222,2.383e-49,3.4623e-57,0,1.0759e-36,0,5.2971e-90,2.0887e-222,2.251e-159,1.715e-135,0,9.6838e-274,1.4633e-73,1.9048e-201
7.2e-186,3.8125e-34,5.4401e-85,5.6495e-239,2.3886e-105,4.9141e-55,4.2752e-34,1.2977e-52,1.1031e-158,1.0478e-48,1,1.6616e-246,1.4297e-107,7.4078e-13,1.9838e-06,4.9603e-77,8.246e-116,9.1597e-100,1.7738e-17,9.0172e-58,1.1296e-125,6.9247e-75,1.8501e-50,4.3087e-52,3.0578e-154,2.8237e-102,1.312e-158,2.1714e-135,5.1874e-54,2.1359e-168,3.0712e-109,1.5979e-172,7.2018e-108,8.0667e-177,8.7311e-134,1.8147e-175,2.88e-07,6.9082e-175,1.1338e-06,1.2846e-14,2.9017e-287,9.7554e-17,1.0752e-279,8.5848e-43,7.6541e-175,3.6931e-112,1.8644e-88,1.0955e-288,3.85e-226,2.7276e-26,7.2634e-154
7.2431e-62,9.8696e-214,1.1244e-162,1.3675e-12,2.0399e-142,1.1071e-192,2.3371e-214,5.5001e-195,5.1895e-89,5.0582e-294,1.6616e-246,1,5.9205e-140,9.8538e-238,2.4611e-245,2.3355e-170,9.8956e-132,8.1511e-148,1.2949e-231,7.8621e-190,7.1697e-122,5.7491e-173,2.897e-197,1.7317e-195,2.1813e-93,1.6982e-146,6.915e-89,4.4487e-112,9.0635e-196,2.9015e-79,1.5425e-138,4.6522e-75,5.1145e-140,2.5239e-71,1.193e-113,1.3726e-72,5.8487e-246,1.0308e-72,8.4845e-246,5.9186e-239,2.3229e-42,1.1054e-259,9.0484e-36,1.8254e-205,1.0155e-72,8.8538e-137,7.5864e-161,8.0957e-45,2.7098e-23,7.8241e-222,1.2637e-93
2.7925e-79,7.7781e-75,3.4308e-24,2.343e-132,1.3812e-08,1.0692e-53,1.0573e-75,4.2995e-56,2.4511e-52,3.9747e-155,1.4297e-107,5.9205e-140,1,3.6393e-99,2.737e-106,7.7826e-32,3.0085e-11,1.2848e-11,8.5501e-93,6.9761e-51,1.4377e-19,7.8109e-35,2.2005e-58,1.4532e-56,4.2868e-48,7.1123e-16,5.1517e-52,5.6874e-30,2.4228e-58,8.9722e-62,1.4963e-06,4.8444e-66,1.0103e-07,1.8558e-70,3.4302e-28,3.4211e-69,4.7246e-107,2.495e-68,7.4509e-107,2.1687e-100,1.3706e-180,7.9839e-121,5.1389e-173,1.1709e-66,2.2738e-68,5.7745e-17,9.2796e-27,3.0601e-182,1.8049e-119,7.8312e-83,2.6344e-47
2.8252e-177,8.3062e-27,9.4149e-77,2.2448e-230,6.937e-97,2.62e-47,2.0636e-26,1.402e-44,4.4426e-150,1.3576e-57,7.4078e-13,9.8538e-238,3.6393e-99,1,6.6847e-14,1.5642e-68,2.4753e-107,3.5277e-91,6.6946e-13,7.7713e-50,3.2908e-117,1.6295e-66,1.4832e-42,3.8216e-44,1.3394e-145,8.789e-94,4.6227e-150,1.3093e-126,5.5889e-46,7.0027e-160,5.2658e-101,7.0283e-164,1.4262e-99,3.1807e-168,4.4541e-125,7.5654e-167,5.6151e-13,2.5758e-166,1.333e-12,2.0267e-13,1.2597e-278,1.1221e-25,3.9703e-271,2.6407e-35,3.355e-166,1.7681e-103,5.4255e-80,5.8118e-280,1.3582e-217,2.3736e-20,2.6055e-145
1.292e-184,6.9279e-33,1.1007e-83,1.0209e-237,4.1824e-104,1.1998e-53,5.0558e-33,2.3562e-51,1.816e-157,4.2733e-50,1.9838e-06,2.4611e-245,2.737e-106,6.6847e-14,1,6.8067e-76,1.3991e-114,1.2981e-98,1.5e-16,1.9336e-56,2.0842e-124,1.0327e-73,3.7964e-49,8.3876e-51,4.5273e-153,3.9525e-101,2.3523e-157,2.6699e-134,4.6675e-53,4.0616e-167,7.1739e-108,2.6498e-171,1.5817e-106,1.4406e-175,1.1707e-132,3.0992e-174,2.0779e-07,1.2204e-173,5.1629e-07,1.0365e-14,5.1902e-286,1.3258e-17,2.0938e-278,1.9834e-41,1.2475e-173,4.3529e-111,2.1888e-87,1.7214e-287,7.4494e-225,9.5774e-25,1.2963e-152
8.6876e-110,1.6319e-44,3.3825e-11,7.0951e-163,4.8225e-30,7.3022e-24,2.2285e-45,5.6375e-26,1.099e-82,1.4585e-124,4.9603e-77,2.3355e-170,7.7826e-32,1.5642e-68,6.8067e-76,1,5.4191e-40,2.8971e-24,2.0815e-62,5.7493e-21,9.372e-50,1.4892e-09,2.649e-28,1.9679e-26,2.9561e-78,8.9362e-29,1.5677e-82,1.982e-59,1.1996e-29,2.4588e-92,9.1032e-34,1.9619e-96,1.351e-32,7.2726e-101,8.7576e-58,1.7367e-99,1.4114e-76,8.4994e-99,2.2013e-76,4.6232e-70,3.8195e-211,1.9799e-90,1.3013e-203,1.1004e-36,9.2747e-99,4.7092e-38,3.845e-19,1.1929e-212,4.6381e-150,1.5997e-52,8.3815e-78
3.5394e-71,4.12e-83,1.7402e-32,3.5475e-124,1.8944e-14,4.8311e-62,6.7248e-84,2.1325e-64,2.451e-44,2.2848e-163,8.246e-116,9.8956e-132,3.0085e-11,2.4753e-107,1.3991e-114,5.4191e-40,1,1.1043e-18,4.7429e-101,3.3092e-59,1.7821e-12,5.5928e-43,1.1692e-66,7.2746e-65,4.5591e-40,8.1186e-21,5.6072e-44,3.214e-22,2.7098e-66,1.004e-53,1.1218e-10,6.1712e-58,1.7016e-12,2.0053e-62,2.4735e-20,4.4723e-61,2.6075e-115,3.2504e-60,3.9092e-115,1.3564e-108,2.0524e-172,4.4862e-129,7.1818e-165,5.812e-75,3.2522e-60,4.2397e-17,1.2475e-33,4.6023e-174,2.4162e-111,4.0187e-91,2.6871e-39
2.574e-87,4.1553e-67,1.4847e-17,2.4298e-140,1.9264e-11,3.0401e-46,6.3551e-68,1.8558e-48,2.4339e-60,2.9735e-147,9.1597e-100,8.1511e-148,1.2848e-11,3.5277e-91,1.2981e-98,2.8971e-24,1.1043e-18,1,4.6527e-85,2.0031e-43,7.8723e-28,8.9747e-28,8.3917e-51,4.9392e-49,5.3972e-56,1.4789e-14,3.8666e-60,2.1085e-37,9.2754e-51,6.6152e-70,9.2595e-14,5.664e-74,2.6824e-13,1.8056e-78,1.1417e-35,3.9277e-77,3.0193e-99,2.378e-76,4.6245e-99,1.4833e-92,1.411e-188,4.8092e-113,4.6622e-181,4.3936e-59,2.2734e-76,2.6895e-20,5.0682e-21,4.1053e-190,1.5465e-127,3.6693e-75,1.9392e-55
5.5408e-171,1.5363e-20,2.671e-70,4.4278e-224,1.5112e-90,1.4393e-40,4.4519e-21,3.2043e-38,8.0801e-144,7.1528e-64,1.7738e-17,1.2949e-231,8.5501e-93,6.6946e-13,1.5e-16,2.0815e-62,4.7429e-101,4.6527e-85,1,2.8935e-43,7.4876e-111,2.6818e-60,4.804e-36,1.2293e-37,1.9907e-139,1.0659e-87,9.6531e-144,1.3029e-120,1.839e-40,1.6027e-153,1.9637e-94,1.1363e-157,4.5594e-93,5.8272e-162,5.1775e-119,1.2587e-160,1.1972e-17,5.0317e-160,4.3592e-17,1.3207e-15,2.4262e-272,8.4995e-31,8.9292e-265,8.6955e-29,5.7562e-160,1.4795e-97,5.0293e-74,8.4833e-274,3.1178e-211,9.6711e-14,5.252e-139
4.2599e-129,1.7931e-25,1.7465e-28,3.4423e-182,6.9975e-49,1.2005e-05,7.0791e-27,3.2241e-08,5.1249e-102,2.4144e-105,9.0172e-58,7.8621e-190,6.9761e-51,7.7713e-50,1.9336e-56,5.7493e-21,3.3092e-59,2.0031e-43,2.8935e-43,1,6.4554e-69,9.3236e-20,6.9116e-10,6.6364e-08,1.198e-97,1.156e-46,8.0833e-102,4.9059e-79,2.2985e-17,1.398e-111,1.9823e-52,8.2407e-116,3.596e-51,4.0104e-120,2.5476e-77,8.2651e-119,2.1024e-57,4.0706e-118,3.8126e-57,3.2476e-51,1.8152e-230,3.7672e-71,7.3211e-223,4.5563e-18,3.9232e-118,9.0079e-57,1.3802e-34,4.9306e-232,2.6064e-169,4.4821e-33,4.3113e-97
3.6867e-61,6.1655e-93,6.3655e-42,3.055e-114,2.1198e-22,9.881e-72,9.3663e-94,3.7434e-74,2.0497e-34,3.0156e-173,1.1296e-125,7.1697e-122,1.4377e-19,3.2908e-117,2.0842e-124,9.372e-50,1.7821e-12,7.8723e-28,7.4876e-111,6.4554e-69,1,1.5608e-52,2.0445e-76,1.3042e-74,1.8509e-30,1.8464e-28,6.5258e-34,2.6482e-14,5.1376e-76,1.1642e-43,5.0199e-18,5.2913e-48,8.8132e-20,1.758e-52,1.5335e-12,2.5635e-51,3.637e-125,2.8407e-50,5.8958e-125,2.1191e-118,1.8733e-162,6.8738e-139,7.0944e-155,1.1141e-84,2.542e-50,2.8058e-22,1.3588e-42,3.5719e-164,2.5005e-101,6.3126e-101,2.9325e-29
2.0982e-112,8.9085e-43,1.3768e-14,1.8225e-165,9.935e-33,1.7516e-22,9.7139e-44,1.4625e-24,2.4569e-85,2.5193e-122,6.9247e-75,5.7491e-173,7.8109e-35,1.6295e-66,1.0327e-73,1.4892e-09,5.5928e-43,8.9747e-28,2.6818e-60,9.3236e-20,1.5608e-52,1,8.995e-27,6.4198e-25,5.2059e-81,1.8902e-31,3.2744e-85,2.5168e-62,6.1088e-29,5.3593e-95,1.3836e-36,3.9792e-99,2.3006e-35,1.9888e-103,8.9015e-61,3.3123e-102,1.843e-74,1.6792e-101,3.598e-74,4.6584e-68,1.1302e-213,3.0584e-88,4.0033e-206,7.2045e-35,2.0041e-101,3.0137e-41,4.578e-22,3.6366e-215,1.2672e-152,1.3469e-50,1.7606e-80
1.4417e-136,1.4375e-18,5.7147e-36,1.1829e-189,2.5681e-56,7.7732e-08,4.1128e-20,4.116e-07,1.8347e-109,5.9059e-98,1.8501e-50,2.897e-197,2.2005e-58,1.4832e-42,3.7964e-49,2.649e-28,1.1692e-66,8.3917e-51,4.804e-36,6.9116e-10,2.0445e-76,8.995e-27,1,2.5255e-06,4.4412e-105,5.9266e-54,2.6864e-109,2.0099e-86,2.269e-16,4.6095e-119,5.6704e-60,2.8792e-123,1.1278e-58,1.374e-127,9.8265e-85,3.0073e-126,4.597e-50,1.38e-125,7.8549e-50,4.1246e-44,6.2663e-238,7.3497e-64,2.4713e-230,2.3899e-12,1.3924e-125,6.8067e-64,2.7534e-41,1.84e-239,8.7425e-177,5.1181e-26,1.4416e-104
8.7757e-135,4.76e-20,4.0658e-34,6.863e-188,1.6606e-54,2.3406e-06,1.6068e-21,4.1766e-06,1.1618e-107,1.1957e-99,4.3087e-52,1.7317e-195,1.4532e-56,3.8216e-44,8.3876e-51,1.9679e-26,7.2746e-65,4.9392e-49,1.2293e-37,6.6364e-08,1.3042e-74,6.4198e-25,2.5255e-06,1,2.7646e-103,3.879e-52,1.6542e-107,1.2808e-84,2.3787e-16,2.7981e-117,3.6875e-58,1.752e-121,6.9198e-57,8.5583e-126,6.2832e-83,1.7521e-124,9.8276e-52,8.2662e-124,1.7757e-51,1.0265e-45,3.7185e-236,1.5333e-65,1.4576e-228,2.0836e-13,8.5283e-124,3.3748e-62,1.4891e-39,1.0607e-237,5.1797e-175,1.4661e-27,8.9459e-103
1.5489e-33,1.5463e-121,1.1053e-70,5.4038e-86,7.6206e-51,1.6399e-100,3.2058e-122,7.8085e-103,4.4049e-11,8.7473e-202,3.0578e-154,2.1813e-93,4.2868e-48,1.3394e-145,4.5273e-153,2.9561e-78,4.5591e-40,5.3972e-56,1.9907e-139,1.198e-97,1.8509e-30,5.2059e-81,4.4412e-105,2.7646e-103,1,1.414e-55,2.3315e-09,1.9408e-21,4.3398e-104,4.4401e-17,7.3098e-47,9.5163e-21,1.8766e-48,8.9914e-26,1.7362e-22,3.5656e-24,9.4157e-154,8.3591e-23,1.3568e-153,6.8135e-147,4.0196e-134,1.75e-167,1.133e-126,2.3932e-113,7.347e-23,1.4313e-46,8.4807e-70,8.5021e-136,2.8332e-73,1.3787e-129,2.5466e-08
3.1078e-86,5.7047e-70,2.3319e-22,4.9154e-139,3.7249e-15,2.2628e-49,6.1675e-71,1.3756e-51,1.4703e-59,1.4612e-149,2.8237e-102,1.6982e-146,7.1123e-16,8.789e-94,3.9525e-101,8.9362e-29,8.1186e-21,1.4789e-14,1.0659e-87,1.156e-46,1.8464e-28,1.8902e-31,5.9266e-54,3.879e-52,1.414e-55,1,1.7647e-59,7.2923e-38,5.0145e-54,4.3206e-69,7.5955e-17,3.6641e-73,3.398e-16,2.2211e-77,1.8546e-36,3.1142e-76,9.3974e-102,1.8616e-75,1.9044e-101,4.8586e-95,4.498e-187,1.9541e-115,1.4752e-179,5.9947e-62,1.6644e-75,1.5931e-22,1.6296e-25,1.1557e-188,3.0858e-126,5.8664e-78,7.4234e-55
3.0343e-28,7.7988e-126,1.0857e-74,3.0717e-81,1.1423e-54,1.2145e-104,1.3988e-126,4.7098e-107,4.6375e-07,3.3539e-206,1.312e-158,6.915e-89,5.1517e-52,4.6227e-150,2.3523e-157,1.5677e-82,5.6072e-44,3.8666e-60,9.6531e-144,8.0833e-102,6.5258e-34,3.2744e-85,2.6864e-109,1.6542e-107,2.3315e-09,1.7647e-59,1,1.0555e-25,1.9302e-108,1.2918e-10,1.8935e-50,1.4927e-15,4.6504e-52,1.968e-20,9.0141e-27,1.4007e-19,4.1568e-158,2.0033e-17,6.4955e-158,3.0352e-151,1.9879e-129,8.0994e-172,7.3428e-122,1.5318e-117,1.1357e-17,1.0177e-50,5.1263e-74,2.8095e-131,2.7308e-68,7.6957e-134,6.3122e-06
3.465e-52,9.5255e-103,2.8311e-52,6.027e-105,1.149e-32,6.1023e-82,2.1196e-103,4.4451e-84,6.0156e-26,7.6293e-183,2.1714e-135,4.4487e-112,5.6874e-30,1.3093e-126,2.6699e-134,1.982e-59,3.214e-22,2.1085e-37,1.3029e-120,4.9059e-79,2.6482e-14,2.5168e-62,2.0099e-86,1.2808e-84,1.9408e-21,7.2923e-38,1.0555e-25,1,2.6026e-85,2.6117e-35,1.6799e-29,6.8619e-39,5.3897e-31,1.0091e-43,6.4307e-07,3.6816e-42,7.5617e-135,2.4292e-41,1.0611e-134,5.2905e-128,4.4466e-153,1.1484e-148,1.0327e-145,1.1497e-94,3.964e-41,8.906e-29,2.6111e-51,1.4604e-154,2.6113e-92,6.619e-111,2.8774e-21
1.6973e-135,1.4807e-24,3.4269e-37,2.4919e-188,2.0981e-56,7.0641e-17,3.7249e-25,4.1025e-16,1.4733e-108,1.313e-100,5.1874e-54,9.0635e-196,2.4228e-58,5.5889e-46,4.6675e-53,1.1996e-29,2.7098e-66,9.2754e-51,1.839e-40,2.2985e-17,5.1376e-76,6.1088e-29,2.269e-16,2.3787e-16,4.3398e-104,5.0145e-54,1.9302e-108,2.6026e-85,1,3.6949e-118,3.3672e-60,3.5111e-122,6.3777e-59,1.4164e-126,1.1429e-83,4.4067e-125,1.2186e-53,1.6795e-124,1.7067e-53,8.3036e-48,1.5223e-236,3.7324e-67,4.7979e-229,3.2483e-20,1.628e-124,5.0978e-63,3.5573e-41,5.1811e-238,1.2618e-175,2.0554e-31,9.7017e-104
1.0109e-18,1.3336e-135,1.943e-84,1.7316e-71,2.027e-64,2.1696e-114,2.3807e-136,7.8882e-117,1.0093e-12,5.3963e-216,2.1359e-168,2.9015e-79,8.9722e-62,7.0027e-160,4.0616e-167,2.4588e-92,1.004e-53,6.6152e-70,1.6027e-153,1.398e-111,1.1642e-43,5.3593e-95,4.6095e-119,2.7981e-117,4.4401e-17,4.3206e-69,1.2918e-10,2.6117e-35,3.6949e-118,1,3.8586e-60,7.0715e-08,9.4904e-62,2.259e-12,2.0267e-36,4.1234e-12,6.8223e-168,2.5942e-08,1.0522e-167,5.0081e-161,1.149e-119,1.3845e-181,4.5513e-112,2.6901e-127,2.3746e-09,3.419e-60,1.1802e-83,1.2588e-121,1.7325e-58,1.3801e-143,1.6628e-15
1.0387e-77,1.6244e-76,1.2765e-25,9.0688e-131,1.9106e-09,3.599e-55,1.7846e-77,9.6953e-58,6.8104e-51,8.0218e-157,3.0712e-109,1.5425e-138,1.4963e-06,5.2658e-101,7.1739e-108,9.1032e-34,1.1218e-10,9.2595e-14,1.9637e-94,1.9823e-52,5.0199e-18,1.3836e-36,5.6704e-60,3.6875e-58,7.3098e-47,7.5955e-17,1.8935e-50,1.6799e-29,3.3672e-60,3.8586e-60,1,1.4149e-64,3.701e-06,6.9664e-69,1.5181e-27,8.8757e-68,9.5583e-109,8.3025e-67,1.634e-108,4.2052e-102,5.4234e-179,1.9044e-122,2.4047e-171,3.0698e-68,6.5055e-67,3.1483e-18,6.9007e-29,9.8816e-181,8.2362e-118,2.1778e-84,9.2733e-46
1.743e-15,9.3536e-140,1.0519e-88,1.2949e-67,1.351e-68,1.2236e-118,1.86e-140,5.4601e-121,1.3303e-16,4.6177e-220,1.5979e-172,4.6522e-75,4.8444e-66,7.0283e-164,2.6498e-171,1.9619e-96,6.1712e-58,5.664e-74,1.1363e-157,8.2407e-116,5.2913e-48,3.9792e-99,2.8792e-123,1.752e-121,9.5163e-21,3.6641e-73,1.4927e-15,6.8619e-39,3.5111e-122,7.0715e-08,1.4149e-64,1,4.2717e-66,8.0876e-11,3.2578e-40,9.8206e-11,5.4035e-172,2.551e-07,8.2313e-172,4.0703e-165,1.0613e-115,1.0109e-185,3.1957e-108,1.7561e-131,7.7731e-08,5.8393e-64,1.3492e-87,1.7085e-117,8.3094e-55,8.5214e-148,4.034e-20
3.0519e-79,3.4078e-75,1.4861e-24,2.6583e-132,5.306e-09,6.522e-54,3.6084e-76,2.0253e-56,2.3098e-52,2.0955e-155,7.2018e-108,5.1145e-140,1.0103e-07,1.4262e-99,1.5817e-106,1.351e-32,1.7016e-12,2.6824e-13,4.5594e-93,3.596e-51,8.8132e-20,2.3006e-35,1.1278e-58,6.9198e-57,1.8766e-48,3.398e-16,4.6504e-52,5.3897e-31,6.3777e-59,9.4904e-62,3.701e-06,4.2717e-66,1,2.306e-70,2.988e-29,2.3731e-69,2.2945e-107,2.0736e-68,4.3073e-107,8.4866e-101,1.7271e-180,4.7656e-121,7.4153e-173,6.2476e-67,1.8184e-68,1.37e-18,5.7144e-28,3.7981e-182,2.3988e-119,4.2124e-83,2.3188e-47
2.7657e-13,4.4746e-144,5.264e-93,8.6215e-64,6.2069e-73,6.3332e-123,8.2063e-145,2.6327e-125,2.9662e-21,2.3633e-224,8.0667e-177,2.5239e-71,1.8558e-70,3.1807e-168,1.4406e-175,7.2726e-101,2.0053e-62,1.8056e-78,5.8272e-162,4.0104e-120,1.758e-52,1.9888e-103,1.374e-127,8.5583e-126,8.9914e-26,2.2211e-77,1.968e-20,1.0091e-43,1.4164e-126,2.259e-12,6.9664e-69,8.0876e-11,2.306e-70,1,4.0691e-45,1.845e-12,2.7662e-176,6.7163e-10,4.5621e-176,1.69e-169,1.1951e-111,5.3295e-190,4.0652e-104,9.0222e-136,2.5208e-10,1.153e-68,4.4766e-92,1.3924e-113,6.3135e-51,4.2673e-152,6.5835e-25
1.4633e-53,4.4944e-101,1.6504e-50,2.3691e-106,3.2799e-31,3.3014e-80,1.0149e-101,1.9353e-82,2.5267e-27,2.737e-181,8.7311e-134,1.193e-113,3.4302e-28,4.4541e-125,1.1707e-132,8.7576e-58,2.4735e-20,1.1417e-35,5.1775e-119,2.5476e-77,1.5335e-12,8.9015e-61,9.8265e-85,6.2832e-83,1.7362e-22,1.8546e-36,9.0141e-27,6.4307e-07,1.1429e-83,2.0267e-36,1.5181e-27,3.2578e-40,2.988e-29,4.0691e-45,1,1.8941e-43,2.8295e-133,1.6007e-42,3.6975e-133,1.8068e-126,1.4495e-154,4.4493e-147,3.8181e-147,5.0465e-93,1.7447e-42,1.2725e-27,8.4004e-50,3.9279e-156,1.114e-93,3.5456e-109,2.8066e-22
5.807e-15,1.0474e-142,8.9032e-92,3.8472e-65,7.7676e-72,1.2055e-121,2.2286e-143,5.1589e-124,1.0985e-20,5.4302e-223,1.8147e-175,1.3726e-72,3.4211e-69,7.5654e-167,3.0992e-174,1.7367e-99,4.4723e-61,3.9277e-77,1.2587e-160,8.2651e-119,2.5635e-51,3.3123e-102,3.0073e-126,1.7521e-124,3.5656e-24,3.1142e-76,1.4007e-19,3.6816e-42,4.4067e-125,4.1234e-12,8.8757e-68,9.8206e-11,2.3731e-69,1.845e-12,1.8941e-43,1,5.9152e-175,2.8855e-09,8.6278e-175,4.2857e-168,4.1637e-113,1.2272e-188,1.1924e-105,1.705e-134,2.1605e-10,5.7442e-67,1.3835e-90,5.6288e-115,1.735e-52,9.4347e-151,5.5184e-24
2.4417e-185,1.0932e-33,1.6234e-84,1.8548e-238,8.4422e-105,1.2629e-54,9.9593e-34,4.2136e-52,3.7708e-158,2.952e-49,2.88e-07,5.8487e-246,4.7246e-107,5.6151e-13,2.0779e-07,1.4114e-76,2.6075e-115,3.0193e-99,1.1972e-17,2.1024e-57,3.637e-125,1.843e-74,4.597e-50,9.8276e-52,9.4157e-154,9.3974e-102,4.1568e-158,7.5617e-135,1.2186e-53,6.8223e-168,9.5583e-109,5.4035e-172,2.2945e-107,2.7662e-176,2.8295e-133,5.9152e-175,1,2.1963e-174,3.2896e-06,2.6971e-14,9.7109e-287,1.6605e-17,3.5232e-279,2.4634e-42,2.4578e-174,1.3775e-111,6.461e-88,3.7193e-288,1.2411e-225,3.2496e-26,2.3719e-153
4.8227e-13,4.3821e-142,5.3466e-91,4.7393e-65,5.3965e-71,5.9744e-121,8.6197e-143,2.3344e-123,1.0046e-18,1.7918e-222,6.9082e-175,1.0308e-72,2.495e-68,2.5758e-166,1.2204e-173,8.4994e-99,3.2504e-60,2.378e-76,5.0317e-160,4.0706e-118,2.8407e-50,1.6792e-101,1.38e-125,8.2662e-124,8.3591e-23,1.8616e-75,2.0033e-17,2.4292e-41,1.6795e-124,2.5942e-08,8.3025e-67,2.551e-07,2.0736e-68,6.7163e-10,1.6007e-42,2.8855e-09,2.1963e-174,1,3.2049e-174,1.662e-167,3.0706e-113,4.4392e-188,1.0317e-105,7.9158e-134,1.2216e-06,2.7324e-66,6.2531e-90,3.4316e-115,3.3058e-52,4.1695e-150,3.4188e-22
3.8416e-185,1.4568e-33,2.8269e-84,2.725e-238,1.6105e-104,2.3879e-54,1.1543e-33,7.5769e-52,6.1238e-158,2.383e-49,1.1338e-06,8.4845e-246,7.4509e-107,1.333e-12,5.1629e-07,2.2013e-76,3.9092e-115,4.6245e-99,4.3592e-17,3.8126e-57,5.8958e-125,3.598e-74,7.8549e-50,1.7757e-51,1.3568e-153,1.9044e-101,6.4955e-158,1.0611e-134,1.7067e-53,1.0522e-167,1.634e-108,8.2313e-172,4.3073e-107,4.5621e-176,3.6975e-133,8.6278e-175,3.2896e-06,3.2049e-174,1,4.6244e-14,1.4939e-286,2.4873e-17,5.491e-279,5.1926e-42,3.6369e-174,1.8637e-111,9.5444e-88,5.7729e-288,1.9151e-225,5.8742e-26,3.6892e-153
1.9509e-178,1.5852e-28,5.306e-78,1.6801e-231,3.817e-98,1.4396e-48,9.4837e-29,4.5534e-46,2.8071e-151,3.4623e-57,1.2846e-14,5.9186e-239,2.1687e-100,2.0267e-13,1.0365e-14,4.6232e-70,1.3564e-108,1.4833e-92,1.3207e-15,3.2476e-51,2.1191e-118,4.6584e-68,4.1246e-44,1.0265e-45,6.8135e-147,4.8586e-95,3.0352e-151,5.2905e-128,8.3036e-48,5.0081e-161,4.2052e-102,4.0703e-165,8.4866e-101,1.69e-169,1.8068e-126,4.2857e-168,2.6971e-14,1.662e-167,4.6244e-14,1,9.8198e-280,1.0018e-25,3.4915e-272,8.9793e-37,1.9558e-167,6.6751e-105,1.1654e-81,3.8293e-281,1.1053e-218,5.513e-22,1.6634e-146
2.6937e-102,1.8492e-254,2.8214e-203,1.7447e-49,4.9043e-183,2.7709e-233,3.9992e-255,1.0852e-235,1.2784e-129,0,2.9017e-287,2.3229e-42,1.3706e-180,1.2597e-278,5.1902e-286,3.8195e-211,2.0524e-172,1.411e-188,2.4262e-272,1.8152e-230,1.8733e-162,1.1302e-213,6.2663e-238,3.7185e-236,4.0196e-134,4.498e-187,1.9879e-129,4.4466e-153,1.5223e-236,1.149e-119,5.4234e-179,1.0613e-115,1.7271e-180,1.1951e-111,1.4495e-154,4.1637e-113,9.7109e-287,3.0706e-113,1.4939e-286,9.8198e-280,1,2.1121e-300,6.0671e-10,4.1508e-246,2.3352e-113,1.448e-177,1.4248e-201,1.8886e-15,5.2131e-62,1.7679e-262,3.3807e-134
4.8282e-199,1.3196e-47,2.9362e-98,3.9774e-252,1.4634e-118,2.1528e-68,2.0365e-47,5.304e-66,6.935e-172,1.0759e-36,9.7554e-17,1.1054e-259,7.9839e-121,1.1221e-25,1.3258e-17,1.9799e-90,4.4862e-129,4.8092e-113,8.4995e-31,3.7672e-71,6.8738e-139,3.0584e-88,7.3497e-64,1.5333e-65,1.75e-167,1.9541e-115,8.0994e-172,1.1484e-148,3.7324e-67,1.3845e-181,1.9044e-122,1.0109e-185,4.7656e-121,5.3295e-190,4.4493e-147,1.2272e-188,1.6605e-17,4.4392e-188,2.4873e-17,1.0018e-25,2.1121e-300,1,8.0415e-293,4.5782e-56,4.6439e-188,2.3779e-125,1.0512e-101,7.7007e-302,2.7333e-239,9.1501e-40,4.505e-167
9.1325e-95,6.9672e-247,1.1291e-195,4.3978e-42,1.7173e-175,1.1561e-225,1.4086e-247,4.1082e-228,4.2208e-122,0,1.0752e-279,9.0484e-36,5.1389e-173,3.9703e-271,2.0938e-278,1.3013e-203,7.1818e-165,4.6622e-181,8.9292e-265,7.3211e-223,7.0944e-155,4.0033e-206,2.4713e-230,1.4576e-228,1.133e-126,1.4752e-179,7.3428e-122,1.0327e-145,4.7979e-229,4.5513e-112,2.4047e-171,3.1957e-108,7.4153e-173,4.0652e-104,3.8181e-147,1.1924e-105,3.5232e-279,1.0317e-105,5.491e-279,3.4915e-272,6.0671e-10,8.0415e-293,1,1.6461e-238,6.9622e-106,3.5902e-170,4.0682e-194,6.6067e-19,2.3994e-54,7.2043e-255,1.2296e-126
8.8387e-145,7.4227e-13,2.9742e-44,7.4404e-198,1.7582e-64,1.6669e-15,7.2261e-15,1.1414e-13,1.154e-117,5.2971e-90,8.5848e-43,1.8254e-205,1.1709e-66,2.6407e-35,1.9834e-41,1.1004e-36,5.812e-75,4.3936e-59,8.6955e-29,4.5563e-18,1.1141e-84,7.2045e-35,2.3899e-12,2.0836e-13,2.3932e-113,5.9947e-62,1.5318e-117,1.1497e-94,3.2483e-20,2.6901e-127,3.0698e-68,1.7561e-131,6.2476e-67,9.0222e-136,5.0465e-93,1.705e-134,2.4634e-42,7.9158e-134,5.1926e-42,8.9793e-37,4.1508e-246,4.5782e-56,1.6461e-238,1,7.9055e-134,5.2848e-72,4.965e-49,1.2575e-247,5.5267e-185,3.8446e-19,8.0905e-113
1.8437e-13,4.27e-142,4.8144e-91,2.7423e-65,5.9592e-71,5.5483e-121,8.9267e-143,2.4554e-123,1.2723e-18,2.0887e-222,7.6541e-175,1.0155e-72,2.2738e-68,3.355e-166,1.2475e-173,9.2747e-99,3.2522e-60,2.2734e-76,5.7562e-160,3.9232e-118,2.542e-50,2.0041e-101,1.3924e-125,8.5283e-124,7.347e-23,1.6644e-75,1.1357e-17,3.964e-41,1.628e-124,2.3746e-09,6.5055e-67,7.7731e-08,1.8184e-68,2.5208e-10,1.7447e-42,2.1605e-10,2.4578e-174,1.2216e-06,3.6369e-174,1.9558e-167,2.3352e-113,4.6439e-188,6.9622e-106,7.9055e-134,1,3.0333e-66,6.7662e-90,3.0572e-115,1.8008e-52,3.8152e-150,2.2608e-22
4.1852e-77,7.5773e-80,4.8693e-32,1.5236e-129,1.4898e-18,1.4849e-59,1.4887e-80,1.3009e-61,8.1838e-51,2.251e-159,3.6931e-112,8.8538e-137,5.7745e-17,1.7681e-103,4.3529e-111,4.7092e-38,4.2397e-17,2.6895e-20,1.4795e-97,9.0079e-57,2.8058e-22,3.0137e-41,6.8067e-64,3.3748e-62,1.4313e-46,1.5931e-22,1.0177e-50,8.906e-29,5.0978e-63,3.419e-60,3.1483e-18,5.8393e-64,1.37e-18,1.153e-68,1.2725e-27,5.7442e-67,1.3775e-111,2.7324e-66,1.8637e-111,6.6751e-105,1.448e-177,2.3779e-125,3.5902e-170,5.2848e-72,3.0333e-66,1,3.8771e-32,4.3544e-179,6.131e-117,6.2274e-88,3.0671e-46
8.2173e-101,1.3871e-56,1.0714e-17,1.7825e-153,1.5276e-25,3.5504e-37,2.2299e-57,4.7713e-39,4.2869e-74,1.715e-135,1.8644e-88,7.5864e-161,9.2796e-27,5.4255e-80,2.1888e-87,3.845e-19,1.2475e-33,5.0682e-21,5.0293e-74,1.3802e-34,1.3588e-42,4.578e-22,2.7534e-41,1.4891e-39,8.4807e-70,1.6296e-25,5.1263e-74,2.6111e-51,3.5573e-41,1.1802e-83,6.9007e-29,1.3492e-87,5.7144e-28,4.4766e-92,8.4004e-50,1.3835e-90,6.461e-88,6.2531e-90,9.5444e-88,1.1654e-81,1.4248e-201,1.0512e-101,4.0682e-194,4.965e-49,6.7662e-90,3.8771e-32,1,4.6108e-203,8.3845e-141,1.7242e-64,2.0936e-69
2.7378e-104,6.0039e-256,6.9924e-205,1.882e-52,1.1418e-184,7.3286e-235,1.3809e-256,3.2742e-237,2.2505e-131,0,1.0955e-288,8.0957e-45,3.0601e-182,5.8118e-280,1.7214e-287,1.1929e-212,4.6023e-174,4.1053e-190,8.4833e-274,4.9306e-232,3.5719e-164,3.6366e-215,1.84e-239,1.0607e-237,8.5021e-136,1.1557e-188,2.8095e-131,1.4604e-154,5.1811e-238,1.2588e-121,9.8816e-181,1.7085e-117,3.7981e-182,1.3924e-113,3.9279e-156,5.6288e-115,3.7193e-288,3.4316e-115,5.7729e-288,3.8293e-281,1.8886e-15,7.7007e-302,6.6067e-19,1.2575e-247,3.0572e-115,4.3544e-179,4.6108e-203,1,7.9042e-65,5.2816e-264,5.2752e-136
2.4886e-41,2.4724e-193,3.908e-142,7.6582e-15,5.441e-122,4.0903e-172,4.784e-194,1.4554e-174,1.062e-68,9.6838e-274,3.85e-226,2.7098e-23,1.8049e-119,1.3582e-217,7.4494e-225,4.6381e-150,2.4162e-111,1.5465e-127,3.1178e-211,2.6064e-169,2.5005e-101,1.2672e-152,8.7425e-177,5.1797e-175,2.8332e-73,3.0858e-126,2.7308e-68,2.6113e-92,1.2618e-175,1.7325e-58,8.2362e-118,8.3094e-55,2.3988e-119,6.3135e-51,1.114e-93,1.735e-52,1.2411e-225,3.3058e-52,1.9151e-225,1.1053e-218,5.2131e-62,2.7333e-239,2.3994e-54,5.5267e-185,1.8008e-52,6.131e-117,8.3845e-141,7.9042e-65,1,2.5796e-201,4.369e-73
4.1267e-161,8.2942e-11,3.0801e-60,3.5353e-214,9.4362e-81,2.7833e-30,1.3796e-12,2.9289e-28,5.0583e-134,1.4633e-73,2.7276e-26,7.8241e-222,7.8312e-83,2.3736e-20,9.5774e-25,1.5997e-52,4.0187e-91,3.6693e-75,9.6711e-14,4.4821e-33,6.3126e-101,1.3469e-50,5.1181e-26,1.4661e-27,1.3787e-129,5.8664e-78,7.6957e-134,6.619e-111,2.0554e-31,1.3801e-143,2.1778e-84,8.5214e-148,4.2124e-83,4.2673e-152,3.5456e-109,9.4347e-151,3.2496e-26,4.1695e-150,5.8742e-26,5.513e-22,1.7679e-262,9.1501e-40,7.2043e-255,3.8446e-19,3.8152e-150,6.2274e-88,1.7242e-64,5.2816e-264,2.5796e-201,1,4.1393e-129
5.2884e-33,4.3081e-121,5.6115e-70,5.1247e-86,5.7963e-50,6.4873e-100,7.5323e-122,2.5869e-102,1.1064e-08,1.9048e-201,7.2634e-154,1.2637e-93,2.6344e-47,2.6055e-145,1.2963e-152,8.3815e-78,2.6871e-39,1.9392e-55,5.252e-139,4.3113e-97,2.9325e-29,1.7606e-80,1.4416e-104,8.9459e-103,2.5466e-08,7.4234e-55,6.3122e-06,2.8774e-21,9.7017e-104,1.6628e-15,9.2733e-46,4.034e-20,2.3188e-47,6.5835e-25,2.8066e-22,5.5184e-24,2.3719e-153,3.4188e-22,3.6892e-153,1.6634e-146,3.3807e-134,4.505e-167,1.2296e-126,8.0905e-113,2.2608e-22,3.0671e-46,2.0936e-69,5.2752e-136,4.369e-73,4.1393e-129,1
