-0.037507
0.063634
0.068341
0.064479
0.06849
0.064846
0.063773
0.068079
0.068188
0.0636
0.064806
0.074396
0.063198
0.068301
0.067861
0.06882
0.067921
0.07427
0.067437
0.074572
0.070919
0.068022
0.066395
0.065821
0.068141
0.074596
0.067935
0.067405
-0.067362
-0.074715
-0.062288
-0.060869
-0.068413
-0.071591
-0.064689
-0.070101
-0.065727
-0.069788
-0.065479
-0.06605
-0.070563
-0.069301
-0.060855
-0.072497
-0.074535
-0.062431
-0.064323
-0.065967
-0.073989
-0.072529
-0.071632
-0.060728
-0.070974
-0.071353
-0.065495
