-0.04561
0.065977
0.067133
0.071073
0.06914
0.067153
0.068665
0.065274
0.069149
0.070778
0.066892
0.066991
0.066221
0.065712
0.067265
0.068782
0.065012
0.067503
0.071004
0.070398
0.069762
0.0673
0.07033
0.068537
0.070245
0.066355
0.069399
0.064324
-0.072751
-0.070181
-0.070633
-0.065021
-0.066886
-0.067531
-0.066606
-0.070004
-0.069181
-0.068407
-0.065266
-0.06841
-0.069021
-0.068728
-0.070137
-0.067274
-0.069168
-0.063536
-0.068972
-0.067816
-0.067243
-0.070938
-0.067598
-0.064595
-0.068816
-0.065731
-0.06591
