-0.041654
0.071576
0.066855
0.056433
0.066708
0.058762
0.063259
0.060346
0.061919
0.056828
0.059606
0.071713
0.066254
0.064561
0.063334
0.069625
0.059361
0.055153
0.065181
0.056808
0.05965
0.05708
0.069344
0.059311
0.072694
0.058589
0.061034
0.068426
0.058433
0.061449
0.05944
0.056592
0.058023
-0.05589
-0.060888
-0.062957
-0.066673
-0.066548
-0.06233
-0.059792
-0.065024
-0.061291
-0.064874
-0.061808
-0.061761
-0.061142
-0.057663
-0.073594
-0.060878
-0.073362
-0.060383
-0.067063
-0.064227
-0.054906
-0.065178
-0.058959
-0.06411
-0.061555
-0.063209
-0.065561
-0.058304
-0.056809
-0.063653
-0.056792
-0.05715
