-0.17291
0.028795
0.029193
0.030278
0.037731
0.028087
0.038217
0.031737
0.032833
0.032367
0.033582
0.032784
0.033645
0.033418
0.029734
0.032808
0.027993
0.031304
0.029925
0.028126
0.028342
0.029464
0.026862
0.031706
0.037938
0.029267
0.035138
0.029118
0.032951
0.030437
0.03699
0.031331
0.032952
0.033167
0.030796
0.03016
0.032326
0.035214
0.032811
0.029034
0.029003
0.027056
0.033807
0.030705
0.02988
0.028958
0.026271
0.039513
0.032155
0.026257
0.029162
0.033762
0.033862
0.030282
0.026067
0.030327
0.031564
0.028088
0.028773
0.034129
0.030082
0.02955
0.035416
0.033731
0.025799
0.026462
0.026997
0.025875
0.030257
0.033957
0.026377
0.030723
0.034151
0.031738
0.032242
0.026379
0.029154
0.026273
0.033903
0.027606
0.029087
0.029939
0.031171
0.032624
0.033776
0.028401
0.032314
0.031039
0.033688
0.03222
0.029496
0.035424
0.028635
0.029585
0.028414
0.033482
0.031634
0.030891
0.030954
0.0301
0.030721
0.031688
0.034175
0.028399
0.02981
0.029421
0.031078
0.027171
0.031982
0.032928
0.02822
0.028492
0.032643
0.032528
0.033867
0.028796
0.029705
0.035204
0.027839
0.033525
0.029143
0.027998
0.035676
0.02733
0.030519
0.026719
0.029785
0.032511
0.033388
0.028067
0.036333
-0.029804
-0.025558
-0.033597
-0.029814
-0.026076
-0.027014
-0.0323
-0.02959
-0.028798
-0.032327
-0.032748
-0.031557
-0.027411
-0.030566
-0.029821
-0.03261
-0.029298
-0.033493
-0.031776
-0.040092
-0.026692
-0.034389
-0.034233
-0.027994
-0.03625
-0.032651
-0.032597
-0.027531
-0.029871
-0.03053
-0.034171
-0.028236
-0.029136
-0.02956
-0.027919
-0.028842
-0.029212
-0.025732
-0.028899
-0.027897
-0.028084
-0.033339
-0.030994
-0.036735
-0.027103
-0.033562
-0.033707
-0.031116
-0.032903
-0.032005
-0.033314
-0.028627
-0.032303
-0.031177
-0.031419
-0.028309
-0.030707
-0.02544
-0.028771
-0.029507
-0.026888
-0.030069
-0.034791
-0.035303
-0.024527
-0.028817
-0.028825
-0.031046
-0.029259
-0.032049
-0.034968
-0.031325
-0.030947
-0.030603
-0.032999
-0.032537
-0.030518
-0.033142
-0.02941
-0.028427
-0.028453
-0.034613
-0.034655
-0.032061
-0.035132
-0.033825
-0.029147
-0.028466
-0.038178
-0.034056
-0.034808
-0.031317
-0.035401
-0.030501
-0.027586
-0.026739
-0.032745
-0.031716
-0.031702
-0.026872
-0.027689
-0.029918
-0.030639
-0.025872
-0.037547
-0.027918
-0.029778
-0.028677
-0.029507
-0.033562
-0.030499
-0.028572
-0.036063
-0.026014
-0.030172
-0.032442
-0.02756
-0.027254
-0.026748
-0.029586
-0.027474
-0.031685
-0.034858
-0.029342
-0.029122
-0.033691
-0.031827
-0.030189
-0.026879
-0.033288
-0.028832
