-0.096998
0.03163
0.02767
0.031351
0.029507
0.032041
0.031817
0.030629
0.030162
0.034608
0.030922
0.033862
0.029961
0.031407
0.032736
0.031241
0.029349
0.034576
0.034063
0.033157
0.030283
0.030007
0.034669
0.030328
0.028301
0.029059
0.03218
0.029849
0.029585
0.032049
0.031062
0.029815
0.030934
0.032496
0.029225
0.030114
0.029904
0.029685
0.031973
0.030887
0.0324
0.031626
0.030954
0.029058
0.031828
0.029532
0.030704
0.031188
0.031899
0.029944
0.031808
0.032318
0.031462
0.02812
0.032582
0.030222
0.030738
0.03071
0.02973
0.031269
0.029304
0.029441
0.032045
0.030397
0.030028
0.031054
0.028827
0.030523
0.033993
0.030659
0.029478
0.030045
0.03293
0.032094
0.031888
0.029688
0.030275
0.027966
0.030554
0.029907
0.03406
0.029902
0.030566
0.029461
0.032045
0.0316
0.02936
0.032078
0.030537
0.03305
0.030878
0.029189
0.029193
0.030961
0.029437
0.03064
0.030191
0.030382
0.03143
0.033014
0.031645
0.034127
0.032657
0.03209
0.031757
0.030286
0.029839
0.034438
0.031283
0.029155
0.030679
0.033433
0.030183
0.03227
0.031088
0.030044
0.031823
0.031364
0.031227
0.030069
0.03093
0.031293
0.032433
0.033681
0.030077
0.030237
0.032631
0.031279
0.02926
0.030311
0.031831
-0.030371
-0.03122
-0.030086
-0.029306
-0.029481
-0.031224
-0.032998
-0.031707
-0.028322
-0.030946
-0.030705
-0.031442
-0.028956
-0.030927
-0.029684
-0.029318
-0.031203
-0.031081
-0.028651
-0.030831
-0.029529
-0.029596
-0.032161
-0.03129
-0.030729
-0.030929
-0.029464
-0.03316
-0.030249
-0.030265
-0.029874
-0.033825
-0.032241
-0.031135
-0.030995
-0.031153
-0.028336
-0.03142
-0.028701
-0.031962
-0.031535
-0.033754
-0.033975
-0.031384
-0.031121
-0.029372
-0.03097
-0.029658
-0.028939
-0.028372
-0.029571
-0.030315
-0.030781
-0.030793
-0.03081
-0.029675
-0.030294
-0.031255
-0.03326
-0.031267
-0.034873
-0.028239
-0.031815
-0.031942
-0.030937
-0.031821
-0.030543
-0.031972
-0.032434
-0.030097
-0.031232
-0.029724
-0.033101
-0.03055
-0.03091
-0.033312
-0.030067
-0.029907
-0.030826
-0.030304
-0.03051
-0.029479
-0.029359
-0.030737
-0.027908
-0.029694
-0.03139
-0.030038
-0.030824
-0.028955
-0.03292
-0.030441
-0.031714
-0.031711
-0.029301
-0.029357
-0.030251
-0.027863
-0.032424
-0.029812
-0.032401
-0.030578
-0.029667
-0.029656
-0.030735
-0.031542
-0.02844
-0.03068
-0.033448
-0.029095
-0.029807
-0.033768
-0.030644
-0.033104
-0.032605
-0.027462
-0.030593
-0.030083
-0.031034
-0.034297
-0.031432
-0.031572
-0.029234
-0.032734
-0.030797
-0.028984
-0.031839
-0.031794
-0.030246
-0.030951
-0.03299
