-0.058614
0.075035
0.060548
0.062785
0.08045
0.063767
0.064022
0.061377
0.059148
0.057932
0.068606
0.059531
0.064383
0.081352
0.067297
0.058947
0.080383
0.06717
0.072058
0.081308
0.058626
0.065066
0.074689
0.069402
0.076664
0.093055
0.067839
-0.066472
-0.068174
-0.063089
-0.072724
-0.068509
-0.066817
-0.064151
-0.068721
-0.06429
-0.085366
-0.063416
-0.072393
-0.062608
-0.071338
-0.059534
-0.072197
-0.063334
-0.064177
-0.068571
-0.064226
-0.067711
-0.079165
-0.066597
-0.082899
-0.065346
-0.079601
