-0.10465
0.024236
0.024347
0.037061
0.023949
0.02243
0.019521
0.018842
0.021563
0.021915
0.023149
0.020819
0.028239
0.02734
0.02667
0.01556
0.020395
0.031891
0.021638
0.024926
0.021496
0.018302
0.027561
0.01894
0.015368
0.021055
0.022563
0.011935
0.022446
0.020116
0.027025
0.011878
0.018619
0.015744
0.03212
0.018364
0.0087132
0.018665
0.024634
0.024648
0.017671
0.014531
0.033987
0.011752
0.037449
0.023779
0.019261
0.031495
0.032287
0.019925
0.01699
0.025066
0.021284
0.019755
0.028556
0.018431
0.019741
0.022333
0.023998
0.026374
0.019336
0.013389
0.019256
0.019856
0.030759
0.030984
0.019318
0.024711
0.024127
0.022707
0.035764
0.020454
0.020671
0.032006
0.027258
0.0145
0.019641
0.019298
0.02542
0.015243
0.019618
0.023725
0.018212
0.019698
0.028835
0.026522
0.030132
0.017964
0.029537
0.021836
0.023648
0.021598
0.032543
0.020821
0.018312
0.031
0.029661
0.037272
0.017352
0.023273
0.015579
0.019701
0.014357
0.02907
0.01737
0.023198
0.0157
0.021281
0.034673
0.014583
0.018337
0.013063
0.022558
0.027553
0.018377
0.017662
0.01862
0.019518
0.019741
0.01805
0.01462
0.021016
0.026349
0.022446
0.024101
0.021116
0.0076849
0.017706
0.017592
0.026808
0.023412
0.019507
0.026604
0.018791
0.012319
0.019142
0.022346
0.016528
0.026389
0.024503
0.024844
0.022886
0.028477
0.022111
0.021038
0.022301
0.017442
0.030613
0.018164
0.042609
0.028565
0.034205
0.029534
0.02199
0.013424
0.011767
0.011525
0.024775
0.023402
0.016748
0.021323
0.020356
0.014931
0.020345
0.031202
0.02867
0.023504
0.018028
0.023826
0.033057
0.017798
0.022004
0.019737
0.029357
0.015313
0.029901
0.020362
0.017685
0.02057
0.021469
0.013728
0.030787
0.020276
0.026482
0.028546
0.019194
0.018589
0.014794
0.021998
0.026359
0.011842
0.028294
0.022845
0.03318
0.016513
0.01573
0.016103
0.018096
0.028997
0.017292
0.015504
0.020217
0.026146
0.026706
0.019118
0.02085
0.017006
0.013198
0.025351
0.023677
0.024118
0.039547
0.015731
0.02058
0.013035
0.023047
0.02661
0.021759
0.015264
0.035445
0.011116
0.020852
0.041297
0.01102
0.023418
0.024066
0.022241
0.018068
0.022577
0.021279
0.020769
0.013946
0.016586
0.015096
0.02579
0.020685
0.011977
0.025163
0.01675
0.024298
-0.02387
-0.025949
-0.039906
-0.026137
-0.025346
-0.027351
-0.028546
-0.01271
-0.017656
-0.013188
-0.0053214
-0.021702
-0.011169
-0.027185
-0.028084
-0.026683
-0.082415
-0.023894
-0.016368
-0.03427
-0.021253
0.00090038
-0.031916
-0.033213
-0.028374
-0.030466
0.046916
0.040777
-0.026588
-0.017454
-0.030418
-0.027035
-0.025589
-0.028845
-0.026808
-0.028715
-0.0248
-0.01964
-0.01651
-0.0086221
-0.010728
-0.014879
-0.01433
-0.018112
-0.019091
-0.024822
-0.020622
-0.010761
-0.026853
-0.027317
-0.0096645
-0.017872
-0.022967
-0.021147
-0.034691
-0.009637
-0.062768
-0.010889
-0.010151
-0.011856
-0.027194
-0.031243
-0.025438
-0.035884
-0.011962
-0.012896
-0.011912
-0.0039822
-0.026172
-0.031367
-0.050904
-0.016635
-0.022169
-0.028482
-0.046362
-0.0093354
-0.017164
-0.027921
-0.035477
-0.0054534
-0.01646
-0.028518
-0.026752
0.0031352
-0.032018
-0.018561
-0.022262
-0.034358
-0.022927
-0.020422
-0.0232
-0.013602
-0.016687
-0.093694
-0.028422
0.031679
-0.032521
-0.023349
-0.02213
-0.020189
-0.016017
-0.018412
-0.049185
-0.022537
-0.01079
-0.0097351
-0.015472
-0.014332
-0.033324
-0.017836
-0.023963
-0.022671
-0.025982
-0.027071
-0.0027429
-0.018994
-0.019195
-0.027289
-0.021516
-0.017623
-0.02437
-0.029991
-0.032042
-0.032801
-0.030703
0.01188
-0.0911
-0.031678
-0.011596
-0.028941
-0.01764
-0.022807
0.029286
-0.012117
0.081795
0.02508
3.4619e-05
-0.032202
-0.028665
-0.019035
-0.014782
-0.023537
-0.021969
-0.024146
-0.027829
-0.015951
-0.0047114
-0.023103
-0.015684
-0.030483
-0.032832
0.0079179
-0.013372
-0.00092237
-0.034056
-0.011573
-0.034514
-0.020307
-0.03008
-0.024288
-0.027533
-0.029405
-0.043175
0.0061482
-0.029564
-0.026241
-0.015206
-0.022017
-0.049566
-0.036504
-0.031761
-0.036238
-0.016614
-0.052563
-0.01034
-0.015372
-0.024949
-0.033382
0.046426
-0.027989
-0.024544
0.011442
-0.029819
-0.043604
-0.014059
-0.03801
-0.028715
-0.00741
0.021759
-0.058357
-0.027603
-0.023297
-0.012715
-0.022725
-0.036024
-0.02979
-0.025062
-0.015438
-0.02706
0.0356
-0.0026995
-0.018336
-0.033337
-0.020906
-0.024238
-0.021188
-0.018809
-0.026676
-0.019031
-0.015009
-0.023823
-0.08832
-0.011628
-0.030543
-0.027854
-0.031429
-0.03943
-0.020872
-0.032186
-0.011456
-0.029095
-0.017088
-0.026925
-0.015658
-0.081006
-0.10653
-0.01736
-0.039486
-0.023685
-0.01048
-0.0015528
-0.018961
-0.030636
-0.013541
-0.031201
-0.037254
-0.028046
-0.026233
-0.042206
