-0.0061561
-0.29224
0.11939
0.12846
-0.17082
0.087426
-0.1057
-0.17793
0.32207
0.13288
0.05123
0.28964
0.12652
-0.098937
0.21486
-0.0069195
-0.087761
0.098844
0.27918
-0.11816
0.21111
-0.28351
0.15505
-0.021099
-0.047129
0.19466
-0.063795
-0.049799
0.19521
0.12999
0.098793
-0.066572
-0.0026028
0.20845
-0.11965
0.19115
0.16917
0.091019
-0.070903
0.16842
-0.14271
0.00091104
0.15353
0.098754
-0.20807
-0.27588
0.095501
-0.15408
-0.061918
0.06374
0.11576
0.28433
0.15601
0.025635
-0.024597
0.20092
0.097773
0.13939
0.27683
0.16466
0.070955
0.13389
-0.14265
-0.21765
-0.129
0.05132
-0.21888
0.044918
0.029937
-0.15024
0.21367
-0.16552
0.091081
-0.054224
0.12361
0.00040851
-0.14708
-0.054904
0.35055
-0.11594
-0.28085
-0.14439
-0.088489
-0.045414
-0.14577
0.090402
0.074264
0.26697
-0.066791
-0.10673
0.1196
-0.01417
0.21222
-0.089874
0.019422
-0.096508
-0.065927
0.13496
0.044099
-0.048562
0.023833
0.032724
-0.034786
-0.048561
0.048727
0.13188
0.24159
0.07506
-0.26824
0.1861
-0.17429
-0.37718
0.19926
-0.029842
0.1387
-0.1794
0.17413
0.010672
0.15381
0.10787
-0.053527
0.14335
-0.17505
-0.10905
0.1019
-0.16406
0.15446
-0.2525
0.041725
0.2758
0.086923
-0.04336
0.044227
-0.033209
0.15267
0.095658
0.23868
0.2202
0.16067
-0.30244
0.25862
0.034373
0.077137
0.030977
0.1443
0.028048
0.21732
0.1062
0.14416
0.2092
0.14577
0.065257
0.18813
-0.048985
0.23918
0.059581
-0.066343
0.060469
0.1607
-0.068642
0.022876
-0.14556
-0.13053
0.080584
0.064051
0.15309
-0.076516
0.04664
-0.07102
0.043113
-0.19425
-0.0027519
-0.066375
0.16631
0.066574
0.090759
-0.066305
-0.33731
-0.21606
0.1431
0.036277
0.24089
-0.20965
0.030671
-0.0002881
0.10629
0.13075
0.092593
-9.8088e-05
0.12551
0.35547
0.075715
0.066362
0.34612
-0.092979
0.16387
-0.13433
0.049243
0.019487
-0.055381
-0.10682
-0.24536
-0.0078414
-0.035145
0.20733
0.078037
0.195
-0.10365
0.12447
-0.083211
-0.063132
-0.19059
0.099615
0.0089808
0.10085
-0.063972
-0.16455
0.12447
0.14038
0.033469
0.14272
-0.14377
0.15538
-0.14644
0.20751
-0.17819
-0.018925
0.0078392
0.048585
-0.061185
-0.038749
-0.15484
0.1099
-0.18666
0.10573
-0.21844
-0.10042
-0.1476
-0.13386
0.13968
0.20788
0.02532
0.030597
0.164
-0.070131
0.059005
0.021707
-0.079456
-0.10224
-0.032787
-0.0010891
0.12755
0.05527
-0.050919
0.13035
-0.060086
0.13876
0.14163
0.021008
-0.046788
0.015703
0.12944
0.046021
-0.039671
-0.029154
0.084784
0.16991
0.0025147
-0.11629
-0.22134
0.10351
-0.03885
-0.20952
-0.095157
-0.050823
-0.022982
-0.18648
-0.18425
0.15285
-0.10765
-0.26787
-0.017118
0.098048
-0.018299
-0.11068
0.0047362
0.066958
-0.023325
0.029933
-0.038742
-0.12287
-0.15729
-0.062625
0.076141
0.02975
-0.15636
0.14311
0.057409
0.19946
0.076693
0.10898
0.013954
0.27516
-0.15161
0.064709
-0.11711
-0.074168
-0.013924
-0.020575
-0.089466
0.047183
-0.17445
-0.096566
0.052758
-0.085391
-0.035581
0.11106
-0.052112
-0.051126
0.051688
-0.013223
0.075336
0.11269
-0.18474
0.0082765
-0.13706
0.11377
-0.21194
-0.077507
0.095712
-0.0025845
0.063796
-0.19152
0.18884
0.27442
0.027493
-0.0036428
-0.0086982
-0.14073
-0.016402
0.0035695
0.045344
0.093134
-0.02946
0.1238
0.074273
0.022453
-0.015598
0.10147
-0.173
-0.14205
-0.061543
-0.05588
0.061994
0.10681
0.05158
0.15295
0.093754
-0.12452
-0.13669
-0.01573
-0.13441
-0.21255
-0.19056
-0.086166
-0.16198
-0.05792
0.098859
-0.057841
-0.03334
-0.17666
0.10823
-0.066696
0.0055591
-0.099757
-0.027683
-0.056227
-0.11673
-0.12817
-0.046619
-0.046424
-0.27066
-0.043724
0.10661
-0.20109
-0.36606
0.16605
-0.019893
-0.19724
0.030969
-0.047832
0.084558
0.018278
0.066645
-0.17102
-0.055208
0.035986
-0.037412
-0.11412
0.26431
-0.13254
-0.064439
-0.1174
-0.07304
-0.16149
0.024437
0.066381
0.028732
0.07684
-0.049747
0.039359
-0.22867
0.13575
-0.14745
-0.12211
-0.12689
0.085798
0.13021
0.088111
-0.038107
-0.30084
0.062288
-0.2269
-0.32614
0.19325
-0.028195
-0.080132
0.055873
-0.11768
-0.0049433
-0.18404
0.023465
-0.2496
-0.0695
-0.13153
-0.076969
-0.04743
0.11812
0.019734
-0.012828
-0.041541
-0.17403
0.0079158
0.021931
0.054913
-0.11851
0.13727
-0.12475
-0.17987
-0.078892
0.037587
-0.088633
-0.038792
-0.070745
0.024042
-0.066119
-0.19666
0.13152
-0.083646
0.10542
0.17262
-0.020306
-0.14349
-0.032969
-0.042419
0.016006
0.060314
-0.11518
-0.13569
-0.331
-0.14667
-0.075587
0.056498
0.13273
-0.11075
-0.14533
-0.12621
0.11899
0.16291
0.12752
0.022327
