0.0031004
0.076849
0.036195
0.038093
0.11878
0.034855
0.086249
0.087818
0.088725
-0.033101
0.048298
0.058927
0.072385
0.11206
0.066816
0.0052074
0.17001
0.099077
0.055613
0.038362
0.048299
0.015906
0.029883
0.078321
0.067862
0.02204
0.11776
0.079652
0.051603
0.090809
-0.066606
-0.071092
-0.046808
-0.15659
-0.056356
-0.051216
-0.084835
-0.059656
-0.048368
-0.0053239
-0.031851
-0.17168
-0.048364
-0.071014
-0.086133
-0.058159
-0.11479
-0.038553
-0.084581
0.070167
-0.18862
-0.056301
-0.14391
-0.063104
-0.066904
-0.083602
0.015967
-0.025575
0.030517
