-0.0021921
0.097983
-0.013541
-0.099567
0.053233
0.015111
0.13255
0.046632
-0.00047329
0.081546
0.083769
0.057556
0.016061
0.10862
0.021041
0.071803
0.061016
0.070253
0.020988
0.045616
0.063655
0.11241
0.13088
0.10172
0.046582
0.076509
0.086847
0.092981
-0.011047
-0.093455
-0.067116
-0.12642
-0.13134
0.034723
-0.048861
-0.058068
-0.010855
-0.038738
-0.12908
-0.11429
-0.069479
-0.10152
-0.017894
0.089022
-0.068338
-0.073401
-0.053849
-0.092663
0.029454
-0.13966
-0.052797
-0.05106
-0.045617
-0.064602
-0.074672
