-0.020545
0.18352
-0.0092713
0.12134
0.073886
0.0089104
0.11661
0.03727
0.064156
0.042858
0.07617
0.067528
0.094431
0.017372
0.0092532
0.054046
0.065358
0.043624
0.12981
-0.025449
0.035984
0.041663
0.11785
0.14795
-0.0072487
0.098766
0.066848
0.10222
0.028042
0.085347
0.030884
-0.0061173
0.061226
0.068678
0.037711
0.068674
0.042101
0.0069616
-0.02847
-0.073206
-0.059444
-0.059359
-0.067227
-0.046159
-0.019781
-0.032253
-0.036227
-0.058586
-0.078133
-0.079977
-0.09157
-0.074588
-0.074351
-0.034526
-0.046701
-0.063467
-0.10455
-0.053147
-0.047977
-0.074491
-0.065072
-0.035835
-0.067487
-0.05682
-0.076123
-0.064043
-0.065612
-0.092059
-0.054952
-0.062369
-0.078528
-0.078409
-0.038764
-0.058514
