-0.0010028
0.069562
0.047594
0.10542
0.062858
0.05263
0.010344
0.053724
0.062917
0.063787
0.064279
0.0699
0.056236
0.11281
0.10192
0.060679
0.057923
0.054972
0.029195
0.061436
0.0608
0.050569
0.072849
0.0098247
0.066911
0.067951
0.091496
0.060311
0.0505
0.071211
0.068981
0.050849
0.068199
-0.050657
-0.081035
-0.054394
-0.073708
-0.058386
-0.067958
-0.063364
-0.045334
-0.074577
-0.079011
-0.067537
-0.062717
-0.067583
-0.065312
-0.047218
-0.044513
-0.062777
-0.060461
-0.065035
-0.038141
-0.046448
-0.045127
-0.043009
-0.064586
-0.084844
-0.06735
-0.056571
-0.07671
-0.080024
-0.069662
-0.057166
-0.067552
