-0.0072748
-0.059342
0.081426
-0.22795
0.10227
0.18683
0.13993
0.054248
0.16535
-0.0025842
-0.075929
0.072161
0.05775
0.050695
0.10007
-0.025251
0.11721
0.1009
-0.029899
0.093126
0.16533
-0.12872
0.23916
0.056878
0.16041
0.044277
-0.007582
0.094237
-0.14809
-0.011836
0.11591
0.070547
0.10753
0.066928
-0.093963
0.037431
-0.077952
0.15801
0.029533
0.18878
0.10722
0.23096
0.059345
0.19452
-0.0609
0.0016628
0.13542
0.17469
0.003642
-0.18378
0.069557
0.059714
-0.034045
0.15636
0.11378
0.10201
0.022502
-0.12185
0.12918
0.0035138
0.1429
0.19605
0.0424
0.15719
-0.0094915
0.13202
-0.083098
0.10611
0.039168
0.095105
-0.09321
-0.024179
0.061539
-0.02117
-0.10237
-0.0064894
-0.0022585
0.19246
-0.033352
-0.037461
-0.15947
0.12987
0.053152
0.044287
0.071847
-0.016066
-0.12759
0.097395
0.011473
-0.054292
-0.091533
-0.058245
0.059684
0.14203
-0.015821
0.034561
0.091206
0.01726
0.048193
-0.050415
0.037084
0.038014
0.014039
-0.051518
0.16916
-0.086381
0.10419
0.20856
-0.12563
-0.071376
0.084717
0.019045
0.07411
0.074365
-0.034904
0.13726
0.026366
-0.031587
0.15307
-0.2091
-0.10086
0.049954
0.1187
-0.045814
-0.053884
-0.018373
0.03877
-0.11996
0.16376
-0.202
-0.0043667
-0.11777
-0.08666
-0.16093
-0.13295
-0.038991
0.02531
0.0058985
-0.25432
-0.028415
0.0049766
-0.035852
-0.037127
-0.029496
-0.15288
-0.13305
0.082439
-0.20739
0.089323
0.0040597
0.03413
-0.007625
-0.057894
0.056395
-0.039166
-0.19075
-0.084235
-0.12779
0.087124
0.13969
-0.08261
-0.014729
0.093144
0.26957
0.1373
0.060663
-0.063557
0.0026594
0.14196
-0.025884
0.0059382
0.024778
-0.029784
-0.010246
0.032494
-0.012007
-0.084463
-0.031467
-0.12366
-0.05444
0.029725
0.0021522
0.1316
-0.040013
-0.20975
-0.0084615
-0.1009
0.024761
0.045274
-0.27853
-0.088188
0.22862
-0.010499
-0.062185
-0.049532
-0.1124
-0.07767
-0.060729
-0.19363
-0.086786
0.051779
-0.099518
-0.042236
0.0039881
-0.16302
-0.10124
-0.24468
0.11027
-0.076804
-0.0091033
-0.039393
0.00085553
-0.09134
-0.029606
-0.10496
0.013105
-0.028877
0.11435
-0.1195
-0.10355
0.019732
0.0092263
-0.23706
-0.0075484
0.088042
-0.12143
-0.016189
-0.039438
0.0040226
0.10283
0.020184
0.090257
-0.10612
-0.029277
-0.058671
0.088921
-0.062126
0.1341
-9.1479e-05
-0.22275
-0.11093
-0.074358
-0.1382
-0.16377
0.10132
-0.020882
-0.040478
-0.14873
-0.029267
-0.19735
0.027765
0.080544
0.012026
0.052038
-0.01995
0.12157
-0.035168
-0.062701
-0.090893
-0.12595
0.02981
-0.25361
