-0.0013851
0.055088
0.055551
0.087151
0.054441
0.083887
0.068281
0.038441
0.078831
0.044015
0.031804
0.048466
0.056401
0.058373
0.085405
0.08564
0.088522
0.037245
0.064428
0.068958
0.02399
0.060633
0.064896
0.064539
0.078014
0.0393
0.050491
0.073719
0.055349
0.066806
0.049015
0.064716
0.099701
0.062848
0.032503
-0.066266
-0.051044
-0.063711
-0.060033
-0.038634
-0.074942
-0.071023
-0.073599
-0.043141
-0.049438
-0.075585
-0.054451
-0.064817
-0.10275
-0.067475
-0.058968
-0.059659
-0.064227
-0.057432
-0.070975
-0.054357
-0.078781
-0.063493
-0.050942
-0.063953
-0.065072
-0.076509
-0.039993
-0.055267
-0.0015721
-0.081011
-0.059732
-0.062085
-0.056527
