-0.004417
0.011351
0.10212
0.18005
0.02462
0.06732
0.010147
0.10278
-0.011053
0.063488
0.14735
0.13332
0.25507
0.028858
0.12622
-0.022503
-0.005988
-0.064947
0.25042
0.089696
-0.0090188
0.090279
-0.012139
0.068082
0.052577
0.11104
-0.094721
0.21516
0.072971
0.020169
0.083275
0.078117
0.012782
0.089345
-0.050034
0.016937
0.05144
0.10405
0.11625
0.031357
0.035337
0.068899
-0.0060613
0.044995
0.062303
0.12763
0.069233
-0.0098789
0.080078
-0.002131
-0.061031
0.05133
0.057538
0.019108
-0.011378
-0.13378
-0.054784
-0.15828
-0.05363
-0.051345
0.041598
-0.043242
-0.069821
-0.035907
-0.025524
-0.046239
-0.011413
-0.10122
-0.021067
-0.087431
-0.045183
-0.085892
-0.041102
-0.034326
0.037804
0.013465
-0.03087
-0.065495
-0.10961
-0.024555
-0.011287
-0.051924
-0.11171
-0.081994
-0.04384
-0.0479
-0.082529
-0.059926
-0.03384
-0.1031
-0.013689
-0.059022
-0.027997
0.033558
-0.062924
-0.028025
-0.070125
-0.026033
-0.023303
-0.014408
-0.05032
-0.063391
-0.06499
-0.017851
-0.0039504
-0.086233
-0.026931
-0.01057
-0.056629
-0.068959
-0.066826
-0.028023
0.033924
-0.044031
-0.052748
-0.062416
-0.071386
-0.088747
0.04478
-0.019389
-0.099697
