-0.0097002
-0.083487
-0.14084
0.17084
0.29128
0.072376
-0.044486
0.09787
0.075745
0.035418
0.1593
0.011984
-0.19773
0.14518
0.16152
0.032148
0.048219
0.11943
0.0047106
-0.080266
0.10909
0.062647
0.086731
0.046311
-0.049825
-0.11073
-0.075907
0.28572
0.00033032
0.14966
-0.0051123
0.076441
0.09581
0.10379
-0.02746
0.049147
-0.065889
0.093879
-0.045197
0.14448
-0.03806
-0.084595
0.041587
0.15374
-0.094457
-0.20184
-0.093402
0.2272
-0.14014
0.16952
-0.24673
-0.26147
0.13683
0.1586
-0.034511
-0.083739
0.14171
-0.12481
0.16284
0.036377
0.16489
0.21163
-0.13166
-0.06811
-0.10403
0.087841
0.16518
-0.049463
0.11069
0.033451
0.092012
0.059862
0.22122
-0.048134
-0.19587
0.13129
0.022195
-0.037052
-0.044322
0.11899
-0.032405
0.26705
-0.030909
-0.081229
0.04685
-0.11112
0.049624
-0.027229
-0.084112
-0.2194
-0.27213
-0.13638
0.07007
0.10658
-0.18191
0.011373
0.096891
-0.055255
-0.0018036
-0.078677
-0.13658
0.047368
0.01954
-0.29496
0.0093445
-0.265
0.15172
-0.15504
-0.17048
-0.066044
0.057657
-0.041689
-0.40655
-0.09251
0.067327
-0.069613
-0.036856
-0.2207
-0.1031
-0.071715
0.00045381
0.17352
-0.0091564
0.18925
-0.057322
0.042035
-0.042589
0.074405
0.24848
0.080636
0.0082419
-0.080089
-0.047333
0.056798
0.035715
0.095154
-0.0032427
-0.20693
-0.22941
0.07886
-0.0053382
-0.36346
0.088487
-0.052714
