-0.011943
0.053891
0.082745
-0.049135
0.036925
0.022236
0.080327
-0.12201
0.20625
0.065571
0.11047
-0.049173
-0.011735
0.20501
0.14072
-0.04576
-0.10558
0.035936
0.14113
0.027441
0.07011
0.023475
0.048162
0.22964
0.13026
-0.23682
0.065796
-0.053499
0.034911
0.1572
0.068547
-0.059001
0.043116
0.090142
0.13688
-0.042249
0.012435
0.16724
0.027592
-0.056621
0.12332
-0.071277
0.020558
-0.10706
-0.081975
0.08297
0.17276
0.029313
0.085965
0.068208
-0.045745
0.0047728
0.046902
-0.0079918
0.14738
0.24839
0.013708
0.011149
0.039052
-0.099014
-0.020935
0.14024
0.059835
0.11262
0.11075
-0.048396
-0.034747
-0.0077071
0.00032226
0.099653
0.01384
0.058884
-0.014059
-0.020393
0.062649
-0.033066
0.044464
-0.035278
-0.012115
-0.013233
-0.056828
-0.022678
-0.08682
-0.044669
-0.044184
-0.036992
0.026688
0.036275
-0.012078
-0.0049653
-0.13236
-0.020847
-0.16649
-0.01572
0.028661
-0.090751
-0.067634
-0.15476
-0.045041
-0.046587
-0.031092
-0.078199
-0.062853
0.014678
-0.064628
-0.068947
-0.04463
-0.052707
-0.11507
-0.058614
-0.032215
-0.1205
-0.0020161
-0.087994
0.00044803
-0.055668
-0.030704
0.0026086
-0.10905
0.006871
-0.00034958
-0.052395
-0.011688
-0.09789
0.022565
-0.037218
-0.056768
-0.00059395
-0.14752
-0.079891
-0.023873
-0.0075989
-0.025086
-0.06831
-0.0587
0.035826
-0.098321
0.014782
0.002257
-0.040615
0.0084504
0.066371
-0.19218
-0.031076
