1,0.42541,0.23363,0.2035,0.14742,0.40838,0.41764,0.35787,0.25781,0.50372,0.43674,0.50321,0.35163,0.36753,0.42415,0.55459,0.25662,0.42248,0.49143,0.46123,0.42821,0.5255,0.49642,0.33527,0.52013,0.20779,0.21531,0.41006,0.3786,0.27806,0.39312,0.20053,0.49815,0.55301,0.23772,0.28129,0.31502,0.27438,0.30419,0.22293,0.44804,0.2378,0.32165,0.15413,0.39303,0.27474,0.53732,0.29441,0.23257,0.3104,0.18448
0.42541,1,0.43668,0.30633,0.23804,0.64582,0.65453,0.589,0.43351,0.46442,0.47807,0.42972,0.42007,0.4931,0.65056,0.55484,0.37232,0.62071,0.68161,0.55434,0.63468,0.56055,0.6161,0.55566,0.45569,0.29529,0.28901,0.41874,0.32769,0.43609,0.37797,0.30806,0.44255,0.37098,0.33957,0.39063,0.41375,0.39124,0.47073,0.31714,0.44203,0.44629,0.49616,0.26018,0.54074,0.35385,0.59707,0.36373,0.41221,0.40689,0.33288
0.23363,0.43668,1,0.30029,0.27845,0.39658,0.4232,0.42684,0.42712,0.24956,0.28479,0.22972,0.27767,0.29268,0.43191,0.28792,0.33864,0.44105,0.39515,0.33968,0.378,0.3003,0.33782,0.4191,0.28126,0.25935,0.22113,0.28677,0.27059,0.43336,0.22822,0.37084,0.23962,0.20473,0.27396,0.25798,0.25785,0.25671,0.44233,0.29718,0.25177,0.36349,0.34823,0.33763,0.36616,0.25357,0.30867,0.24811,0.4454,0.25622,0.45704
0.2035,0.30633,0.30029,1,0.59792,0.31186,0.36144,0.37398,0.26805,0.23514,0.32454,0.20633,0.44475,0.34499,0.30146,0.2846,0.66095,0.27203,0.3003,0.2837,0.38516,0.26525,0.30684,0.26839,0.20596,0.55696,0.372,0.20907,0.19407,0.34936,0.25659,0.55812,0.26712,0.19151,0.62469,0.27946,0.33175,0.36022,0.2521,0.26647,0.24777,0.35518,0.38063,0.29701,0.25156,0.23035,0.28765,0.36314,0.48355,0.27935,0.2718
0.14742,0.23804,0.27845,0.59792,1,0.22914,0.27066,0.28286,0.21638,0.16637,0.24398,0.14896,0.32641,0.24554,0.23031,0.20617,0.50592,0.2077,0.22125,0.2043,0.27981,0.1912,0.22445,0.21741,0.14932,0.45858,0.29702,0.1537,0.14651,0.28136,0.18271,0.49424,0.18548,0.13413,0.45437,0.22568,0.23597,0.27157,0.23234,0.2128,0.18042,0.31361,0.27614,0.29523,0.19646,0.1662,0.20739,0.26761,0.41284,0.21297,0.25247
0.40838,0.64582,0.39658,0.31186,0.22914,1,0.68339,0.63778,0.44156,0.53997,0.49991,0.46611,0.42032,0.49073,0.66225,0.52702,0.37097,0.62357,0.65117,0.64432,0.68486,0.62915,0.6183,0.47853,0.45907,0.29667,0.31587,0.42477,0.31718,0.40502,0.41,0.31275,0.46027,0.39512,0.34962,0.37873,0.38538,0.41579,0.39064,0.3483,0.43094,0.40204,0.48432,0.23652,0.48616,0.40485,0.57308,0.38903,0.39946,0.42174,0.31569
0.41764,0.65453,0.4232,0.36144,0.27066,0.68339,1,0.63918,0.40659,0.49375,0.55875,0.43559,0.47471,0.48952,0.68649,0.56909,0.43457,0.57989,0.67243,0.62521,0.76479,0.58732,0.67787,0.49897,0.46997,0.35654,0.33313,0.42608,0.3347,0.41564,0.42805,0.36392,0.48848,0.39176,0.41894,0.40223,0.41056,0.41369,0.44588,0.36183,0.45937,0.43807,0.52836,0.25667,0.52305,0.40794,0.61228,0.41154,0.43081,0.41732,0.32009
0.35787,0.589,0.42684,0.37398,0.28286,0.63778,0.63918,1,0.45334,0.4559,0.47962,0.41331,0.48826,0.47817,0.65493,0.49983,0.42226,0.56036,0.58821,0.57926,0.67906,0.53613,0.59216,0.41516,0.39943,0.3378,0.34155,0.3653,0.27558,0.40576,0.39315,0.34766,0.42514,0.33977,0.40534,0.36923,0.35143,0.44694,0.37409,0.39472,0.38945,0.43137,0.45022,0.26838,0.44783,0.37114,0.51672,0.43261,0.44409,0.42295,0.33882
0.25781,0.43351,0.42712,0.26805,0.21638,0.44156,0.40659,0.45334,1,0.28649,0.27681,0.2555,0.28113,0.34483,0.40773,0.29692,0.29413,0.4749,0.41168,0.3778,0.39902,0.32606,0.35268,0.36975,0.29959,0.22615,0.22693,0.291,0.23778,0.46912,0.23734,0.27466,0.26123,0.22932,0.26361,0.27267,0.3014,0.2961,0.31406,0.27632,0.25349,0.37224,0.36574,0.30116,0.34977,0.28842,0.33276,0.2713,0.38685,0.28341,0.47917
0.50372,0.46442,0.24956,0.23514,0.16637,0.53997,0.49375,0.4559,0.28649,1,0.53053,0.71917,0.39673,0.4359,0.52223,0.60257,0.27903,0.47462,0.49929,0.59742,0.52155,0.6518,0.58998,0.35792,0.54664,0.24505,0.26141,0.47339,0.32149,0.2684,0.53246,0.22312,0.63055,0.5641,0.29259,0.33643,0.35336,0.33941,0.28683,0.29555,0.51354,0.27644,0.36847,0.16462,0.44939,0.39346,0.59221,0.36262,0.25955,0.4101,0.20417
0.43674,0.47807,0.28479,0.32454,0.24398,0.49991,0.55875,0.47962,0.27681,0.53053,1,0.49387,0.51329,0.46713,0.51882,0.5907,0.40164,0.42854,0.4972,0.50856,0.59977,0.54561,0.57555,0.36711,0.41634,0.32978,0.3264,0.36042,0.28949,0.30099,0.42905,0.29805,0.50343,0.40145,0.39461,0.3827,0.3629,0.38889,0.34531,0.27437,0.44385,0.35166,0.40825,0.19602,0.41413,0.30827,0.56334,0.40594,0.32081,0.39949,0.22513
0.50321,0.42972,0.22972,0.20633,0.14896,0.46611,0.43559,0.41331,0.2555,0.71917,0.49387,1,0.3581,0.40464,0.48844,0.60279,0.24431,0.42252,0.45425,0.53988,0.45069,0.5929,0.55542,0.32032,0.5268,0.21567,0.23023,0.43909,0.29643,0.23757,0.51092,0.19173,0.56645,0.60949,0.25496,0.30943,0.30192,0.30921,0.27433,0.27121,0.49472,0.2548,0.32825,0.14673,0.40091,0.36809,0.56332,0.31433,0.22349,0.37031,0.1819
0.35163,0.42007,0.27767,0.44475,0.32641,0.42032,0.47471,0.48826,0.28113,0.39673,0.51329,0.3581,1,0.42888,0.4292,0.46947,0.52518,0.38302,0.42143,0.42367,0.54626,0.4349,0.47506,0.31586,0.31478,0.4359,0.38015,0.30163,0.25955,0.31294,0.39655,0.37516,0.44837,0.31547,0.53669,0.34736,0.3746,0.4063,0.29977,0.27646,0.39297,0.33615,0.38902,0.23933,0.35636,0.27634,0.44893,0.47256,0.36778,0.39326,0.22758
0.36753,0.4931,0.29268,0.34499,0.24554,0.49073,0.48952,0.47817,0.34483,0.4359,0.46713,0.40464,0.42888,1,0.43284,0.50882,0.3771,0.39366,0.4683,0.49558,0.53852,0.47273,0.53729,0.36479,0.36812,0.31996,0.32672,0.36692,0.26165,0.36821,0.41734,0.27978,0.46059,0.37332,0.38213,0.37428,0.44377,0.46625,0.28619,0.26625,0.43169,0.40417,0.55598,0.23485,0.37531,0.36652,0.54888,0.42626,0.37113,0.43305,0.27665
0.42415,0.65056,0.43191,0.30146,0.23031,0.66225,0.68649,0.65493,0.40773,0.52223,0.51882,0.48844,0.4292,0.43284,1,0.55113,0.36413,0.67951,0.65124,0.6075,0.62975,0.59201,0.63182,0.4785,0.48999,0.28909,0.28551,0.44425,0.33711,0.38346,0.40829,0.30802,0.45898,0.39541,0.33979,0.38797,0.35001,0.35414,0.44383,0.34581,0.43918,0.39037,0.42915,0.23388,0.54848,0.37583,0.57669,0.3583,0.35964,0.39789,0.31074
0.55459,0.55484,0.28792,0.2846,0.20617,0.52702,0.56909,0.49983,0.29692,0.60257,0.5907,0.60279,0.46947,0.50882,0.55113,1,0.34181,0.46839,0.58829,0.59191,0.60804,0.65963,0.70378,0.39278,0.51496,0.29507,0.29921,0.41769,0.31525,0.32109,0.50921,0.2571,0.62501,0.54962,0.34071,0.37714,0.37947,0.4071,0.35272,0.30711,0.52498,0.34492,0.44274,0.18895,0.44505,0.3662,0.76227,0.39863,0.30468,0.42536,0.2198
0.25662,0.37232,0.33864,0.66095,0.50592,0.37097,0.43457,0.42226,0.29413,0.27903,0.40164,0.24431,0.52518,0.3771,0.36413,0.34181,1,0.33527,0.36254,0.32749,0.46285,0.31914,0.36025,0.3227,0.24573,0.53341,0.37506,0.24388,0.23778,0.40213,0.28206,0.5894,0.30812,0.22661,0.60798,0.32366,0.36968,0.36916,0.31376,0.26635,0.29109,0.38215,0.41532,0.29177,0.30175,0.23591,0.34213,0.38019,0.49616,0.30933,0.28152
0.42248,0.62071,0.44105,0.27203,0.2077,0.62357,0.57989,0.56036,0.4749,0.47462,0.42854,0.42252,0.38302,0.39366,0.67951,0.46839,0.33527,1,0.60701,0.53614,0.55672,0.52091,0.52744,0.50553,0.48889,0.25903,0.25035,0.46747,0.38361,0.41165,0.35941,0.30011,0.41222,0.36078,0.29882,0.33045,0.36222,0.30954,0.42587,0.30662,0.406,0.34458,0.4054,0.25223,0.5815,0.33504,0.50546,0.32994,0.36383,0.36476,0.33355
0.49143,0.68161,0.39515,0.3003,0.22125,0.65117,0.67243,0.58821,0.41168,0.49929,0.4972,0.45425,0.42143,0.4683,0.65124,0.58829,0.36254,0.60701,1,0.61482,0.65574,0.62405,0.66664,0.5033,0.5159,0.28695,0.2979,0.42723,0.3541,0.41369,0.39525,0.30079,0.48497,0.41875,0.33355,0.37239,0.3877,0.39576,0.4253,0.33341,0.45206,0.39556,0.47623,0.23312,0.52343,0.36649,0.63616,0.39163,0.3802,0.39614,0.30183
0.46123,0.55434,0.33968,0.2837,0.2043,0.64432,0.62521,0.57926,0.3778,0.59742,0.50856,0.53988,0.42367,0.49558,0.6075,0.59191,0.32749,0.53614,0.61482,1,0.61537,0.66434,0.72156,0.40206,0.55465,0.27963,0.28345,0.4882,0.33131,0.32915,0.50138,0.27239,0.5503,0.48167,0.3338,0.33432,0.34289,0.38696,0.34057,0.35885,0.48768,0.33275,0.44512,0.21774,0.48156,0.44424,0.6276,0.38926,0.33113,0.41793,0.27398
0.42821,0.63468,0.378,0.38516,0.27981,0.68486,0.76479,0.67906,0.39902,0.52155,0.59977,0.45069,0.54626,0.53852,0.62975,0.60804,0.46285,0.55672,0.65574,0.61537,1,0.62138,0.67344,0.4557,0.44118,0.37618,0.37445,0.3926,0.30764,0.40897,0.43443,0.3583,0.51673,0.39141,0.44589,0.41221,0.42664,0.48426,0.39669,0.35436,0.44866,0.44454,0.5304,0.25466,0.48305,0.37576,0.63678,0.47437,0.44263,0.45918,0.2988
0.5255,0.56055,0.3003,0.26525,0.1912,0.62915,0.58732,0.53613,0.32606,0.6518,0.54561,0.5929,0.4349,0.47273,0.59201,0.65963,0.31914,0.52091,0.62405,0.66434,0.62138,1,0.66815,0.39434,0.52277,0.2677,0.30966,0.43378,0.31859,0.31169,0.47214,0.25079,0.57762,0.51497,0.31106,0.37293,0.34106,0.40367,0.33689,0.30879,0.48248,0.32889,0.4122,0.18495,0.45486,0.37399,0.67203,0.40248,0.30427,0.44135,0.2306
0.49642,0.6161,0.33782,0.30684,0.22445,0.6183,0.67787,0.59216,0.35268,0.58998,0.57555,0.55542,0.47506,0.53729,0.63182,0.70378,0.36025,0.52744,0.66664,0.72156,0.67344,0.66815,1,0.43697,0.53207,0.31409,0.30921,0.47979,0.33296,0.34562,0.53211,0.28509,0.60562,0.49562,0.37136,0.38192,0.38969,0.42136,0.38088,0.3395,0.55378,0.37301,0.48533,0.22421,0.51903,0.42991,0.74933,0.42876,0.35207,0.45015,0.2687
0.33527,0.55566,0.4191,0.26839,0.21741,0.47853,0.49897,0.41516,0.36975,0.35792,0.36711,0.32032,0.31586,0.36479,0.4785,0.39278,0.3227,0.50553,0.5033,0.40206,0.4557,0.39434,0.43697,1,0.38333,0.26877,0.23928,0.38132,0.33326,0.39309,0.31429,0.29748,0.34187,0.29858,0.28598,0.30836,0.41452,0.29279,0.44269,0.28626,0.39974,0.36687,0.4374,0.24477,0.53565,0.31215,0.42768,0.29434,0.37378,0.3136,0.31196
0.52013,0.45569,0.28126,0.20596,0.14932,0.45907,0.46997,0.39943,0.29959,0.54664,0.41634,0.5268,0.31478,0.36812,0.48999,0.51496,0.24573,0.48889,0.5159,0.55465,0.44118,0.52277,0.53207,0.38333,1,0.21573,0.20114,0.56693,0.43119,0.26957,0.44058,0.21765,0.50633,0.52328,0.24515,0.26499,0.32717,0.26431,0.31323,0.29087,0.49419,0.2457,0.35441,0.17417,0.51166,0.3819,0.52506,0.29515,0.25355,0.32501,0.22289
0.20779,0.29529,0.25935,0.55696,0.45858,0.29667,0.35654,0.3378,0.22615,0.24505,0.32978,0.21567,0.4359,0.31996,0.28909,0.29507,0.53341,0.25903,0.28695,0.27963,0.37618,0.2677,0.31409,0.26877,0.21573,1,0.33108,0.21976,0.20206,0.2874,0.29783,0.46273,0.28745,0.20426,0.61822,0.26459,0.33312,0.32772,0.24379,0.27797,0.27594,0.30882,0.34944,0.25607,0.26203,0.24496,0.29094,0.35519,0.40182,0.2722,0.22128
0.21531,0.28901,0.22113,0.372,0.29702,0.31587,0.33313,0.34155,0.22693,0.26141,0.3264,0.23023,0.38015,0.32672,0.28551,0.29921,0.37506,0.25035,0.2979,0.28345,0.37445,0.30966,0.30921,0.23928,0.20114,0.33108,1,0.19347,0.14993,0.2483,0.23972,0.28686,0.2949,0.20841,0.39358,0.38605,0.27071,0.52159,0.23117,0.2095,0.23538,0.37092,0.34753,0.21009,0.24057,0.21734,0.32146,0.53209,0.33235,0.44167,0.19922
0.41006,0.41874,0.28677,0.20907,0.1537,0.42477,0.42608,0.3653,0.291,0.47339,0.36042,0.43909,0.30163,0.36692,0.44425,0.41769,0.24388,0.46747,0.42723,0.4882,0.3926,0.43378,0.47979,0.38132,0.56693,0.21976,0.19347,1,0.4733,0.26104,0.46287,0.22431,0.47602,0.43546,0.25053,0.25546,0.33791,0.24027,0.29205,0.24935,0.52629,0.23072,0.35725,0.20769,0.54767,0.38366,0.46286,0.28949,0.25911,0.33659,0.24304
0.3786,0.32769,0.27059,0.19407,0.14651,0.31718,0.3347,0.27558,0.23778,0.32149,0.28949,0.29643,0.25955,0.26165,0.33711,0.31525,0.23778,0.38361,0.3541,0.33131,0.30764,0.31859,0.33296,0.33326,0.43119,0.20206,0.14993,0.4733,1,0.25885,0.31472,0.24254,0.32855,0.32725,0.21338,0.18826,0.29827,0.17197,0.26998,0.20835,0.37457,0.17593,0.2799,0.1802,0.39104,0.25504,0.32127,0.21021,0.23548,0.21294,0.20652
0.27806,0.43609,0.43336,0.34936,0.28136,0.40502,0.41564,0.40576,0.46912,0.2684,0.30099,0.23757,0.31294,0.36821,0.38346,0.32109,0.40213,0.41165,0.41369,0.32915,0.40897,0.31169,0.34562,0.39309,0.26957,0.2874,0.2483,0.26104,0.25885,1,0.23879,0.35812,0.26483,0.23189,0.31552,0.29285,0.35735,0.30374,0.35486,0.2617,0.25478,0.40477,0.40068,0.29085,0.31302,0.25264,0.34129,0.26996,0.45372,0.25882,0.40852
0.39312,0.37797,0.22822,0.25659,0.18271,0.41,0.42805,0.39315,0.23734,0.53246,0.42905,0.51092,0.39655,0.41734,0.40829,0.50921,0.28206,0.35941,0.39525,0.50138,0.43443,0.47214,0.53211,0.31429,0.44058,0.29783,0.23972,0.46287,0.31472,0.23879,1,0.23343,0.56378,0.52318,0.32317,0.26527,0.34262,0.30865,0.24432,0.31988,0.59676,0.23757,0.35891,0.17021,0.38345,0.4362,0.48521,0.3435,0.25288,0.34664,0.18586
0.20053,0.30806,0.37084,0.55812,0.49424,0.31275,0.36392,0.34766,0.27466,0.22312,0.29805,0.19173,0.37516,0.27978,0.30802,0.2571,0.5894,0.30011,0.30079,0.27239,0.3583,0.25079,0.28509,0.29748,0.21765,0.46273,0.28686,0.22431,0.24254,0.35812,0.23343,1,0.24187,0.17962,0.4814,0.24056,0.30975,0.27043,0.28918,0.2725,0.24248,0.29888,0.34292,0.31908,0.27437,0.21683,0.26002,0.29729,0.50867,0.24246,0.29486
0.49815,0.44255,0.23962,0.26712,0.18548,0.46027,0.48848,0.42514,0.26123,0.63055,0.50343,0.56645,0.44837,0.46059,0.45898,0.62501,0.30812,0.41222,0.48497,0.5503,0.51673,0.57762,0.60562,0.34187,0.50633,0.28745,0.2949,0.47602,0.32855,0.26483,0.56378,0.24187,1,0.54764,0.34343,0.3595,0.39456,0.36414,0.28262,0.27496,0.56148,0.28385,0.41012,0.18311,0.44877,0.39285,0.64359,0.42822,0.2749,0.45702,0.19856
0.55301,0.37098,0.20473,0.19151,0.13413,0.39512,0.39176,0.33977,0.22932,0.5641,0.40145,0.60949,0.31547,0.37332,0.39541,0.54962,0.22661,0.36078,0.41875,0.48167,0.39141,0.51497,0.49562,0.29858,0.52328,0.20426,0.20841,0.43546,0.32725,0.23189,0.52318,0.17962,0.54764,1,0.23222,0.26865,0.30135,0.27471,0.2476,0.2506,0.5107,0.21752,0.3262,0.13312,0.34773,0.37817,0.52101,0.28104,0.2017,0.31159,0.16179
0.23772,0.33957,0.27396,0.62469,0.45437,0.34962,0.41894,0.40534,0.26361,0.29259,0.39461,0.25496,0.53669,0.38213,0.33979,0.34071,0.60798,0.29882,0.33355,0.3338,0.44589,0.31106,0.37136,0.28598,0.24515,0.61822,0.39358,0.25053,0.21338,0.31552,0.32317,0.4814,0.34343,0.23222,1,0.31972,0.38204,0.38877,0.26493,0.28046,0.30884,0.36205,0.40485,0.27613,0.29946,0.27698,0.3439,0.43143,0.4305,0.33766,0.24971
0.28129,0.39063,0.25798,0.27946,0.22568,0.37873,0.40223,0.36923,0.27267,0.33643,0.3827,0.30943,0.34736,0.37428,0.38797,0.37714,0.32366,0.33045,0.37239,0.33432,0.41221,0.37293,0.38192,0.30836,0.26499,0.26459,0.38605,0.25546,0.18826,0.29285,0.26527,0.24056,0.3595,0.26865,0.31972,1,0.32301,0.37984,0.32617,0.19668,0.2964,0.45555,0.3773,0.18893,0.32548,0.26175,0.41948,0.36237,0.28068,0.42548,0.22769
0.31502,0.41375,0.25785,0.33175,0.23597,0.38538,0.41056,0.35143,0.3014,0.35336,0.3629,0.30192,0.3746,0.44377,0.35001,0.37947,0.36968,0.36222,0.3877,0.34289,0.42664,0.34106,0.38969,0.41452,0.32717,0.33312,0.27071,0.33791,0.29827,0.35735,0.34262,0.30975,0.39456,0.30135,0.38204,0.32301,1,0.32225,0.28392,0.23633,0.41178,0.33319,0.5115,0.23236,0.39498,0.32649,0.40683,0.34297,0.35891,0.32755,0.24687
0.27438,0.39124,0.25671,0.36022,0.27157,0.41579,0.41369,0.44694,0.2961,0.33941,0.38889,0.30921,0.4063,0.46625,0.35414,0.4071,0.36916,0.30954,0.39576,0.38696,0.48426,0.40367,0.42136,0.29279,0.26431,0.32772,0.52159,0.24027,0.17197,0.30374,0.30865,0.27043,0.36414,0.27471,0.38877,0.37984,0.32225,1,0.25978,0.28218,0.29667,0.44957,0.44622,0.22256,0.28815,0.2882,0.43052,0.5341,0.3846,0.48069,0.23412
0.30419,0.47073,0.44233,0.2521,0.23234,0.39064,0.44588,0.37409,0.31406,0.28683,0.34531,0.27433,0.29977,0.28619,0.44383,0.35272,0.31376,0.42587,0.4253,0.34057,0.39669,0.33689,0.38088,0.44269,0.31323,0.24379,0.23117,0.29205,0.26998,0.35486,0.24432,0.28918,0.28262,0.2476,0.26493,0.32617,0.28392,0.25978,1,0.23891,0.29607,0.37229,0.34134,0.24098,0.41564,0.24153,0.37475,0.25188,0.33669,0.27367,0.29081
0.22293,0.31714,0.29718,0.26647,0.2128,0.3483,0.36183,0.39472,0.27632,0.29555,0.27437,0.27121,0.27646,0.26625,0.34581,0.30711,0.26635,0.30662,0.33341,0.35885,0.35436,0.30879,0.3395,0.28626,0.29087,0.27797,0.2095,0.24935,0.20835,0.2617,0.31988,0.2725,0.27496,0.2506,0.28046,0.19668,0.23633,0.28218,0.23891,1,0.27148,0.2459,0.28832,0.18573,0.27522,0.35188,0.28862,0.25417,0.30535,0.23157,0.22004
0.44804,0.44203,0.25177,0.24777,0.18042,0.43094,0.45937,0.38945,0.25349,0.51354,0.44385,0.49472,0.39297,0.43169,0.43918,0.52498,0.29109,0.406,0.45206,0.48768,0.44866,0.48248,0.55378,0.39974,0.49419,0.27594,0.23538,0.52629,0.37457,0.25478,0.59676,0.24248,0.56148,0.5107,0.30884,0.2964,0.41178,0.29667,0.29607,0.27148,1,0.25753,0.41173,0.18246,0.49013,0.39197,0.52834,0.34021,0.26681,0.3596,0.19939
0.2378,0.44629,0.36349,0.35518,0.31361,0.40204,0.43807,0.43137,0.37224,0.27644,0.35166,0.2548,0.33615,0.40417,0.39037,0.34492,0.38215,0.34458,0.39556,0.33275,0.44454,0.32889,0.37301,0.36687,0.2457,0.30882,0.37092,0.23072,0.17593,0.40477,0.23757,0.29888,0.28385,0.21752,0.36205,0.45555,0.33319,0.44957,0.37229,0.2459,0.25753,1,0.44477,0.27545,0.32024,0.265,0.38056,0.35287,0.41851,0.3698,0.34126
0.32165,0.49616,0.34823,0.38063,0.27614,0.48432,0.52836,0.45022,0.36574,0.36847,0.40825,0.32825,0.38902,0.55598,0.42915,0.44274,0.41532,0.4054,0.47623,0.44512,0.5304,0.4122,0.48533,0.4374,0.35441,0.34944,0.34753,0.35725,0.2799,0.40068,0.35891,0.34292,0.41012,0.3262,0.40485,0.3773,0.5115,0.44622,0.34134,0.28832,0.41173,0.44477,1,0.27432,0.41158,0.38563,0.49818,0.4058,0.44281,0.41194,0.30273
0.15413,0.26018,0.33763,0.29701,0.29523,0.23652,0.25667,0.26838,0.30116,0.16462,0.19602,0.14673,0.23933,0.23485,0.23388,0.18895,0.29177,0.25223,0.23312,0.21774,0.25466,0.18495,0.22421,0.24477,0.17417,0.25607,0.21009,0.20769,0.1802,0.29085,0.17021,0.31908,0.18311,0.13312,0.27613,0.18893,0.23236,0.22256,0.24098,0.18573,0.18246,0.27545,0.27432,1,0.24864,0.17492,0.21248,0.24826,0.39799,0.23808,0.41451
0.39303,0.54074,0.36616,0.25156,0.19646,0.48616,0.52305,0.44783,0.34977,0.44939,0.41413,0.40091,0.35636,0.37531,0.54848,0.44505,0.30175,0.5815,0.52343,0.48156,0.48305,0.45486,0.51903,0.53565,0.51166,0.26203,0.24057,0.54767,0.39104,0.31302,0.38345,0.27437,0.44877,0.34773,0.29946,0.32548,0.39498,0.28815,0.41564,0.27522,0.49013,0.32024,0.41158,0.24864,1,0.33914,0.50174,0.34404,0.33156,0.39,0.29288
0.27474,0.35385,0.25357,0.23035,0.1662,0.40485,0.40794,0.37114,0.28842,0.39346,0.30827,0.36809,0.27634,0.36652,0.37583,0.3662,0.23591,0.33504,0.36649,0.44424,0.37576,0.37399,0.42991,0.31215,0.3819,0.24496,0.21734,0.38366,0.25504,0.25264,0.4362,0.21683,0.39285,0.37817,0.27698,0.26175,0.32649,0.2882,0.24153,0.35188,0.39197,0.265,0.38563,0.17492,0.33914,1,0.38943,0.27932,0.25425,0.29288,0.21936
0.53732,0.59707,0.30867,0.28765,0.20739,0.57308,0.61228,0.51672,0.33276,0.59221,0.56334,0.56332,0.44893,0.54888,0.57669,0.76227,0.34213,0.50546,0.63616,0.6276,0.63678,0.67203,0.74933,0.42768,0.52506,0.29094,0.32146,0.46286,0.32127,0.34129,0.48521,0.26002,0.64359,0.52101,0.3439,0.41948,0.40683,0.43052,0.37475,0.28862,0.52834,0.38056,0.49818,0.21248,0.50174,0.38943,1,0.43379,0.32626,0.48935,0.24971
0.29441,0.36373,0.24811,0.36314,0.26761,0.38903,0.41154,0.43261,0.2713,0.36262,0.40594,0.31433,0.47256,0.42626,0.3583,0.39863,0.38019,0.32994,0.39163,0.38926,0.47437,0.40248,0.42876,0.29434,0.29515,0.35519,0.53209,0.28949,0.21021,0.26996,0.3435,0.29729,0.42822,0.28104,0.43143,0.36237,0.34297,0.5341,0.25188,0.25417,0.34021,0.35287,0.4058,0.24826,0.34404,0.27932,0.43379,1,0.37167,0.57703,0.23068
0.23257,0.41221,0.4454,0.48355,0.41284,0.39946,0.43081,0.44409,0.38685,0.25955,0.32081,0.22349,0.36778,0.37113,0.35964,0.30468,0.49616,0.36383,0.3802,0.33113,0.44263,0.30427,0.35207,0.37378,0.25355,0.40182,0.33235,0.25911,0.23548,0.45372,0.25288,0.50867,0.2749,0.2017,0.4305,0.28068,0.35891,0.3846,0.33669,0.30535,0.26681,0.41851,0.44281,0.39799,0.33156,0.25425,0.32626,0.37167,1,0.31882,0.4001
0.3104,0.40689,0.25622,0.27935,0.21297,0.42174,0.41732,0.42295,0.28341,0.4101,0.39949,0.37031,0.39326,0.43305,0.39789,0.42536,0.30933,0.36476,0.39614,0.41793,0.45918,0.44135,0.45015,0.3136,0.32501,0.2722,0.44167,0.33659,0.21294,0.25882,0.34664,0.24246,0.45702,0.31159,0.33766,0.42548,0.32755,0.48069,0.27367,0.23157,0.3596,0.3698,0.41194,0.23808,0.39,0.29288,0.48935,0.57703,0.31882,1,0.23977
0.18448,0.33288,0.45704,0.2718,0.25247,0.31569,0.32009,0.33882,0.47917,0.20417,0.22513,0.1819,0.22758,0.27665,0.31074,0.2198,0.28152,0.33355,0.30183,0.27398,0.2988,0.2306,0.2687,0.31196,0.22289,0.22128,0.19922,0.24304,0.20652,0.40852,0.18586,0.29486,0.19856,0.16179,0.24971,0.22769,0.24687,0.23412,0.29081,0.22004,0.19939,0.34126,0.30273,0.41451,0.29288,0.21936,0.24971,0.23068,0.4001,0.23977,1
