1,3.0692e-07,1.0511e-10,0.31005,8.3011e-08,0.16944,5.5784e-11,9.3463e-12,3.8347e-12,2.1566e-13,2.0097e-05,3.8977e-20,1.2447e-06,4.9386e-08,0.14764,1.9577e-07,6.8638e-10,6.6924e-11,1.9442e-16,3.3197e-14,1.002e-14,0.00090689,4.1104e-16,1.9159e-13,0.0074595,1.5406e-15,2.3423e-23,1.0055e-27,0.004062,0.11439,8.8537e-14,1.6005e-05,7.9344e-05,8.2186e-24,4.0971e-24,0.15839,1.7138e-27,8.0974e-08,0.0014698,4.8293e-18,4.1385e-10,6.1215e-22,0.0040384,2.2004e-15,1.0782e-22,1.6529e-07,0.0758,3.675e-13,2.6589e-09,3.3241e-24,3.1571e-25
3.0692e-07,1,0.0002552,5.104e-07,0.09296,6.1469e-07,0.00013951,2.3501e-05,1.0314e-05,5.8682e-07,7.5662e-12,1.0991e-13,0.092833,0.039677,7.5062e-07,0.13833,0.0014757,0.00016884,5.4336e-10,8.8276e-08,2.77e-08,0.00026371,1.1176e-09,5.054e-07,3.3884e-05,3.5984e-09,6.8339e-17,2.9141e-21,5.5793e-05,6.488e-07,2.395e-07,0.0013986,0.0022887,2.3668e-17,1.18e-17,5.4379e-07,4.8918e-21,3.0924e-14,2.3156e-06,1.3596e-11,0.00086978,1.7149e-15,5.356e-05,5.9736e-09,3.0569e-16,0.040485,6.0204e-07,9.3749e-07,0.00096952,9.6274e-18,9.1089e-19
1.0511e-10,0.0002552,1,1.7355e-10,0.00098187,2.1963e-10,0.17109,0.048978,0.023162,0.0016461,2.5151e-15,3.3097e-10,7.2418e-05,0.00085133,2.5424e-10,0.0004378,0.065556,0.11862,1.6053e-06,0.00024996,7.9348e-05,9.7063e-08,3.3518e-06,0.0013395,1.2282e-08,7.8079e-06,2.0238e-13,8.9183e-18,1.9761e-08,2.235e-10,0.00061211,1.1709e-06,9.5621e-07,7.0847e-14,3.6113e-14,1.9698e-10,1.4468e-17,1.0163e-17,1.1264e-09,4.1084e-08,0.072281,5.1112e-12,2.0001e-08,1.7018e-05,8.8139e-13,0.00026048,2.2221e-10,0.0024159,0.00093561,2.8807e-14,2.7338e-15
0.31005,5.104e-07,1.7355e-10,1,1.3911e-07,0.16727,9.4451e-11,1.5886e-11,6.3796e-12,3.5877e-13,1.1376e-05,6.5426e-20,2.1083e-06,7.9085e-08,0.14063,3.2523e-07,1.1281e-09,1.1243e-10,3.2589e-16,5.634e-14,1.6833e-14,0.0014059,6.8809e-16,3.1853e-13,0.011888,2.6227e-15,3.9069e-23,1.6932e-27,0.0067781,0.15378,1.4946e-13,2.512e-05,0.00012187,1.3783e-23,6.8651e-24,0.13817,2.879e-27,4.6027e-08,0.0017453,8.1583e-18,6.8491e-10,1.0373e-21,0.0074311,3.7545e-15,1.8121e-22,2.682e-07,0.071772,6.2396e-13,4.3041e-09,5.5701e-24,5.3514e-25
8.3011e-08,0.09296,0.00098187,1.3911e-07,1,1.711e-07,0.00055699,9.4166e-05,3.8529e-05,2.2537e-06,1.9805e-12,4.214e-13,0.043718,0.045132,1.9634e-07,0.14744,0.0055266,0.0006185,2.0908e-09,3.4905e-07,1.0663e-07,7.2431e-05,4.3836e-09,1.9465e-06,9.4773e-06,1.3292e-08,2.5569e-16,1.1175e-20,1.525e-05,1.7399e-07,8.9971e-07,0.00045309,0.00064744,8.9555e-17,4.5293e-17,1.5126e-07,1.8439e-20,7.9667e-15,6.2551e-07,5.2789e-11,0.003268,6.6071e-15,1.559e-05,2.3401e-08,1.1405e-15,0.035051,1.6574e-07,3.7212e-06,0.0018167,3.6331e-17,3.4703e-18
0.16944,6.1469e-07,2.1963e-10,0.16727,1.711e-07,1,1.164e-10,1.9597e-11,7.9852e-12,4.5411e-13,8.5741e-06,8.2893e-20,2.5005e-06,9.8587e-08,0.10505,3.9774e-07,1.4356e-09,1.3965e-10,4.1146e-16,7.0042e-14,2.1064e-14,0.0016529,8.754e-16,4.0537e-13,0.01265,3.2105e-15,4.9856e-23,2.1528e-27,0.006746,0.081818,1.8484e-13,2.9739e-05,0.00015099,1.7498e-23,8.7596e-24,0.11762,3.6514e-27,3.4965e-08,0.0017314,1.0259e-17,8.6262e-10,1.3046e-21,0.0069915,4.646e-15,2.2888e-22,3.271e-07,0.060293,7.7309e-13,5.3663e-09,7.1023e-24,6.7271e-25
5.5784e-11,0.00013951,0.17109,9.4451e-11,0.00055699,1.164e-10,1,0.14441,0.043473,0.0032133,1.2917e-15,6.6865e-10,4.2357e-05,0.00043231,1.3203e-10,0.00025178,0.046993,0.13309,3.2306e-06,0.00056662,0.00016366,5.1225e-08,6.79e-06,0.0027492,6.6732e-09,1.5761e-05,3.8184e-13,1.7596e-17,1.0635e-08,1.1965e-10,0.0012602,6.1913e-07,4.8867e-07,1.3648e-13,7.1081e-14,1.0424e-10,2.7974e-17,5.1013e-18,5.7147e-10,8.4723e-08,0.055072,1.0372e-11,1.1398e-08,3.7629e-05,1.6999e-12,0.00013456,1.1508e-10,0.0059992,0.00061664,5.5899e-14,5.4374e-15
9.3463e-12,2.3501e-05,0.048978,1.5886e-11,9.4166e-05,1.9597e-11,0.14441,1,0.13471,0.01635,2.1553e-16,3.9808e-09,7.1808e-06,7.8558e-05,2.2068e-11,4.3132e-05,0.0091378,0.052252,1.8795e-05,0.003379,0.00092708,8.5378e-09,3.9361e-05,0.01434,1.1228e-09,8.1965e-05,2.2105e-12,1.0457e-16,1.7891e-09,2.0122e-11,0.0064679,1.1033e-07,8.2471e-08,7.9927e-13,4.2059e-13,1.7491e-11,1.6424e-16,8.4599e-19,9.9672e-11,5.0411e-07,0.012375,6.1952e-11,1.9361e-09,0.00022375,9.8469e-12,2.4118e-05,1.9362e-11,0.036535,0.00017468,3.2855e-13,3.2193e-14
3.8347e-12,1.0314e-05,0.023162,6.3796e-12,3.8529e-05,7.9852e-12,0.043473,0.13471,1,0.038297,9.3547e-17,9.2065e-09,2.7165e-06,4.325e-05,9.5642e-12,1.7358e-05,0.0039189,0.032638,4.4259e-05,0.0058301,0.0021244,3.6027e-09,8.6285e-05,0.030101,4.4806e-10,0.00016186,5.722e-12,2.4768e-16,7.3807e-10,8.3759e-12,0.014953,5.2171e-08,3.6521e-08,1.9774e-12,1.0007e-12,7.1605e-12,4.0313e-16,3.8093e-19,4.9398e-11,1.1232e-06,0.0052508,1.3977e-10,7.3271e-10,0.0004375,2.4166e-11,1.1964e-05,8.1744e-12,0.042082,9.9812e-05,8.1232e-13,7.6276e-14
2.1566e-13,5.8682e-07,0.0016461,3.5877e-13,2.2537e-06,4.5411e-13,0.0032133,0.01635,0.038297,1,5.2151e-18,1.6183e-07,1.573e-07,2.5549e-06,5.3159e-13,9.8605e-07,0.00025031,0.0023426,0.0007559,0.076441,0.033005,2.0345e-10,0.0014925,0.16978,2.5503e-11,0.0017217,1.0027e-10,4.4481e-15,4.161e-11,4.7005e-13,0.12106,3.1284e-09,2.078e-09,3.4769e-11,1.7984e-11,4.0876e-13,7.071e-15,2.1105e-20,2.8405e-12,2.0045e-05,0.00037157,2.4772e-09,4.1911e-11,0.0070289,4.2101e-10,7.1448e-07,4.662e-13,0.12753,8.429e-06,1.4281e-11,1.3558e-12
2.0097e-05,7.5662e-12,2.5151e-15,1.1376e-05,1.9805e-12,8.5741e-06,1.2917e-15,2.1553e-16,9.3547e-17,5.2151e-18,1,9.3126e-25,2.8059e-11,1.4008e-12,8.2057e-06,4.5781e-12,1.6383e-14,1.6584e-15,4.6752e-21,7.7045e-19,2.4046e-19,2.2216e-08,9.7514e-21,4.6132e-18,1.6771e-07,3.8492e-20,5.9059e-28,2.4293e-32,1.0361e-07,7.9065e-06,2.158e-18,6.3619e-10,2.1162e-09,2.0313e-28,9.9024e-29,9.079e-06,4.2847e-32,0.0027721,3.8654e-07,1.1431e-22,9.9522e-15,1.4628e-26,9.1758e-08,5.1584e-20,2.7022e-27,4.6059e-12,7.2944e-06,8.4311e-18,8.7192e-14,8.219e-29,7.6638e-30
3.8977e-20,1.0991e-13,3.3097e-10,6.5426e-20,4.214e-13,8.2893e-20,6.6865e-10,3.9808e-09,9.2065e-09,1.6183e-07,9.3126e-25,1,2.9699e-14,5.1059e-13,9.608e-20,1.8873e-13,5.0595e-11,4.9017e-10,0.00017363,1.0871e-06,3.5384e-06,3.6804e-17,7.7897e-05,1.8003e-07,4.675e-18,9.3545e-06,0.00038579,2.4664e-08,7.6158e-18,8.6352e-20,3.678e-07,6.8113e-16,3.793e-16,0.00015144,9.4125e-05,7.4329e-20,3.2841e-08,3.7148e-27,6.0699e-19,0.007181,7.8638e-11,0.0098419,7.8994e-18,1.5782e-05,0.0011622,1.4665e-13,8.5256e-20,9.8736e-08,3.4752e-12,6.8455e-05,7.0196e-06
1.2447e-06,0.092833,7.2418e-05,2.1083e-06,0.043718,2.5005e-06,4.2357e-05,7.1808e-06,2.7165e-06,1.573e-07,2.8059e-11,2.9699e-14,1,0.011163,2.7591e-06,0.10386,0.00044956,4.4124e-05,1.4588e-10,2.5645e-08,7.4826e-09,0.0010184,3.0953e-10,1.3947e-07,0.00014594,1.0197e-09,1.7199e-17,7.7238e-22,0.00022131,2.5064e-06,6.3953e-08,0.0028283,0.0073405,6.1332e-18,3.1287e-18,2.2253e-06,1.2682e-21,1.0987e-13,5.963e-06,3.7189e-12,0.00026584,4.6724e-16,0.00025077,1.6929e-09,7.8496e-17,0.022132,2.2966e-06,2.8342e-07,0.00037768,2.4912e-18,2.4065e-19
4.9386e-08,0.039677,0.00085133,7.9085e-08,0.045132,9.8587e-08,0.00043231,7.8558e-05,4.325e-05,2.5549e-06,1.4008e-12,5.1059e-13,0.011163,1,1.3002e-07,0.035331,0.0040273,0.00066394,2.4686e-09,3.4671e-07,1.2184e-07,4.0188e-05,4.8349e-09,2.1018e-06,4.9781e-06,1.4769e-08,3.5223e-16,1.4309e-20,8.5726e-06,1.0558e-07,1.0419e-06,0.00031971,0.00039338,1.1775e-16,5.7562e-17,8.7746e-08,2.471e-20,6.0394e-15,5.0869e-07,6.1228e-11,0.0024854,7.9527e-15,7.2157e-06,2.4718e-08,1.508e-15,0.025164,1.0374e-07,3.3588e-06,0.0016913,4.8165e-17,4.4309e-18
0.14764,7.5062e-07,2.5424e-10,0.14063,1.9634e-07,0.10505,1.3203e-10,2.2068e-11,9.5642e-12,5.3159e-13,8.2057e-06,9.608e-20,2.7591e-06,1.3002e-07,1,4.6011e-07,1.6414e-09,1.6796e-10,4.8092e-16,7.8935e-14,2.4778e-14,0.0019778,1.0007e-15,4.7003e-13,0.012716,3.7481e-15,6.029e-23,2.5066e-27,0.008316,0.097237,2.1956e-13,3.9639e-05,0.00019421,2.0785e-23,1.0207e-23,0.090722,4.3473e-27,3.5089e-08,0.0029538,1.1805e-17,9.9329e-10,1.5092e-21,0.0064196,5.296e-15,2.7166e-22,4.1911e-07,0.070412,8.6433e-13,6.5821e-09,8.4148e-24,7.8669e-25
1.9577e-07,0.13833,0.0004378,3.2523e-07,0.14744,3.9774e-07,0.00025178,4.3132e-05,1.7358e-05,9.8605e-07,4.5781e-12,1.8873e-13,0.10386,0.035331,4.6011e-07,1,0.0026904,0.00027046,9.2667e-10,1.5612e-07,4.7318e-08,0.00016879,1.9322e-09,8.8552e-07,2.249e-05,6.1499e-09,1.1065e-16,4.8923e-21,3.5336e-05,4.0168e-07,3.9979e-07,0.00084077,0.0014612,3.9055e-17,1.9828e-17,3.5061e-07,8.0906e-21,1.8066e-14,1.2731e-06,2.3282e-11,0.0015169,2.9316e-15,3.7055e-05,1.0409e-08,4.9778e-16,0.040339,3.773e-07,1.7167e-06,0.0012166,1.5998e-17,1.5234e-18
6.8638e-10,0.0014757,0.065556,1.1281e-09,0.0055266,1.4356e-09,0.046993,0.0091378,0.0039189,0.00025031,1.6383e-14,5.0595e-11,0.00044956,0.0040273,1.6414e-09,0.0026904,1,0.038009,2.4415e-07,3.929e-05,1.2214e-05,6.2189e-07,5.141e-07,0.00021926,7.9527e-08,1.3414e-06,3.0295e-14,1.3504e-18,1.2659e-07,1.4341e-09,9.7599e-05,6.7119e-06,5.9698e-06,1.0751e-14,5.4571e-15,1.281e-09,2.1949e-18,6.5511e-17,6.4883e-09,6.2483e-09,0.097184,7.8371e-13,1.2959e-07,2.6427e-06,1.341e-13,0.001353,1.4081e-09,0.00039924,0.0021978,4.3712e-15,4.1431e-16
6.6924e-11,0.00016884,0.11862,1.1243e-10,0.0006185,1.3965e-10,0.13309,0.052252,0.032638,0.0023426,1.6584e-15,4.9017e-10,4.4124e-05,0.00066394,1.6796e-10,0.00027046,0.038009,1,2.3757e-06,0.000338,0.00011614,6.166e-08,4.7618e-06,0.0018662,7.7172e-09,1.1004e-05,3.1528e-13,1.3446e-17,1.2897e-08,1.4721e-10,0.00093093,8.2907e-07,6.2795e-07,1.0815e-13,5.4144e-14,1.2439e-10,2.2038e-17,6.8498e-18,8.2122e-10,6.0451e-08,0.043074,7.5374e-12,1.2618e-08,2.4545e-05,1.3561e-12,0.00018437,1.4325e-10,0.0030134,0.00072132,4.407e-14,4.1688e-15
1.9442e-16,5.4336e-10,1.6053e-06,3.2589e-16,2.0908e-09,4.1146e-16,3.2306e-06,1.8795e-05,4.4259e-05,0.0007559,4.6752e-21,0.00017363,1.4588e-10,2.4686e-09,4.8092e-16,9.2667e-10,2.4415e-07,2.3757e-06,1,0.0045981,0.014785,1.8399e-13,0.1386,0.00081067,2.3132e-14,0.009108,1.0404e-07,4.9599e-12,3.7828e-14,4.2954e-16,0.0015881,3.1795e-12,1.8781e-12,3.7253e-08,1.9734e-08,3.6869e-16,7.4934e-12,1.8794e-23,2.8315e-15,0.01991,3.7412e-07,2.6394e-06,3.8792e-14,0.051529,4.1764e-07,7.0576e-10,4.2349e-16,0.00043217,1.3231e-08,1.5526e-08,1.4901e-09
3.3197e-14,8.8276e-08,0.00024996,5.634e-14,3.4905e-07,7.0042e-14,0.00056662,0.003379,0.0058301,0.076441,7.7045e-19,1.0871e-06,2.5645e-08,3.4671e-07,7.8935e-14,1.5612e-07,3.929e-05,0.000338,0.0045981,1,0.1412,3.0713e-11,0.0093028,0.078011,3.9939e-12,0.006949,5.8654e-10,2.9232e-14,6.4097e-12,7.2302e-14,0.09893,4.6341e-10,3.025e-10,2.1578e-10,1.1657e-10,6.2788e-14,4.4136e-14,3.0318e-21,4.0834e-13,0.00013869,5.8522e-05,1.6887e-08,6.8804e-12,0.054801,2.5606e-09,1.0366e-07,7.0109e-14,0.077541,1.4976e-06,8.9295e-11,8.9167e-12
1.002e-14,2.77e-08,7.9348e-05,1.6833e-14,1.0663e-07,2.1064e-14,0.00016366,0.00092708,0.0021244,0.033005,2.4046e-19,3.5384e-06,7.4826e-09,1.2184e-07,2.4778e-14,4.7318e-08,1.2214e-05,0.00011614,0.014785,0.1412,1,9.4126e-12,0.026502,0.03239,1.1918e-12,0.011074,2.1109e-09,9.6753e-14,1.9527e-12,2.2057e-14,0.055231,1.5358e-10,9.6583e-11,7.3744e-10,3.8834e-10,1.8901e-14,1.5034e-13,9.6838e-22,1.3866e-13,0.00043529,1.8348e-05,5.3865e-08,1.9921e-12,0.10981,8.7533e-09,3.4806e-08,2.171e-14,0.018734,5.4021e-07,3.0659e-10,2.9443e-11
0.00090689,0.00026371,9.7063e-08,0.0014059,7.2431e-05,0.0016529,5.1225e-08,8.5378e-09,3.6027e-09,2.0345e-10,2.2216e-08,3.6804e-17,0.0010184,4.0188e-05,0.0019778,0.00016879,6.2189e-07,6.166e-08,1.8399e-13,3.0713e-11,9.4126e-12,1,3.8908e-13,1.7925e-10,0.068398,1.3652e-12,2.2519e-20,9.62e-25,0.084161,0.0015693,8.2311e-11,0.0039086,0.04405,7.8847e-21,3.9203e-21,0.0014924,1.6316e-24,9.06e-11,0.0011228,4.5595e-15,3.7343e-07,5.7752e-19,0.07616,2.0385e-12,1.0233e-19,0.00012745,0.0014292,3.3548e-10,1.636e-06,3.1767e-21,2.9996e-22
4.1104e-16,1.1176e-09,3.3518e-06,6.8809e-16,4.3836e-09,8.754e-16,6.79e-06,3.9361e-05,8.6285e-05,0.0014925,9.7514e-21,7.7897e-05,3.0953e-10,4.8349e-09,1.0007e-15,1.9322e-09,5.141e-07,4.7618e-06,0.1386,0.0093028,0.026502,3.8908e-13,1,0.0016551,4.9129e-14,0.010879,4.5625e-08,2.2865e-12,7.9454e-14,8.9626e-16,0.0028268,6.5481e-12,3.9368e-12,1.667e-08,9.1284e-09,7.9097e-16,3.3544e-12,3.8974e-23,5.575e-15,0.0091331,7.8926e-07,1.2331e-06,8.2547e-14,0.082952,1.8447e-07,1.4338e-09,8.9511e-16,0.00090012,2.5731e-08,6.7998e-09,6.7283e-10
1.9159e-13,5.054e-07,0.0013395,3.1853e-13,1.9465e-06,4.0537e-13,0.0027492,0.01434,0.030101,0.16978,4.6132e-18,1.8003e-07,1.3947e-07,2.1018e-06,4.7003e-13,8.8552e-07,0.00021926,0.0018662,0.00081067,0.078011,0.03239,1.7925e-10,0.0016551,1,2.2617e-11,0.0017467,1.0631e-10,4.9048e-15,3.6596e-11,4.136e-13,0.097466,2.7176e-09,1.8119e-09,3.7737e-11,1.9706e-11,3.6254e-13,7.7335e-15,1.841e-20,2.4407e-12,2.1791e-05,0.00030998,2.7629e-09,3.7479e-11,0.0074516,4.5267e-10,6.1302e-07,4.0839e-13,0.13054,7.6202e-06,1.5634e-11,1.4804e-12
0.0074595,3.3884e-05,1.2282e-08,0.011888,9.4773e-06,0.01265,6.6732e-09,1.1228e-09,4.4806e-10,2.5503e-11,1.6771e-07,4.675e-18,0.00014594,4.9781e-06,0.012716,2.249e-05,7.9527e-08,7.7172e-09,2.3132e-14,3.9939e-12,1.1918e-12,0.068398,4.9129e-14,2.2617e-11,1,1.7746e-13,2.7595e-21,1.209e-25,0.17399,0.010972,1.0408e-11,0.00086815,0.0070015,9.7662e-22,4.9136e-22,0.010855,2.0358e-25,6.6682e-10,0.0020684,5.8072e-16,4.77e-08,7.3497e-20,0.23811,2.6428e-13,1.2648e-20,1.6391e-05,0.0086351,4.4304e-11,2.3988e-07,3.9549e-22,3.7855e-23
1.5406e-15,3.5984e-09,7.8079e-06,2.6227e-15,1.3292e-08,3.2105e-15,1.5761e-05,8.1965e-05,0.00016186,0.0017217,3.8492e-20,9.3545e-06,1.0197e-09,1.4769e-08,3.7481e-15,6.1499e-09,1.3414e-06,1.1004e-05,0.009108,0.006949,0.011074,1.3652e-12,0.010879,0.0017467,1.7746e-13,1,6.931e-09,3.858e-13,2.8899e-13,3.4789e-15,0.0030674,2.2297e-11,1.2914e-11,2.6685e-09,1.3601e-09,2.9048e-15,5.8507e-13,1.5602e-22,2.0299e-14,0.0007084,2.0079e-06,1.8065e-07,3.0212e-13,0.017039,2.8994e-08,4.8102e-09,3.2778e-15,0.0012186,7.5032e-08,1.0708e-09,1.1166e-10
2.3423e-23,6.8339e-17,2.0238e-13,3.9069e-23,2.5569e-16,4.9856e-23,3.8184e-13,2.2105e-12,5.722e-12,1.0027e-10,5.9059e-28,0.00038579,1.7199e-17,3.5223e-16,6.029e-23,1.1065e-16,3.0295e-14,3.1528e-13,1.0404e-07,5.8654e-10,2.1109e-09,2.2519e-20,4.5625e-08,1.0631e-10,2.7595e-21,6.931e-09,1,3.1099e-05,4.6301e-21,5.303e-23,2.2998e-10,4.6529e-19,2.3954e-19,0.062052,0.05046,4.4807e-23,3.8692e-05,2.4593e-30,4.3639e-22,3.8301e-06,4.7554e-14,0.0093861,4.5447e-21,8.5788e-09,0.024383,9.784e-17,5.3143e-23,5.2112e-11,2.4857e-15,0.044445,0.0059594
1.0055e-27,2.9141e-21,8.9183e-18,1.6932e-27,1.1175e-20,2.1528e-27,1.7596e-17,1.0457e-16,2.4768e-16,4.4481e-15,2.4293e-32,2.4664e-08,7.7238e-22,1.4309e-20,2.5066e-27,4.8923e-21,1.3504e-18,1.3446e-17,4.9599e-12,2.9232e-14,9.6753e-14,9.62e-25,2.2865e-12,4.9048e-15,1.209e-25,3.858e-13,3.1099e-05,1,1.9867e-25,2.262e-27,1.0348e-14,1.9727e-23,1.0027e-23,9.0346e-05,0.00023247,1.9396e-27,0.031648,9.7662e-35,1.7792e-26,2.0606e-10,2.1326e-18,1.3808e-06,2.0469e-25,4.3537e-13,5.4992e-06,4.0924e-21,2.2571e-27,2.6125e-15,1.1618e-19,0.00023549,0.0024484
0.004062,5.5793e-05,1.9761e-08,0.0067781,1.525e-05,0.006746,1.0635e-08,1.7891e-09,7.3807e-10,4.161e-11,1.0361e-07,7.6158e-18,0.00022131,8.5726e-06,0.008316,3.5336e-05,1.2659e-07,1.2897e-08,3.7828e-14,6.4097e-12,1.9527e-12,0.084161,7.9454e-14,3.6596e-11,0.17399,2.8899e-13,4.6301e-21,1.9867e-25,1,0.0070404,1.7185e-11,0.0013798,0.010997,1.6188e-21,8.0534e-22,0.0059498,3.3738e-25,4.2503e-10,0.002429,9.4516e-16,7.6504e-08,1.2008e-19,0.15636,4.2793e-13,2.1148e-20,2.6983e-05,0.0054533,7.0318e-11,3.7865e-07,6.5612e-22,6.2398e-23
0.11439,6.488e-07,2.235e-10,0.15378,1.7399e-07,0.081818,1.1965e-10,2.0122e-11,8.3759e-12,4.7005e-13,7.9065e-06,8.6352e-20,2.5064e-06,1.0558e-07,0.097237,4.0168e-07,1.4341e-09,1.4721e-10,4.2954e-16,7.2302e-14,2.2057e-14,0.0015693,8.9626e-16,4.136e-13,0.010972,3.4789e-15,5.303e-23,2.262e-27,0.0070404,1,1.9718e-13,3.1392e-05,0.00014941,1.856e-23,9.1362e-24,0.07045,3.8839e-27,3.4227e-08,0.0021849,1.0673e-17,8.6804e-10,1.3712e-21,0.0065668,4.8723e-15,2.4505e-22,3.5771e-07,0.051216,7.8963e-13,5.5355e-09,7.503e-24,7.1516e-25
8.8537e-14,2.395e-07,0.00061211,1.4946e-13,8.9971e-07,1.8484e-13,0.0012602,0.0064679,0.014953,0.12106,2.158e-18,3.678e-07,6.3953e-08,1.0419e-06,2.1956e-13,3.9979e-07,9.7599e-05,0.00093093,0.0015881,0.09893,0.055231,8.2311e-11,0.0028268,0.097466,1.0408e-11,0.0030674,2.2998e-10,1.0348e-14,1.7185e-11,1.9718e-13,1,1.3217e-09,8.284e-10,8.0688e-11,4.1046e-11,1.6614e-13,1.6404e-14,8.7458e-21,1.2101e-12,4.4303e-05,0.00014294,5.6838e-09,1.7423e-11,0.01412,9.7704e-10,2.9578e-07,1.909e-13,0.068532,3.7931e-06,3.3108e-11,3.1745e-12
1.6005e-05,0.0013986,1.1709e-06,2.512e-05,0.00045309,2.9739e-05,6.1913e-07,1.1033e-07,5.2171e-08,3.1284e-09,6.3619e-10,6.8113e-16,0.0028283,0.00031971,3.9639e-05,0.00084077,6.7119e-06,8.2907e-07,3.1795e-12,4.6341e-10,1.5358e-10,0.0039086,6.5481e-12,2.7176e-09,0.00086815,2.2297e-11,4.6529e-19,1.9727e-23,0.0013798,3.1392e-05,1.3217e-09,1,0.0089334,1.6007e-19,7.7429e-20,2.6053e-05,3.3942e-23,2.9564e-12,6.5743e-05,8.0801e-14,4.148e-06,1.0994e-17,0.00105,3.3117e-11,2.045e-18,0.00073285,3.0647e-05,4.6917e-09,1.4306e-05,6.3926e-20,6.0989e-21
7.9344e-05,0.0022887,9.5621e-07,0.00012187,0.00064744,0.00015099,4.8867e-07,8.2471e-08,3.6521e-08,2.078e-09,2.1162e-09,3.793e-16,0.0073405,0.00039338,0.00019421,0.0014612,5.9698e-06,6.2795e-07,1.8781e-12,3.025e-10,9.6583e-11,0.04405,3.9368e-12,1.8119e-09,0.0070015,1.2914e-11,2.3954e-19,1.0027e-23,0.010997,0.00014941,8.284e-10,0.0089334,1,8.2109e-20,4.0806e-20,0.00013372,1.7192e-23,8.8998e-12,0.00026654,4.6481e-14,3.5473e-06,5.9168e-18,0.0083031,2.0255e-11,1.0615e-18,0.0010293,0.00014375,3.2565e-09,1.2464e-05,3.344e-20,3.1121e-21
8.2186e-24,2.3668e-17,7.0847e-14,1.3783e-23,8.9555e-17,1.7498e-23,1.3648e-13,7.9927e-13,1.9774e-12,3.4769e-11,2.0313e-28,0.00015144,6.1332e-18,1.1775e-16,2.0785e-23,3.9055e-17,1.0751e-14,1.0815e-13,3.7253e-08,2.1578e-10,7.3744e-10,7.8847e-21,1.667e-08,3.7737e-11,9.7662e-22,2.6685e-09,0.062052,9.0346e-05,1.6188e-21,1.856e-23,8.0688e-11,1.6007e-19,8.2109e-20,1,0.087382,1.5818e-23,9.7745e-05,8.3056e-31,1.4468e-22,1.4264e-06,1.6891e-14,0.0054023,1.628e-21,3.143e-09,0.012187,3.3675e-17,1.8508e-23,1.932e-11,8.7622e-16,0.065739,0.014999
4.0971e-24,1.18e-17,3.6113e-14,6.8651e-24,4.5293e-17,8.7596e-24,7.1081e-14,4.2059e-13,1.0007e-12,1.7984e-11,9.9024e-29,9.4125e-05,3.1287e-18,5.7562e-17,1.0207e-23,1.9828e-17,5.4571e-15,5.4144e-14,1.9734e-08,1.1657e-10,3.8834e-10,3.9203e-21,9.1284e-09,1.9706e-11,4.9136e-22,1.3601e-09,0.05046,0.00023247,8.0534e-22,9.1362e-24,4.1046e-11,7.7429e-20,4.0806e-20,0.087382,1,7.8928e-24,0.00021661,3.9844e-31,6.9454e-23,8.1957e-07,8.5801e-15,0.0041061,8.2685e-22,1.7199e-09,0.0090251,1.6325e-17,9.1572e-24,1.0436e-11,4.3613e-16,0.1323,0.040487
0.15839,5.4379e-07,1.9698e-10,0.13817,1.5126e-07,0.11762,1.0424e-10,1.7491e-11,7.1605e-12,4.0876e-13,9.079e-06,7.4329e-20,2.2253e-06,8.7746e-08,0.090722,3.5061e-07,1.281e-09,1.2439e-10,3.6869e-16,6.2788e-14,1.8901e-14,0.0014924,7.9097e-16,3.6254e-13,0.010855,2.9048e-15,4.4807e-23,1.9396e-27,0.0059498,0.07045,1.6614e-13,2.6053e-05,0.00013372,1.5818e-23,7.8928e-24,1,3.2815e-27,3.8056e-08,0.0014296,9.2065e-18,7.6958e-10,1.1729e-21,0.0059425,4.1536e-15,2.0509e-22,2.9544e-07,0.061098,6.9019e-13,4.8596e-09,6.3712e-24,6.0388e-25
1.7138e-27,4.8918e-21,1.4468e-17,2.879e-27,1.8439e-20,3.6514e-27,2.7974e-17,1.6424e-16,4.0313e-16,7.071e-15,4.2847e-32,3.2841e-08,1.2682e-21,2.471e-20,4.3473e-27,8.0906e-21,2.1949e-18,2.2038e-17,7.4934e-12,4.4136e-14,1.5034e-13,1.6316e-24,3.3544e-12,7.7335e-15,2.0358e-25,5.8507e-13,3.8692e-05,0.031648,3.3738e-25,3.8839e-27,1.6404e-14,3.3942e-23,1.7192e-23,9.7745e-05,0.00021661,3.2815e-27,1,1.7585e-34,3.1685e-26,2.9182e-10,3.4559e-18,1.6021e-06,3.4037e-25,6.5227e-13,6.746e-06,6.9794e-21,3.8707e-27,3.988e-15,1.9357e-19,0.00024266,0.0017533
8.0974e-08,3.0924e-14,1.0163e-17,4.6027e-08,7.9667e-15,3.4965e-08,5.1013e-18,8.4599e-19,3.8093e-19,2.1105e-20,0.0027721,3.7148e-27,1.0987e-13,6.0394e-15,3.5089e-08,1.8066e-14,6.5511e-17,6.8498e-18,1.8794e-23,3.0318e-21,9.6838e-22,9.06e-11,3.8974e-23,1.841e-20,6.6682e-10,1.5602e-22,2.4593e-30,9.7662e-35,4.2503e-10,3.4227e-08,8.7458e-21,2.9564e-12,8.8998e-12,8.3056e-31,3.9844e-31,3.8056e-08,1.7585e-34,1,2.362e-09,4.5463e-25,4.001e-17,5.8191e-29,3.5785e-10,2.0375e-22,1.1137e-29,1.9735e-14,3.2417e-08,3.2858e-20,3.8175e-16,3.3494e-31,3.094e-32
0.0014698,2.3156e-06,1.1264e-09,0.0017453,6.2551e-07,0.0017314,5.7147e-10,9.9672e-11,4.9398e-11,2.8405e-12,3.8654e-07,6.0699e-19,5.963e-06,5.0869e-07,0.0029538,1.2731e-06,6.4883e-09,8.2122e-10,2.8315e-15,4.0834e-13,1.3866e-13,0.0011228,5.575e-15,2.4407e-12,0.0020684,2.0299e-14,4.3639e-22,1.7792e-26,0.002429,0.0021849,1.2101e-12,6.5743e-05,0.00026654,1.4468e-22,6.9454e-23,0.0014296,3.1685e-26,2.362e-09,1,7.1214e-17,3.9639e-09,9.5737e-21,0.0013891,2.9122e-14,1.9038e-21,1.4092e-06,0.0017713,4.1145e-12,2.2836e-08,5.9507e-23,5.5211e-24
4.8293e-18,1.3596e-11,4.1084e-08,8.1583e-18,5.2789e-11,1.0259e-17,8.4723e-08,5.0411e-07,1.1232e-06,2.0045e-05,1.1431e-22,0.007181,3.7189e-12,6.1228e-11,1.1805e-17,2.3282e-11,6.2483e-09,6.0451e-08,0.01991,0.00013869,0.00043529,4.5595e-15,0.0091331,2.1791e-05,5.8072e-16,0.0007084,3.8301e-06,2.0606e-10,9.4516e-16,1.0673e-17,4.4303e-05,8.0801e-14,4.6481e-14,1.4264e-06,8.1957e-07,9.2065e-18,2.9182e-10,4.5463e-25,7.1214e-17,1,9.6891e-09,0.00010729,9.8958e-16,0.0019994,1.4817e-05,1.754e-11,1.0513e-17,1.2472e-05,3.7547e-10,6.0862e-07,6.1108e-08
4.1385e-10,0.00086978,0.072281,6.8491e-10,0.003268,8.6262e-10,0.055072,0.012375,0.0052508,0.00037157,9.9522e-15,7.8638e-11,0.00026584,0.0024854,9.9329e-10,0.0015169,0.097184,0.043074,3.7412e-07,5.8522e-05,1.8348e-05,3.7343e-07,7.8926e-07,0.00030998,4.77e-08,2.0079e-06,4.7554e-14,2.1326e-18,7.6504e-08,8.6804e-10,0.00014294,4.148e-06,3.5473e-06,1.6891e-14,8.5801e-15,7.6958e-10,3.4559e-18,4.001e-17,3.9639e-09,9.6891e-09,1,1.2406e-12,7.8495e-08,4.005e-06,2.0999e-13,0.00079235,8.5364e-10,0.00058165,0.0017532,6.8314e-15,6.5304e-16
6.1215e-22,1.7149e-15,5.1112e-12,1.0373e-21,6.6071e-15,1.3046e-21,1.0372e-11,6.1952e-11,1.3977e-10,2.4772e-09,1.4628e-26,0.0098419,4.6724e-16,7.9527e-15,1.5092e-21,2.9316e-15,7.8371e-13,7.5374e-12,2.6394e-06,1.6887e-08,5.3865e-08,5.7752e-19,1.2331e-06,2.7629e-09,7.3497e-20,1.8065e-07,0.0093861,1.3808e-06,1.2008e-19,1.3712e-21,5.6838e-09,1.0994e-17,5.9168e-18,0.0054023,0.0041061,1.1729e-21,1.6021e-06,5.8191e-29,9.5737e-21,0.00010729,1.2406e-12,1,1.255e-19,2.4543e-07,0.014713,2.3218e-15,1.3546e-21,1.542e-09,5.8039e-14,0.002644,0.0003372
0.0040384,5.356e-05,2.0001e-08,0.0074311,1.559e-05,0.0069915,1.1398e-08,1.9361e-09,7.3271e-10,4.1911e-11,9.1758e-08,7.8994e-18,0.00025077,7.2157e-06,0.0064196,3.7055e-05,1.2959e-07,1.2618e-08,3.8792e-14,6.8804e-12,1.9921e-12,0.07616,8.2547e-14,3.7479e-11,0.23811,3.0212e-13,4.5447e-21,2.0469e-25,0.15636,0.0065668,1.7423e-11,0.00105,0.0083031,1.628e-21,8.2685e-22,0.0059425,3.4037e-25,3.5785e-10,0.0013891,9.8958e-16,7.8495e-08,1.255e-19,1,4.571e-13,2.1188e-20,2.3788e-05,0.004752,7.6917e-11,3.6179e-07,6.6136e-22,6.4331e-23
2.2004e-15,5.9736e-09,1.7018e-05,3.7545e-15,2.3401e-08,4.646e-15,3.7629e-05,0.00022375,0.0004375,0.0070289,5.1584e-20,1.5782e-05,1.6929e-09,2.4718e-08,5.296e-15,1.0409e-08,2.6427e-06,2.4545e-05,0.051529,0.054801,0.10981,2.0385e-12,0.082952,0.0074516,2.6428e-13,0.017039,8.5788e-09,4.3537e-13,4.2793e-13,4.8723e-15,0.01412,3.3117e-11,2.0255e-11,3.143e-09,1.7199e-09,4.1536e-15,6.5227e-13,2.0375e-22,2.9122e-14,0.0019994,4.005e-06,2.4543e-07,4.571e-13,1,3.6608e-08,7.2362e-09,4.6938e-15,0.0053248,1.2244e-07,1.3142e-09,1.3274e-10
1.0782e-22,3.0569e-16,8.8139e-13,1.8121e-22,1.1405e-15,2.2888e-22,1.6999e-12,9.8469e-12,2.4166e-11,4.2101e-10,2.7022e-27,0.0011622,7.8496e-17,1.508e-15,2.7166e-22,4.9778e-16,1.341e-13,1.3561e-12,4.1764e-07,2.5606e-09,8.7533e-09,1.0233e-19,1.8447e-07,4.5267e-10,1.2648e-20,2.8994e-08,0.024383,5.4992e-06,2.1148e-20,2.4505e-22,9.7704e-10,2.045e-18,1.0615e-18,0.012187,0.0090251,2.0509e-22,6.746e-06,1.1137e-29,1.9038e-21,1.4817e-05,2.0999e-13,0.014713,2.1188e-20,3.6608e-08,1,4.3003e-16,2.4009e-22,2.3108e-10,1.0295e-14,0.0077159,0.0010498
1.6529e-07,0.040485,0.00026048,2.682e-07,0.035051,3.271e-07,0.00013456,2.4118e-05,1.1964e-05,7.1448e-07,4.6059e-12,1.4665e-13,0.022132,0.025164,4.1911e-07,0.040339,0.001353,0.00018437,7.0576e-10,1.0366e-07,3.4806e-08,0.00012745,1.4338e-09,6.1302e-07,1.6391e-05,4.8102e-09,9.784e-17,4.0924e-21,2.6983e-05,3.5771e-07,2.9578e-07,0.00073285,0.0010293,3.3675e-17,1.6325e-17,2.9544e-07,6.9794e-21,1.9735e-14,1.4092e-06,1.754e-11,0.00079235,2.3218e-15,2.3788e-05,7.2362e-09,4.3003e-16,1,3.3429e-07,1.0208e-06,0.00081324,1.3528e-17,1.2636e-18
0.0758,6.0204e-07,2.2221e-10,0.071772,1.6574e-07,0.060293,1.1508e-10,1.9362e-11,8.1744e-12,4.662e-13,7.2944e-06,8.5256e-20,2.2966e-06,1.0374e-07,0.070412,3.773e-07,1.4081e-09,1.4325e-10,4.2349e-16,7.0109e-14,2.171e-14,0.0014292,8.9511e-16,4.0839e-13,0.0086351,3.2778e-15,5.3143e-23,2.2571e-27,0.0054533,0.051216,1.909e-13,3.0647e-05,0.00014375,1.8508e-23,9.1572e-24,0.061098,3.8707e-27,3.2417e-08,0.0017713,1.0513e-17,8.5364e-10,1.3546e-21,0.004752,4.6938e-15,2.4009e-22,3.3429e-07,1,7.6481e-13,5.3233e-09,7.4523e-24,7.0583e-25
3.675e-13,9.3749e-07,0.0024159,6.2396e-13,3.7212e-06,7.7309e-13,0.0059992,0.036535,0.042082,0.12753,8.4311e-18,9.8736e-08,2.8342e-07,3.3588e-06,8.6433e-13,1.7167e-06,0.00039924,0.0030134,0.00043217,0.077541,0.018734,3.3548e-10,0.00090012,0.13054,4.4304e-11,0.0012186,5.2112e-11,2.6125e-15,7.0318e-11,7.8963e-13,0.068532,4.6917e-09,3.2565e-09,1.932e-11,1.0436e-11,6.9019e-13,3.988e-15,3.2858e-20,4.1145e-12,1.2472e-05,0.00058165,1.542e-09,7.6917e-11,0.0053248,2.3108e-10,1.0208e-06,7.6481e-13,1,1.1892e-05,8.0017e-12,7.954e-13
2.6589e-09,0.00096952,0.00093561,4.3041e-09,0.0018167,5.3663e-09,0.00061664,0.00017468,9.9812e-05,8.429e-06,8.7192e-14,3.4752e-12,0.00037768,0.0016913,6.5821e-09,0.0012166,0.0021978,0.00072132,1.3231e-08,1.4976e-06,5.4021e-07,1.636e-06,2.5731e-08,7.6202e-06,2.3988e-07,7.5032e-08,2.4857e-15,1.1618e-19,3.7865e-07,5.5355e-09,3.7931e-06,1.4306e-05,1.2464e-05,8.7622e-16,4.3613e-16,4.8596e-09,1.9357e-19,3.8175e-16,2.2836e-08,3.7547e-10,0.0017532,5.8039e-14,3.6179e-07,1.2244e-07,1.0295e-14,0.00081324,5.3233e-09,1.1892e-05,1,3.5806e-16,3.4222e-17
3.3241e-24,9.6274e-18,2.8807e-14,5.5701e-24,3.6331e-17,7.1023e-24,5.5899e-14,3.2855e-13,8.1232e-13,1.4281e-11,8.219e-29,6.8455e-05,2.4912e-18,4.8165e-17,8.4148e-24,1.5998e-17,4.3712e-15,4.407e-14,1.5526e-08,8.9295e-11,3.0659e-10,3.1767e-21,6.7998e-09,1.5634e-11,3.9549e-22,1.0708e-09,0.044445,0.00023549,6.5612e-22,7.503e-24,3.3108e-11,6.3926e-20,3.344e-20,0.065739,0.1323,6.3712e-24,0.00024266,3.3494e-31,5.9507e-23,6.0862e-07,6.8314e-15,0.002644,6.6136e-22,1.3142e-09,0.0077159,1.3528e-17,7.4523e-24,8.0017e-12,3.5806e-16,1,0.032827
3.1571e-25,9.1089e-19,2.7338e-15,5.3514e-25,3.4703e-18,6.7271e-25,5.4374e-15,3.2193e-14,7.6276e-14,1.3558e-12,7.6638e-30,7.0196e-06,2.4065e-19,4.4309e-18,7.8669e-25,1.5234e-18,4.1431e-16,4.1688e-15,1.4901e-09,8.9167e-12,2.9443e-11,2.9996e-22,6.7283e-10,1.4804e-12,3.7855e-23,1.1166e-10,0.0059594,0.0024484,6.2398e-23,7.1516e-25,3.1745e-12,6.0989e-21,3.1121e-21,0.014999,0.040487,6.0388e-25,0.0017533,3.094e-32,5.5211e-24,6.1108e-08,6.5304e-16,0.0003372,6.4331e-23,1.3274e-10,0.0010498,1.2636e-18,7.0583e-25,7.954e-13,3.4222e-17,0.032827,1
