1,6.193e-06,4.9927e-06,1.3685e-05,0.0014303,0.0096279,2.8199e-05,0.00063414,1.8181e-06,1.8189e-05,0.0021201,7.1311e-06,2.0411e-06,2.1029e-06,0.014792,0.00039746,0.002568,4.3067e-05,1.5369e-06,0.00016025,4.4773e-05,0.0010919,0.0014055,3.0603e-05,1.4501e-06,1.1315e-07,1.2247e-05,2.9451e-06,0.00024844,0.00074385,0.00041336,3.5398e-07,6.4525e-07,0.0003302,0.00055546,0.00020063,1.0687e-05,4.2945e-05,7.8417e-06,7.3254e-05,0.00015698,2.8841e-05,3.6357e-06,0.00066845,7.5225e-06,4.4112e-05,2.2542e-07,3.2062e-06,0.00010811,0.0045085,0.00039516
6.193e-06,1,0.0035069,0.054118,0.00015637,8.5871e-06,1.8472e-05,0.002898,0.022468,0.0060628,5.3682e-06,0.032018,0.066719,0.057774,7.4859e-06,0.0029166,5.5993e-05,5.7874e-05,0.029925,0.0031046,1.089e-07,0.0026789,0.00016985,0.0007397,1.5107e-09,2.3813e-10,0.00077265,4.4333e-07,0.0023554,1.853e-07,0.0021265,7.4723e-08,1.3634e-07,3.7493e-06,3.5905e-05,0.00037749,0.00038447,1.4611e-05,2.0062e-05,0.00071721,3.745e-06,0.00068856,3.8384e-07,8.8649e-06,0.0016524,0.0098473,8.423e-08,0.0043203,3.3237e-07,8.2634e-06,0.00028392
4.9927e-06,0.0035069,1,0.0022616,0.00018757,9.166e-06,0.00083341,0.00056951,0.00064524,0.00039147,1.8306e-05,0.0011098,0.0062034,0.0042786,5.7253e-06,0.000668,4.0865e-05,2.0328e-05,0.00058063,0.00097435,6.5138e-07,0.00059774,4.6042e-05,0.0072045,2.2972e-09,4.0213e-10,0.0019711,2.0146e-05,0.0014728,5.2541e-07,0.00032688,5.4565e-07,3.9975e-07,6.7212e-06,2.6227e-05,0.00012032,0.00028947,2.3795e-05,1.4056e-05,7.3634e-05,6.4285e-06,0.00010217,8.5422e-06,2.1322e-05,0.001464,0.0014156,6.2773e-07,0.0059281,3.0331e-06,7.2148e-06,0.00016063
1.3685e-05,0.054118,0.0022616,1,0.00013347,8.3067e-06,2.1876e-05,0.0046159,0.062046,0.036119,5.3496e-06,0.051454,0.031694,0.060722,1.1031e-05,0.0063046,5.7536e-05,9.0929e-05,0.057879,0.0013704,9.6735e-08,0.004969,0.0006125,0.00045893,1.8368e-09,1.2205e-09,0.0013436,5.1707e-07,0.0033212,4.4744e-07,0.0024407,2.3757e-08,8.519e-08,4.0981e-06,7.0259e-05,0.0012494,0.00023036,8.4516e-05,1.1105e-05,0.001878,5.2694e-06,0.0023916,5.7065e-07,1.0672e-05,0.007555,0.015796,4.1928e-08,0.0035303,4.4042e-07,1.4089e-05,0.0004915
0.0014303,0.00015637,0.00018757,0.00013347,1,0.0035037,0.000775,0.0031877,1.4591e-05,8.2655e-05,0.016948,0.0001202,6.0137e-05,5.0864e-05,0.0024531,0.00093737,0.011244,5.6599e-05,1.6781e-05,0.0067352,0.00013135,0.0052182,0.0010827,0.0019741,6.8274e-07,6.1722e-09,0.00038185,2.1363e-05,0.0031475,7.8592e-05,0.0040404,4.7263e-06,2.2705e-06,0.00030588,0.00020883,0.00026009,0.0002455,2.7974e-05,6.1709e-05,0.00018778,0.00016914,0.0001134,1.8468e-05,0.0021951,5.4858e-05,0.00048855,2.0876e-06,8.299e-05,0.00011397,0.00096412,0.0017685
0.0096279,8.5871e-06,9.166e-06,8.3067e-06,0.0035037,1,4.8063e-05,0.00056523,1.2021e-06,6.3875e-06,0.0087263,5.6608e-06,2.64e-06,2.0142e-06,0.0024465,0.00033856,0.0033701,3.3528e-05,1.028e-06,0.00033052,0.00021085,0.00064148,0.00023599,5.669e-05,5.4683e-06,8.952e-09,7.8889e-06,7.9372e-06,0.00016772,0.00058448,0.0003639,6.0367e-06,2.1755e-06,0.0016899,6.4955e-05,3.7758e-05,3.8981e-05,4.9047e-06,2.2878e-05,1.9497e-05,9.9212e-05,5.9097e-06,2.0697e-06,0.0016788,2.8837e-06,3.0838e-05,2.3532e-06,5.3798e-06,0.00032676,0.0015775,0.00027173
2.8199e-05,1.8472e-05,0.00083341,2.1876e-05,0.000775,4.8063e-05,1,9.8648e-05,2.7823e-06,9.7275e-06,0.00079374,1.1785e-05,2.1706e-05,1.7536e-05,3.7767e-05,5.4462e-05,0.0001513,4.4826e-06,2.8345e-06,0.00016336,6.8495e-05,0.00011107,2.2496e-05,0.0037456,6.4279e-08,4.7456e-09,0.00024394,0.00092998,0.00027153,1.5965e-05,6.6154e-05,7.1744e-06,1.9287e-06,5.4903e-05,2.0075e-05,2.9601e-05,7.7703e-05,3.2232e-05,1.0257e-05,9.6773e-06,3.6028e-05,1.087e-05,0.0005887,0.00022459,5.0135e-05,5.7004e-05,5.6015e-06,0.00013386,0.0001861,5.3741e-05,0.00012529
0.00063414,0.002898,0.00056951,0.0046159,0.0031877,0.00056523,9.8648e-05,1,0.00052789,0.0015313,0.00025348,0.0012918,0.00075141,0.00070052,0.00051016,0.020413,0.0026136,0.00019698,0.00044637,0.010389,4.1469e-06,0.034226,0.0027864,0.0011932,1.3176e-07,4.896e-09,0.00034569,3.2478e-06,0.014624,1.1801e-05,0.02939,5.0468e-07,9.7553e-07,9.878e-05,0.00039057,0.0013336,0.00053405,9.7128e-05,8.9793e-05,0.0018624,9.3612e-05,0.00073503,2.2223e-06,0.0004821,0.00046125,0.013891,4.8712e-07,0.00046217,9.0921e-06,0.00037624,0.003176
1.8181e-06,0.022468,0.00064524,0.062046,1.4591e-05,1.2021e-06,2.7823e-06,0.00052789,1,0.013159,5.6151e-07,0.01998,0.026003,0.048442,1.3453e-06,0.0011869,6.7665e-06,2.7259e-05,0.14545,0.00020312,1.226e-08,0.00057903,9.5046e-05,6.469e-05,2.6494e-10,3.0877e-10,0.00030467,8.6852e-08,0.00035971,6.7532e-08,0.00027996,4.2763e-09,1.757e-08,6.148e-07,1.0801e-05,0.00024373,5.177e-05,2.2841e-05,2.6494e-06,0.00046856,8.3032e-07,0.00047014,7.9127e-08,1.2089e-06,0.0029837,0.0027424,8.7313e-09,0.0015256,6.5526e-08,1.7235e-06,6.6378e-05
1.8189e-05,0.0060628,0.00039147,0.036119,8.2655e-05,6.3875e-06,9.7275e-06,0.0015313,0.013159,1,3.6026e-06,0.043604,0.0032188,0.011337,1.0927e-05,0.0058308,3.8531e-05,0.00016681,0.016151,0.00041017,7.0221e-08,0.0046964,0.0022539,9.3824e-05,1.5652e-09,7.2963e-09,0.0013577,3.6723e-07,0.00097942,6.3986e-07,0.0013482,8.5991e-09,8.6054e-08,5.3806e-06,6.1424e-05,0.0052447,0.00011408,0.00015125,5.9912e-06,0.0019882,8.4877e-06,0.0044325,4.7195e-07,5.6938e-06,0.0071033,0.007627,2.5e-08,0.00083899,4.8209e-07,1.6356e-05,0.00058235
0.0021201,5.3682e-06,1.8306e-05,5.3496e-06,0.016948,0.0087263,0.00079374,0.00025348,5.6151e-07,3.6026e-06,1,3.9259e-06,2.2914e-06,1.8334e-06,0.0027792,7.6754e-05,0.0038883,9.4333e-06,5.6965e-07,0.00031525,0.0020124,0.00029427,0.00012504,0.00025576,6.0185e-06,1.2289e-08,2.6477e-05,6.1778e-05,0.00022077,0.00053465,0.00025758,1.7462e-05,3.2564e-06,0.00056449,5.5642e-05,2.6782e-05,3.6814e-05,8.8964e-06,1.9841e-05,1.5068e-05,0.00015457,6.7997e-06,3.6492e-05,0.0054441,3.8102e-06,2.5594e-05,4.8558e-06,6.5352e-06,0.00085353,0.0012452,0.00025102
7.1311e-06,0.032018,0.0011098,0.051454,0.0001202,5.6608e-06,1.1785e-05,0.0012918,0.01998,0.043604,3.9259e-06,1,0.013202,0.046753,5.9826e-06,0.002873,3.9718e-05,7.2995e-05,0.038286,0.00094582,6.875e-08,0.0029324,0.00060461,0.00022463,1.2806e-09,1.0148e-09,0.0022527,3.5573e-07,0.0010041,3.0863e-07,0.0017992,1.6963e-08,6.5056e-08,3.4459e-06,3.4218e-05,0.0010308,0.00016002,2.792e-05,6.5966e-06,0.001051,3.7483e-06,0.0021107,3.5101e-07,5.8584e-06,0.0022962,0.006176,3.0614e-08,0.0014408,2.9433e-07,9.0576e-06,0.00031137
2.0411e-06,0.066719,0.0062034,0.031694,6.0137e-05,2.64e-06,2.1706e-05,0.00075141,0.026003,0.0032188,2.2914e-06,0.013202,1,0.11705,2.1113e-06,0.00097975,2.0574e-05,2.3908e-05,0.023402,0.0010515,4.936e-08,0.00082207,5.1161e-05,0.00079108,6.1836e-10,1.7041e-10,0.00085337,5.5155e-07,0.00089907,9.1897e-08,0.00035662,4.7258e-08,1.0369e-07,1.5403e-06,1.2404e-05,0.00014373,0.0002434,1.5704e-05,1.4358e-05,0.00020107,2.2764e-06,0.00026935,3.672e-07,3.6813e-06,0.0025964,0.0037718,7.8956e-08,0.0077216,2.336e-07,2.29e-06,0.00014661
2.1029e-06,0.057774,0.0042786,0.060722,5.0864e-05,2.0142e-06,1.7536e-05,0.00070052,0.048442,0.011337,1.8334e-06,0.046753,0.11705,1,1.9667e-06,0.0012107,1.5863e-05,3.2859e-05,0.06288,0.00058737,3.8219e-08,0.00099452,0.00010432,0.000432,4.9398e-10,3.8061e-10,0.0019199,5.1566e-07,0.00078672,1.1076e-07,0.00048183,2.1395e-08,7.7225e-08,1.3238e-06,1.2567e-05,0.00030082,0.00015934,2.4011e-05,8.4631e-06,0.00034532,2.5144e-06,0.00067031,3.9503e-07,3.2512e-06,0.0046402,0.0054576,4.6453e-08,0.0054105,2.0778e-07,2.7656e-06,0.00018706
0.014792,7.4859e-06,5.7253e-06,1.1031e-05,0.0024531,0.0024465,3.7767e-05,0.00051016,1.3453e-06,1.0927e-05,0.0027792,5.9826e-06,2.1113e-06,1.9667e-06,1,0.00013873,0.0039264,1.8032e-05,1.3684e-06,0.000349,0.00016083,0.00058383,0.00051205,4.7934e-05,8.7523e-07,2.1512e-08,8.801e-06,1.6667e-06,0.00041659,7.0259e-05,0.00063721,7.381e-07,6.4748e-07,9.5707e-05,0.00115,0.00017498,8.4338e-06,1.6214e-05,7.6175e-06,8.0717e-05,7.2129e-05,4.9279e-05,8.0369e-06,0.00045254,7.0994e-06,4.4021e-05,1.8673e-07,3.0114e-06,6.7226e-05,0.0024275,0.00022132
0.00039746,0.0029166,0.000668,0.0063046,0.00093737,0.00033856,5.4462e-05,0.020413,0.0011869,0.0058308,7.6754e-05,0.002873,0.00097975,0.0012107,0.00013873,1,0.00057947,0.0018192,0.00089142,0.0028657,1.4211e-06,0.036125,0.0043736,0.00042704,3.2904e-08,7.2139e-09,0.00052084,2.7098e-06,0.0035269,1.177e-05,0.0070123,1.5457e-07,4.6595e-07,0.00011317,0.00020343,0.0054849,0.00030558,0.00018559,2.8367e-05,0.0016271,4.6684e-05,0.00092353,2.2343e-06,0.0001104,0.001411,0.0080713,2.3325e-07,0.00066751,9.0354e-06,0.00023229,0.0027641
0.002568,5.5993e-05,4.0865e-05,5.7536e-05,0.011244,0.0033701,0.0001513,0.0026136,6.7665e-06,3.8531e-05,0.0038883,3.9718e-05,2.0574e-05,1.5863e-05,0.0039264,0.00057947,1,3.1911e-05,6.9347e-06,0.0069832,6.2819e-05,0.0026863,0.00043642,0.00073195,7.8163e-07,6.9208e-09,5.1175e-05,5.084e-06,0.0010263,3.6411e-05,0.0016123,4.8738e-06,6.0501e-06,0.00036049,0.00030462,0.00020721,5.8283e-05,1.7408e-05,0.00021708,7.4839e-05,0.00054384,6.1672e-05,6.3335e-06,0.00057784,1.7235e-05,0.00029095,1.7845e-06,1.9163e-05,8.6139e-05,0.0024185,0.0010896
4.3067e-05,5.7874e-05,2.0328e-05,9.0929e-05,5.6599e-05,3.3528e-05,4.4826e-06,0.00019698,2.7259e-05,0.00016681,9.4333e-06,7.2995e-05,2.3908e-05,3.2859e-05,1.8032e-05,0.0018192,3.1911e-05,1,2.2783e-05,7.6507e-05,3.5664e-07,0.00071592,0.00024985,1.5579e-05,2.9897e-08,6.6036e-09,2.9714e-05,7.7991e-07,9.1006e-05,2.3982e-06,0.00012262,5.3936e-08,2.2493e-07,1.4269e-05,1.2737e-05,0.001063,1.0891e-05,1.1927e-05,4.8145e-06,3.5742e-05,1.1444e-05,0.00020245,3.2166e-06,1.1247e-05,0.00013933,0.00012481,8.87e-08,1.5077e-05,2.4761e-06,2.9504e-05,0.00015895
1.5369e-06,0.029925,0.00058063,0.057879,1.6781e-05,1.028e-06,2.8345e-06,0.00044637,0.14545,0.016151,5.6965e-07,0.038286,0.023402,0.06288,1.3684e-06,0.00089142,6.9347e-06,2.2783e-05,1,0.00022562,1.2156e-08,0.00053829,9.9884e-05,7.2748e-05,2.1529e-10,2.4047e-10,0.00039238,6.8642e-08,0.00039426,5.411e-08,0.00038847,4.05e-09,1.6536e-08,6.0343e-07,1.2561e-05,0.00025082,7.0699e-05,1.5911e-05,2.3934e-06,0.00056308,6.8967e-07,0.00080013,8.5393e-08,1.1764e-06,0.0021599,0.0027264,8.0062e-09,0.0017581,5.1426e-08,1.8523e-06,8.2742e-05
0.00016025,0.0031046,0.00097435,0.0013704,0.0067352,0.00033052,0.00016336,0.010389,0.00020312,0.00041017,0.00031525,0.00094582,0.0010515,0.00058737,0.000349,0.0028657,0.0069832,7.6507e-05,0.00022562,1,7.0231e-06,0.0095264,0.00041507,0.0056594,5.0857e-08,6.7654e-10,0.00038014,2.7511e-06,0.0068046,2.2983e-06,0.0058162,2.6531e-06,2.0242e-06,8.6323e-05,0.00030646,0.0004861,0.00044716,1.2933e-05,0.00025007,0.00026428,7.8738e-05,0.00031847,3.6143e-06,0.00013282,0.00018115,0.0048228,9.7413e-07,0.00036526,7.734e-06,0.00018136,0.0009242
4.4773e-05,1.089e-07,6.5138e-07,9.6735e-08,0.00013135,0.00021085,6.8495e-05,4.1469e-06,1.226e-08,7.0221e-08,0.0020124,6.875e-08,4.936e-08,3.8219e-08,0.00016083,1.4211e-06,6.2819e-05,3.5664e-07,1.2156e-08,7.0231e-06,1,3.2351e-06,1.8941e-06,5.6393e-06,8.4635e-06,1.8902e-09,4.0505e-07,1.2418e-05,3.4339e-06,4.6033e-05,3.7779e-06,2.9768e-05,7.9892e-07,9.0842e-05,2.3959e-06,9.1942e-07,1.5413e-06,2.0057e-07,8.632e-07,2.8794e-07,5.1373e-06,2.1272e-07,1.3828e-05,8.932e-05,1.0947e-07,5.1399e-07,2.0298e-06,2.3477e-07,0.00035802,4.3811e-05,2.6187e-06
0.0010919,0.0026789,0.00059774,0.004969,0.0052182,0.00064148,0.00011107,0.034226,0.00057903,0.0046964,0.00029427,0.0029324,0.00082207,0.00099452,0.00058383,0.036125,0.0026863,0.00071592,0.00053829,0.0095264,3.2351e-06,1,0.010975,0.0010521,7.9437e-08,1.6279e-08,0.0011101,4.726e-06,0.011947,1.6022e-05,0.015178,3.9867e-07,1.6068e-06,0.00014102,0.00054267,0.0050277,0.00046558,0.0001438,0.0001164,0.0013187,0.00022317,0.0016702,4.0596e-06,0.00026767,0.001083,0.0090447,5.7843e-07,0.00042906,1.4741e-05,0.00048523,0.0072682
0.0014055,0.00016985,4.6042e-05,0.0006125,0.0010827,0.00023599,2.2496e-05,0.0027864,9.5046e-05,0.0022539,0.00012504,0.00060461,5.1161e-05,0.00010432,0.00051205,0.0043736,0.00043642,0.00024985,9.9884e-05,0.00041507,1.8941e-06,0.010975,1,5.3475e-05,7.1153e-08,8.2203e-08,0.00043485,1.4598e-06,0.0013587,4.0527e-05,0.0048503,3.6038e-08,2.4813e-07,7.0823e-05,0.00029494,0.0050999,5.5634e-05,0.00025152,6.6898e-06,0.0022745,6.401e-05,0.001174,1.9002e-06,0.00014673,0.00032067,0.0012633,7.0598e-08,4.1489e-05,8.1022e-06,0.00043677,0.0016489
3.0603e-05,0.0007397,0.0072045,0.00045893,0.0019741,5.669e-05,0.0037456,0.0011932,6.469e-05,9.3824e-05,0.00025576,0.00022463,0.00079108,0.000432,4.7934e-05,0.00042704,0.00073195,1.5579e-05,7.2748e-05,0.0056594,5.6393e-06,0.0010521,5.3475e-05,1,1.8935e-08,6.8267e-10,0.0014987,2.8153e-05,0.0023171,1.9336e-06,0.00057211,4.0025e-06,1.9083e-06,2.5824e-05,6.4382e-05,7.7639e-05,0.00033018,2.4525e-05,0.00012717,5.2935e-05,4.8918e-05,6.6098e-05,3.2e-05,0.00013199,0.00019743,0.00099424,2.2128e-06,0.00088479,9.8081e-06,4.5428e-05,0.00057396
1.4501e-06,1.5107e-09,2.2972e-09,1.8368e-09,6.8274e-07,5.4683e-06,6.4279e-08,1.3176e-07,2.6494e-10,1.5652e-09,6.0185e-06,1.2806e-09,6.1836e-10,4.9398e-10,8.7523e-07,3.2904e-08,7.8163e-07,2.9897e-08,2.1529e-10,5.0857e-08,8.4635e-06,7.9437e-08,7.1153e-08,1.8935e-08,1,1.6674e-09,3.0715e-09,1.5437e-07,3.5747e-08,5.6722e-06,6.7753e-08,4.6664e-07,6.5702e-08,1.3549e-06,2.4953e-08,1.0908e-08,2.1233e-08,4.5634e-09,4.527e-08,5.9502e-09,3.8131e-07,3.7664e-09,2.2944e-08,5.5911e-06,8.918e-10,8.1651e-09,1.5404e-07,1.016e-09,1.9792e-06,3.511e-07,6.833e-08
1.1315e-07,2.3813e-10,4.0213e-10,1.2205e-09,6.1722e-09,8.952e-09,4.7456e-09,4.896e-09,3.0877e-10,7.2963e-09,1.2289e-08,1.0148e-09,1.7041e-10,3.8061e-10,2.1512e-08,7.2139e-09,6.9208e-09,6.6036e-09,2.4047e-10,6.7654e-10,1.8902e-09,1.6279e-08,8.2203e-08,6.8267e-10,1.6674e-09,1,4.7637e-09,1.7794e-08,3.7071e-09,2.3543e-07,3.682e-09,3.1979e-11,3.3873e-09,1.1324e-08,8.1511e-09,4.2966e-08,8.3945e-10,1.5408e-07,7.8057e-10,4.6203e-09,2.0605e-07,6.4115e-09,6.4724e-09,1.1436e-08,5.5376e-09,2.5512e-09,4.1091e-10,3.8261e-10,6.0886e-08,3.0799e-08,3.469e-08
1.2247e-05,0.00077265,0.0019711,0.0013436,0.00038185,7.8889e-06,0.00024394,0.00034569,0.00030467,0.0013577,2.6477e-05,0.0022527,0.00085337,0.0019199,8.801e-06,0.00052084,5.1175e-05,2.9714e-05,0.00039238,0.00038014,4.0505e-07,0.0011101,0.00043485,0.0014987,3.0715e-09,4.7637e-09,1,5.9849e-06,0.00045006,1.8901e-06,0.00038744,5.3403e-08,1.647e-07,5.1774e-06,1.9599e-05,0.00025731,8.996e-05,0.00012046,9.8777e-06,0.00020175,1.7968e-05,0.00033638,8.2125e-06,2.6354e-05,0.0011174,0.001224,1.1395e-07,0.00056284,1.4882e-06,1.0628e-05,0.00051957
2.9451e-06,4.4333e-07,2.0146e-05,5.1707e-07,2.1363e-05,7.9372e-06,0.00092998,3.2478e-06,8.6852e-08,3.6723e-07,6.1778e-05,3.5573e-07,5.5155e-07,5.1566e-07,1.6667e-06,2.7098e-06,5.084e-06,7.7991e-07,6.8642e-08,2.7511e-06,1.2418e-05,4.726e-06,1.4598e-06,2.8153e-05,1.5437e-07,1.7794e-08,5.9849e-06,1,6.5433e-06,1.0048e-05,1.8141e-06,9.4644e-06,7.9961e-06,8.9186e-06,6.2954e-07,1.3239e-06,2.7751e-06,1.3497e-06,1.4124e-06,2.3703e-07,3.3343e-05,2.4807e-07,4.8148e-05,5.0139e-05,1.3691e-06,1.8144e-06,4.3367e-05,2.1363e-06,0.00041761,2.1451e-06,1.0726e-05
0.00024844,0.0023554,0.0014728,0.0033212,0.0031475,0.00016772,0.00027153,0.014624,0.00035971,0.00097942,0.00022077,0.0010041,0.00089907,0.00078672,0.00041659,0.0035269,0.0010263,9.1006e-05,0.00039426,0.0068046,3.4339e-06,0.011947,0.0013587,0.0023171,3.5747e-08,3.7071e-09,0.00045006,6.5433e-06,1,5.1055e-06,0.014885,4.6007e-07,6.7531e-07,2.7457e-05,0.00065137,0.0012199,0.00030692,8.7185e-05,2.8152e-05,0.0011834,4.6347e-05,0.00090355,7.1237e-06,0.00033072,0.00091003,0.0070603,3.5323e-07,0.00059917,8.5646e-06,0.00027718,0.0021534
0.00074385,1.853e-07,5.2541e-07,4.4744e-07,7.8592e-05,0.00058448,1.5965e-05,1.1801e-05,6.7532e-08,6.3986e-07,0.00053465,3.0863e-07,9.1897e-08,1.1076e-07,7.0259e-05,1.177e-05,3.6411e-05,2.3982e-06,5.411e-08,2.2983e-06,4.6033e-05,1.6022e-05,4.0527e-05,1.9336e-06,5.6722e-06,2.3543e-07,1.8901e-06,1.0048e-05,5.1055e-06,1,9.3271e-06,1.281e-07,1.2437e-07,9.3583e-05,3.8373e-06,4.2026e-06,1.2541e-06,1.215e-05,3.4089e-07,2.919e-06,1.3202e-05,5.8545e-07,1.7246e-06,0.00041277,4.4746e-07,1.199e-06,2.0472e-07,3.6448e-07,0.00033571,0.00010784,2.4646e-05
0.00041336,0.0021265,0.00032688,0.0024407,0.0040404,0.0003639,6.6154e-05,0.02939,0.00027996,0.0013482,0.00025758,0.0017992,0.00035662,0.00048183,0.00063721,0.0070123,0.0016123,0.00012262,0.00038847,0.0058162,3.7779e-06,0.015178,0.0048503,0.00057211,6.7753e-08,3.682e-09,0.00038744,1.8141e-06,0.014885,9.3271e-06,1,2.1881e-07,3.1383e-07,4.2017e-05,0.00053417,0.0018326,0.00021217,6.3561e-05,1.6583e-05,0.0068982,3.0235e-05,0.0016374,2.3779e-06,0.00053187,0.00025842,0.0054292,1.5603e-07,0.00022597,6.4369e-06,0.00049511,0.0025468
3.5398e-07,7.4723e-08,5.4565e-07,2.3757e-08,4.7263e-06,6.0367e-06,7.1744e-06,5.0468e-07,4.2763e-09,8.5991e-09,1.7462e-05,1.6963e-08,4.7258e-08,2.1395e-08,7.381e-07,1.5457e-07,4.8738e-06,5.3936e-08,4.05e-09,2.6531e-06,2.9768e-05,3.9867e-07,3.6038e-08,4.0025e-06,4.6664e-07,3.1979e-11,5.3403e-08,9.4644e-06,4.6007e-07,1.281e-07,2.1881e-07,1,7.2254e-05,8.8662e-06,7.9571e-08,3.4479e-08,1.2278e-06,3.9934e-09,1.1979e-05,8.1696e-09,2.8738e-06,1.0193e-08,5.7653e-07,2.6305e-06,1.4438e-08,1.1584e-07,0.00057671,1.1836e-07,1.3397e-05,5.403e-07,3.1787e-07
6.4525e-07,1.3634e-07,3.9975e-07,8.519e-08,2.2705e-06,2.1755e-06,1.9287e-06,9.7553e-07,1.757e-08,8.6054e-08,3.2564e-06,6.5056e-08,1.0369e-07,7.7225e-08,6.4748e-07,4.6595e-07,6.0501e-06,2.2493e-07,1.6536e-08,2.0242e-06,7.9892e-07,1.6068e-06,2.4813e-07,1.9083e-06,6.5702e-08,3.3873e-09,1.647e-07,7.9961e-06,6.7531e-07,1.2437e-07,3.1383e-07,7.2254e-05,1,9.5998e-06,9.6571e-08,2.4614e-07,1.9342e-06,3.0704e-08,0.00030555,2.1734e-08,0.00032244,4.5921e-08,2.0756e-07,1.3298e-06,8.8541e-08,6.9855e-07,0.0026189,1.8329e-07,1.1608e-05,5.1831e-07,4.473e-06
0.0003302,3.7493e-06,6.7212e-06,4.0981e-06,0.00030588,0.0016899,5.4903e-05,9.878e-05,6.148e-07,5.3806e-06,0.00056449,3.4459e-06,1.5403e-06,1.3238e-06,9.5707e-05,0.00011317,0.00036049,1.4269e-05,6.0343e-07,8.6323e-05,9.0842e-05,0.00014102,7.0823e-05,2.5824e-05,1.3549e-06,1.1324e-08,5.1774e-06,8.9186e-06,2.7457e-05,9.3583e-05,4.2017e-05,8.8662e-06,9.5998e-06,1,1.4247e-05,2.6033e-05,0.00015682,2.5723e-06,3.9796e-05,3.6577e-06,9.8894e-05,2.2497e-06,1.9067e-06,9.4645e-05,2.5715e-06,2.1544e-05,1.2044e-05,8.0015e-06,0.00019399,0.00029893,7.2739e-05
0.00055546,3.5905e-05,2.6227e-05,7.0259e-05,0.00020883,6.4955e-05,2.0075e-05,0.00039057,1.0801e-05,6.1424e-05,5.5642e-05,3.4218e-05,1.2404e-05,1.2567e-05,0.00115,0.00020343,0.00030462,1.2737e-05,1.2561e-05,0.00030646,2.3959e-06,0.00054267,0.00029494,6.4382e-05,2.4953e-08,8.1511e-09,1.9599e-05,6.2954e-07,0.00065137,3.8373e-06,0.00053417,7.9571e-08,9.6571e-08,1.4247e-05,1,0.00054625,6.9688e-06,3.0231e-05,1.8064e-06,0.00019666,1.2114e-05,0.00029261,3.4639e-06,3.7999e-05,2.7779e-05,9.4029e-05,2.5323e-08,1.0015e-05,4.4773e-06,0.00023827,9.0017e-05
0.00020063,0.00037749,0.00012032,0.0012494,0.00026009,3.7758e-05,2.9601e-05,0.0013336,0.00024373,0.0052447,2.6782e-05,0.0010308,0.00014373,0.00030082,0.00017498,0.0054849,0.00020721,0.001063,0.00025082,0.0004861,9.1942e-07,0.0050277,0.0050999,7.7639e-05,1.0908e-08,4.2966e-08,0.00025731,1.3239e-06,0.0012199,4.2026e-06,0.0018326,3.4479e-08,2.4614e-07,2.6033e-05,0.00054625,1,3.1807e-05,0.00033611,5.0912e-06,0.0017183,3.3922e-05,0.010757,9.2034e-06,2.3353e-05,0.0023348,0.0017253,4.8089e-08,0.00010637,6.9162e-06,0.000274,0.00079752
1.0687e-05,0.00038447,0.00028947,0.00023036,0.0002455,3.8981e-05,7.7703e-05,0.00053405,5.177e-05,0.00011408,3.6814e-05,0.00016002,0.0002434,0.00015934,8.4338e-06,0.00030558,5.8283e-05,1.0891e-05,7.0699e-05,0.00044716,1.5413e-06,0.00046558,5.5634e-05,0.00033018,2.1233e-08,8.3945e-10,8.996e-05,2.7751e-06,0.00030692,1.2541e-06,0.00021217,1.2278e-06,1.9342e-06,0.00015682,6.9688e-06,3.1807e-05,1,3.7913e-06,8.457e-05,2.2009e-05,1.3529e-05,1.6106e-05,5.4507e-07,3.0949e-05,5.6172e-05,0.00054243,4.6778e-06,0.0018909,2.3189e-06,1.3526e-05,0.00022402
4.2945e-05,1.4611e-05,2.3795e-05,8.4516e-05,2.7974e-05,4.9047e-06,3.2232e-05,9.7128e-05,2.2841e-05,0.00015125,8.8964e-06,2.792e-05,1.5704e-05,2.4011e-05,1.6214e-05,0.00018559,1.7408e-05,1.1927e-05,1.5911e-05,1.2933e-05,2.0057e-07,0.0001438,0.00025152,2.4525e-05,4.5634e-09,1.5408e-07,0.00012046,1.3497e-06,8.7185e-05,1.215e-05,6.3561e-05,3.9934e-09,3.0704e-08,2.5723e-06,3.0231e-05,0.00033611,3.7913e-06,1,6.5464e-07,0.00050447,8.4967e-06,7.3924e-05,5.708e-06,1.73e-05,0.00039916,8.9159e-05,1.2084e-08,3.1418e-05,3.8473e-06,2.4289e-05,0.00021005
7.8417e-06,2.0062e-05,1.4056e-05,1.1105e-05,6.1709e-05,2.2878e-05,1.0257e-05,8.9793e-05,2.6494e-06,5.9912e-06,1.9841e-05,6.5966e-06,1.4358e-05,8.4631e-06,7.6175e-06,2.8367e-05,0.00021708,4.8145e-06,2.3934e-06,0.00025007,8.632e-07,0.0001164,6.6898e-06,0.00012717,4.527e-08,7.8057e-10,9.8777e-06,1.4124e-06,2.8152e-05,3.4089e-07,1.6583e-05,1.1979e-05,0.00030555,3.9796e-05,1.8064e-06,5.0912e-06,8.457e-05,6.5464e-07,1,1.1347e-06,0.00059753,2.2527e-06,3.8779e-07,9.9232e-06,4.0143e-06,7.2383e-05,5.2893e-05,1.2052e-05,2.8965e-06,5.9003e-06,0.00012256
7.3254e-05,0.00071721,7.3634e-05,0.001878,0.00018778,1.9497e-05,9.6773e-06,0.0018624,0.00046856,0.0019882,1.5068e-05,0.001051,0.00020107,0.00034532,8.0717e-05,0.0016271,7.4839e-05,3.5742e-05,0.00056308,0.00026428,2.8794e-07,0.0013187,0.0022745,5.2935e-05,5.9502e-09,4.6203e-09,0.00020175,2.3703e-07,0.0011834,2.919e-06,0.0068982,8.1696e-09,2.1734e-08,3.6577e-06,0.00019666,0.0017183,2.2009e-05,0.00050447,1.1347e-06,1,3.2703e-06,0.0016263,7.241e-07,4.7048e-05,0.00046714,0.0012592,8.2922e-09,0.00012954,9.8962e-07,6.2942e-05,0.00043364
0.00015698,3.745e-06,6.4285e-06,5.2694e-06,0.00016914,9.9212e-05,3.6028e-05,9.3612e-05,8.3032e-07,8.4877e-06,0.00015457,3.7483e-06,2.2764e-06,2.5144e-06,7.2129e-05,4.6684e-05,0.00054384,1.1444e-05,6.8967e-07,7.8738e-05,5.1373e-06,0.00022317,6.401e-05,4.8918e-05,3.8131e-07,2.0605e-07,1.7968e-05,3.3343e-05,4.6347e-05,1.3202e-05,3.0235e-05,2.8738e-06,0.00032244,9.8894e-05,1.2114e-05,3.3922e-05,1.3529e-05,8.4967e-06,0.00059753,3.2703e-06,1,4.6908e-06,3.6453e-06,0.00010874,4.7767e-06,6.6706e-05,2.2427e-05,2.5291e-06,8.2527e-05,4.7315e-05,0.0006173
2.8841e-05,0.00068856,0.00010217,0.0023916,0.0001134,5.9097e-06,1.087e-05,0.00073503,0.00047014,0.0044325,6.7997e-06,0.0021107,0.00026935,0.00067031,4.9279e-05,0.00092353,6.1672e-05,0.00020245,0.00080013,0.00031847,2.1272e-07,0.0016702,0.001174,6.6098e-05,3.7664e-09,6.4115e-09,0.00033638,2.4807e-07,0.00090355,5.8545e-07,0.0016374,1.0193e-08,4.5921e-08,2.2497e-06,0.00029261,0.010757,1.6106e-05,7.3924e-05,2.2527e-06,0.0016263,4.6908e-06,1,4.1554e-06,9.1972e-06,0.0017153,0.00097788,1.0742e-08,9.3933e-05,6.4102e-07,4.2728e-05,0.00029584
3.6357e-06,3.8384e-07,8.5422e-06,5.7065e-07,1.8468e-05,2.0697e-06,0.0005887,2.2223e-06,7.9127e-08,4.7195e-07,3.6492e-05,3.5101e-07,3.672e-07,3.9503e-07,8.0369e-06,2.2343e-06,6.3335e-06,3.2166e-06,8.5393e-08,3.6143e-06,1.3828e-05,4.0596e-06,1.9002e-06,3.2e-05,2.2944e-08,6.4724e-09,8.2125e-06,4.8148e-05,7.1237e-06,1.7246e-06,2.3779e-06,5.7653e-07,2.0756e-07,1.9067e-06,3.4639e-06,9.2034e-06,5.4507e-07,5.708e-06,3.8779e-07,7.241e-07,3.6453e-06,4.1554e-06,1,1.1154e-05,4.6771e-06,1.4881e-06,2.1254e-07,1.3063e-06,2.6448e-05,9.2938e-06,5.9298e-06
0.00066845,8.8649e-06,2.1322e-05,1.0672e-05,0.0021951,0.0016788,0.00022459,0.0004821,1.2089e-06,5.6938e-06,0.0054441,5.8584e-06,3.6813e-06,3.2512e-06,0.00045254,0.0001104,0.00057784,1.1247e-05,1.1764e-06,0.00013282,8.932e-05,0.00026767,0.00014673,0.00013199,5.5911e-06,1.1436e-08,2.6354e-05,5.0139e-05,0.00033072,0.00041277,0.00053187,2.6305e-06,1.3298e-06,9.4645e-05,3.7999e-05,2.3353e-05,3.0949e-05,1.73e-05,9.9232e-06,4.7048e-05,0.00010874,9.1972e-06,1.1154e-05,1,4.2162e-06,5.7735e-05,2.1109e-06,7.8269e-06,0.00016983,0.00018688,0.00059304
7.5225e-06,0.0016524,0.001464,0.007555,5.4858e-05,2.8837e-06,5.0135e-05,0.00046125,0.0029837,0.0071033,3.8102e-06,0.0022962,0.0025964,0.0046402,7.0994e-06,0.001411,1.7235e-05,0.00013933,0.0021599,0.00018115,1.0947e-07,0.001083,0.00032067,0.00019743,8.918e-10,5.5376e-09,0.0011174,1.3691e-06,0.00091003,4.4746e-07,0.00025842,1.4438e-08,8.8541e-08,2.5715e-06,2.7779e-05,0.0023348,5.6172e-05,0.00039916,4.0143e-06,0.00046714,4.7767e-06,0.0017153,4.6771e-06,4.2162e-06,1,0.0019346,3.9341e-08,0.0017914,9.6101e-07,9.4059e-06,0.00026241
4.4112e-05,0.0098473,0.0014156,0.015796,0.00048855,3.0838e-05,5.7004e-05,0.013891,0.0027424,0.007627,2.5594e-05,0.006176,0.0037718,0.0054576,4.4021e-05,0.0080713,0.00029095,0.00012481,0.0027264,0.0048228,5.1399e-07,0.0090447,0.0012633,0.00099424,8.1651e-09,2.5512e-09,0.001224,1.8144e-06,0.0070603,1.199e-06,0.0054292,1.1584e-07,6.9855e-07,2.1544e-05,9.4029e-05,0.0017253,0.00054243,8.9159e-05,7.2383e-05,0.0012592,6.6706e-05,0.00097788,1.4881e-06,5.7735e-05,0.0019346,1,2.5179e-07,0.0011918,1.6466e-06,4.5272e-05,0.0019579
2.2542e-07,8.423e-08,6.2773e-07,4.1928e-08,2.0876e-06,2.3532e-06,5.6015e-06,4.8712e-07,8.7313e-09,2.5e-08,4.8558e-06,3.0614e-08,7.8956e-08,4.6453e-08,1.8673e-07,2.3325e-07,1.7845e-06,8.87e-08,8.0062e-09,9.7413e-07,2.0298e-06,5.7843e-07,7.0598e-08,2.2128e-06,1.5404e-07,4.1091e-10,1.1395e-07,4.3367e-05,3.5323e-07,2.0472e-07,1.5603e-07,0.00057671,0.0026189,1.2044e-05,2.5323e-08,4.8089e-08,4.6778e-06,1.2084e-08,5.2893e-05,8.2922e-09,2.2427e-05,1.0742e-08,2.1254e-07,2.1109e-06,3.9341e-08,2.5179e-07,1,3.0267e-07,1.6823e-05,1.9321e-07,1.5129e-06
3.2062e-06,0.0043203,0.0059281,0.0035303,8.299e-05,5.3798e-06,0.00013386,0.00046217,0.0015256,0.00083899,6.5352e-06,0.0014408,0.0077216,0.0054105,3.0114e-06,0.00066751,1.9163e-05,1.5077e-05,0.0017581,0.00036526,2.3477e-07,0.00042906,4.1489e-05,0.00088479,1.016e-09,3.8261e-10,0.00056284,2.1363e-06,0.00059917,3.6448e-07,0.00022597,1.1836e-07,1.8329e-07,8.0015e-06,1.0015e-05,0.00010637,0.0018909,3.1418e-05,1.2052e-05,0.00012954,2.5291e-06,9.3933e-05,1.3063e-06,7.8269e-06,0.0017914,0.0011918,3.0267e-07,1,1.0263e-06,6.3126e-06,0.00021345
0.00010811,3.3237e-07,3.0331e-06,4.4042e-07,0.00011397,0.00032676,0.0001861,9.0921e-06,6.5526e-08,4.8209e-07,0.00085353,2.9433e-07,2.336e-07,2.0778e-07,6.7226e-05,9.0354e-06,8.6139e-05,2.4761e-06,5.1426e-08,7.734e-06,0.00035802,1.4741e-05,8.1022e-06,9.8081e-06,1.9792e-06,6.0886e-08,1.4882e-06,0.00041761,8.5646e-06,0.00033571,6.4369e-06,1.3397e-05,1.1608e-05,0.00019399,4.4773e-06,6.9162e-06,2.3189e-06,3.8473e-06,2.8965e-06,9.8962e-07,8.2527e-05,6.4102e-07,2.6448e-05,0.00016983,9.6101e-07,1.6466e-06,1.6823e-05,1.0263e-06,1,7.7866e-05,3.0162e-05
0.0045085,8.2634e-06,7.2148e-06,1.4089e-05,0.00096412,0.0015775,5.3741e-05,0.00037624,1.7235e-06,1.6356e-05,0.0012452,9.0576e-06,2.29e-06,2.7656e-06,0.0024275,0.00023229,0.0024185,2.9504e-05,1.8523e-06,0.00018136,4.3811e-05,0.00048523,0.00043677,4.5428e-05,3.511e-07,3.0799e-08,1.0628e-05,2.1451e-06,0.00027718,0.00010784,0.00049511,5.403e-07,5.1831e-07,0.00029893,0.00023827,0.000274,1.3526e-05,2.4289e-05,5.9003e-06,6.2942e-05,4.7315e-05,4.2728e-05,9.2938e-06,0.00018688,9.4059e-06,4.5272e-05,1.9321e-07,6.3126e-06,7.7866e-05,1,0.00019936
0.00039516,0.00028392,0.00016063,0.0004915,0.0017685,0.00027173,0.00012529,0.003176,6.6378e-05,0.00058235,0.00025102,0.00031137,0.00014661,0.00018706,0.00022132,0.0027641,0.0010896,0.00015895,8.2742e-05,0.0009242,2.6187e-06,0.0072682,0.0016489,0.00057396,6.833e-08,3.469e-08,0.00051957,1.0726e-05,0.0021534,2.4646e-05,0.0025468,3.1787e-07,4.473e-06,7.2739e-05,9.0017e-05,0.00079752,0.00022402,0.00021005,0.00012256,0.00043364,0.0006173,0.00029584,5.9298e-06,0.00059304,0.00026241,0.0019579,1.5129e-06,0.00021345,3.0162e-05,0.00019936,1
