-0.29593
-0.14473
-0.032
0.39516
-0.19184
-0.27165
-0.050928
-0.027382
-0.15375
-0.21224
-0.19419
-0.12383
0.33433
-0.20484
-0.28588
-0.13059
-0.12314
-0.14907
-0.23318
-0.17679
-0.19889
0.37393
-0.18779
-0.24842
-0.2052
-0.12257
-0.13194
-0.18592
-0.076142
0.22865
0.20884
-0.092426
-0.18346
0.082065
0.27581
0.062671
-0.16036
-0.17279
0.092681
0.25647
-0.12244
-0.30695
-0.039673
0.21972
0.091255
-0.21194
-0.056876
0.014243
0.27764
-0.06638
-0.2034
-0.073899
0.18012
0.13801
-0.087899
-0.1903
0.062442
0.22725
-0.1444
-0.11327
-0.10729
0.15017
0.0013137
-0.1975
-0.18456
0.063339
0.21447
-0.10492
-0.27549
-0.073706
0.12311
0.07375
-0.18692
-0.071868
0.027646
0.18311
-0.11409
-0.14194
-0.059002
0.070594
0.042981
-0.10169
