-0.098746
-0.03232
-0.010976
0.092133
0.02386
-0.062399
-0.021634
-0.025828
0.014583
0.011085
-0.036832
0.01031
0.059
0.035463
-0.068032
-0.0038389
-0.035673
0.051431
-0.0074127
-0.04476
0.037982
0.07847
0.038795
-0.064098
0.031855
0.0027881
0.05706
-0.091212
0.010445
0.032541
0.0058332
0.046075
-0.036475
0.017509
-0.0045228
0.054673
0.039028
-0.025174
0.027486
-0.002773
0.043089
-0.039739
0.001908
-0.014961
0.058721
0.017214
-0.054042
0.065485
0.037742
0.054478
-0.049701
0.038106
0.034042
0.071633
-0.064673
-0.042799
-0.033473
-0.021866
-0.014711
-0.0042819
-0.038114
0.085774
-0.0065448
-0.027403
-0.038533
-0.0024862
-0.043883
-0.011907
-0.060456
-0.011962
0.096882
-0.0068474
-0.030993
-0.088636
0.015244
-0.039858
0.011418
-0.0097441
-0.006366
0.11287
0.0092799
-0.069536
