-0.10538
-0.015494
0.026912
0.046434
0.024828
-0.056515
0.020682
-0.021862
0.028076
0.006194
-0.017584
0.034428
0.018409
0.024659
-0.047869
0.036576
-0.04029
0.033772
-0.0011216
-0.056325
0.021302
0.087357
-0.016987
-0.085194
0.013925
-0.0049097
-0.0043566
-0.046538
-0.0096765
0.068199
0.016403
0.052882
-0.079553
0.044547
0.032611
0.058938
0.0037809
-0.012916
0.079721
-0.0070036
0.0078525
-0.092734
0.062303
0.019644
0.026624
-0.051312
-0.021994
0.10401
0.045169
-0.013709
-0.12127
0.083382
0.060637
0.033331
-0.069388
-0.038932
0.036663
0.0091018
0.038959
-0.060608
0.020681
0.023786
0.057047
-0.031527
-0.0027446
0.076616
-0.020992
0.012444
-0.09308
0.067952
0.010443
0.042827
-0.055188
-0.027405
0.082687
-0.0066062
-0.00076319
-0.10006
0.064506
0.042861
0.041082
-0.071539
