-0.042283
-0.0455
-0.024473
-0.016823
0.048543
0.038104
-0.013576
-0.069983
0.012553
0.0146
-0.018973
-0.036234
0.04737
-0.011041
-0.019388
-0.033869
-0.043854
-0.015766
-0.0031779
0.026138
-0.00619
0.053511
-0.076395
0.031801
0.02293
-0.0343
-0.09169
-0.017387
-0.045849
-0.067889
-0.12175
-0.017656
0.16782
-0.0299
-0.13054
-0.052362
-0.034644
0.019602
-0.0083007
-0.0433
0.029084
0.032457
0.0075418
-0.057381
0.01896
0.044864
0.021256
-0.020865
-0.050085
-0.052524
0.18793
-0.0079764
-0.062768
-0.039611
-0.0070668
-0.024697
0.012957
-0.10538
-0.023811
0.11636
0.041034
-0.060011
-0.026042
-0.053262
-0.029236
-0.0035222
0.030192
0.0039269
-0.041817
0.0039326
0.01299
-0.0040127
-0.013885
0.0034651
-0.058459
-0.032889
0.01921
0.089613
-0.048725
-0.027999
0.013657
-0.014454
