1.4123
0.0051387
-0.0027581
-0.0032559
-0.0042304
-0.0039336
-0.0029743
-0.0037679
-0.0041133
-0.0013627
-0.0030768
-0.0033705
-0.0024476
-0.0029284
-0.0042552
-0.0048569
-0.0032458
-0.0036214
-0.0039671
-0.0049055
-0.0063087
-0.0067628
-0.0051127
-0.0052077
-0.0047529
-0.0056576
-0.0049866
-0.0047429
-0.0033416
-0.0028176
-0.0031972
-0.0027049
-0.002161
-0.0028907
-0.0023819
-0.0020887
-0.0025631
-0.0018433
-0.0029606
-0.0023729
0.0045985
0.0039785
-0.0045737
-0.0024652
-0.0023048
-0.0028229
-0.004114
-0.0035641
-0.0032197
-0.0024231
-0.0033718
-0.0030394
-0.0029489
-0.0040881
-0.0028437
-0.0020314
-0.0032446
-0.0037166
-0.0026715
-0.0024541
-0.0023173
-0.0024566
-0.0032188
-0.0028881
-0.0031154
-0.0016585
-0.00047638
-0.0031926
-0.0012566
-0.0046389
-0.0039122
-0.0024574
-0.0033451
-0.0032694
-0.0021381
-0.0027055
-0.0035771
-0.0028487
-0.0034719
-0.0020796
0.0037882
0.0045032
-0.0016596
0.00016948
-0.0046591
-0.00086259
-0.0021056
-0.0010261
-0.0012574
-0.0019315
-0.0012459
-0.0028477
-0.0013624
-0.00081096
-0.002047
-0.0024995
-0.0010871
-0.0015356
-0.001604
-0.0016005
-0.0023055
-0.0018344
-0.0017715
-0.00068706
-0.0035293
-0.0019581
-0.0019987
-0.0034339
-0.0010995
-0.00078508
-0.0023069
-0.0023662
-0.0018953
-0.0024114
-0.0019042
-0.0031647
-0.0019084
-0.0015956
-0.0028614
-0.0020386
0.0044227
0.0035058
-0.0012466
-0.0031948
-0.0026944
-0.00076336
-0.0025166
-0.0010853
-0.0021125
-0.0028569
-0.0028969
-0.0036564
-0.0027038
-0.0025748
-0.0022113
-0.0013092
-0.002193
-0.0042387
-0.0032079
-0.0023923
-0.0016937
-0.0017223
-0.0031012
-0.003412
-0.0025667
-0.0015595
-0.0023724
-0.0019756
-0.0028351
-0.0019988
-0.0028008
-0.002619
-0.0028882
-0.0025947
-0.0017119
-0.0019102
-0.0021804
-0.0016682
-0.0051131
-0.00078318
0.003945
0.003159
-0.0013451
-0.0014152
-0.0037013
-0.004802
-0.0035016
-0.0020672
-0.0010787
-0.0020651
-0.0031735
-0.0016489
-0.00063141
-0.0020628
-0.0017539
-0.0025194
-0.0030558
-0.00034614
-0.0029792
-0.0034585
-0.0033305
-0.0035169
-0.0021829
-0.0017514
-0.0028778
-0.0032016
-0.0018474
-0.002127
8.7685e-06
-0.0033939
-0.0022625
-0.0014065
-0.0014471
-0.0017299
-0.0023113
-0.0025469
-0.0021233
-0.0015562
-0.0026997
-0.00066005
0.0029841
0.0025356
-0.0011817
-0.00026116
-0.0027198
-0.0015949
-0.0045569
-0.0024028
-0.0015134
0.00059773
-0.0039963
-0.0035006
-0.0023075
-0.0030972
-0.0024601
-0.0019991
-0.0027954
-0.0017849
-0.00086554
-0.00051694
-0.00019267
-0.0028591
-0.0023279
-0.0028059
-0.0036811
0.00041033
-0.0013216
-0.0031522
-0.0030626
-0.00091247
-0.0020338
-0.003384
-0.0034786
-0.0018828
-0.00044522
-0.0032123
-0.0026623
-0.0018271
-0.0036223
-0.0012093
0.003619
0.001553
-0.0014254
-0.0021143
-0.0016395
-0.0027328
-0.0019995
-0.0019859
-0.00087727
-2.8783e-05
-0.001967
-0.00034819
-0.0011396
-0.003506
-0.0020239
-0.0026496
-0.0017571
-0.0024049
-0.0021233
-0.0021668
-0.001163
-0.001097
-0.00066598
-0.003538
-0.0031287
-0.0016097
-7.3404e-05
-0.0015725
-0.002635
-0.0029022
-0.0017822
-0.00074604
-0.00097676
-0.0024616
-0.0023562
-0.0025534
-0.0011475
-0.0027714
-0.0039048
-0.00087202
0.0030436
0.0018104
-0.0020192
-0.0019299
-0.0010326
-0.00074102
-0.0025025
-0.004574
-0.0034011
-0.0020147
-0.001532
-0.0037721
-0.0024383
-0.0014748
-0.00083641
-0.0022782
-0.0028582
-0.0053773
-0.0024424
-0.00053593
-0.0027014
-0.0027791
-0.0018793
-0.0013316
-0.0013407
-0.0020683
-0.0032584
-0.0037357
-0.0037762
-0.0049991
-0.0044871
-0.0041185
-0.001244
-0.0029759
-0.00036239
-0.0010147
-0.001217
-0.0037815
-0.00053071
-0.0032287
0.002576
0.0012214
-0.0018268
-0.0025531
-0.0015915
-0.0019848
7.2261e-05
-0.0047224
-0.0027382
-0.0045156
-0.0020197
-0.0016285
-0.0019193
-7.1031e-05
-0.0013136
0.00044613
0.0003293
0.00087135
-0.00090733
-0.0040643
-0.00018477
-0.0038363
-0.00056039
-0.0031641
-0.0011773
-0.00074968
-0.00046351
-0.0022184
-0.0004906
-0.0019287
-0.00020692
-0.00059114
-0.0029826
-0.0022302
-0.002413
-0.002486
-0.0022828
-0.0029433
-0.0014172
-0.0014753
0.0018508
0.001771
-0.0020381
-0.0015826
-0.0027217
-0.0038913
-0.00054427
-0.0017307
-0.0013208
-0.0055247
-0.0039926
-0.0021481
-0.0037012
-0.0041311
-0.0040112
-0.0039716
-0.0020927
-0.0027178
-0.0035752
-0.0031028
-0.0012057
-0.0019883
-0.0032211
-0.0028142
-0.0027147
-0.00047807
-0.0012734
-0.002364
-0.00059407
-0.0035524
-0.0023539
-0.0019861
-0.0014516
-0.0019377
-0.0043929
-0.0015016
-0.00074068
-0.00147
-0.0042343
-0.0013518
0.0017786
0.0023755
-0.0035673
-0.00072099
-0.0027543
-0.0010153
-0.00021487
-0.0034799
0.00046505
0.00064677
-0.00049115
-0.0020952
-0.0016878
-0.0021693
-0.00041201
-0.0029639
-0.00082471
-0.00017749
-0.0020477
0.00016038
-0.0029413
-0.0019044
-0.0033156
-0.0017884
-0.0041572
-0.0001549
-0.0022498
-0.00191
-0.0020416
-0.0050233
-0.0015281
0.00087319
-0.0016131
-0.0025451
-0.0026638
-0.0011374
-0.0011368
-0.0024991
-0.0011957
-0.0018336
0.0011348
0.0021625
-0.0023701
-0.0018791
-0.003472
-0.0010547
-0.00074207
-0.0043608
-0.0035029
-0.0017236
-0.0043504
6.5924e-05
-0.0018391
-0.001446
-0.0040456
-0.0039003
-0.0040582
-0.005219
-0.0018467
-0.00035632
-0.002089
-0.0015518
-0.0014572
-0.0033107
-0.0028198
-0.0017931
-0.0032654
-0.0016883
-0.00142
-0.0028599
-0.0022968
1.5813e-05
-0.0038908
-0.00019144
-0.0021249
-0.0031661
-0.0017762
-0.00089232
-0.0017345
-0.0032366
0.0010933
0.001739
-0.0014135
-0.0016798
-0.0028537
-0.0013401
0.00041153
-0.0037144
-0.0025204
-0.0032509
-0.0015652
-0.0023454
-0.0037338
0.00052694
-0.0026126
0.0012114
-0.0035194
-0.0023231
-0.0028449
0.00045537
-0.0030937
-0.0044196
-0.0015026
-0.0035605
-0.0025643
-3.1239e-05
-0.00023719
-0.0036868
-0.0003443
-0.0033648
-0.00062887
0.00034969
-0.0023993
0.0012668
-0.0022128
-0.0026328
-0.00057669
-0.0027822
-0.0013047
-0.0013268
0.0010232
0.0023456
-0.0012462
-0.0013239
-0.0030161
-0.0034384
-0.0025418
-0.0031349
-0.0027232
-0.0036512
-0.0034822
-0.0021342
-0.0024959
-0.0024645
-0.0045863
-0.0036327
-0.0010651
-0.0014493
-0.0062448
-0.0013805
-0.0036497
0.00037029
-0.002433
-0.00099202
-0.0013267
-0.00045507
-0.0016489
-0.0032338
-0.0012257
-0.0054992
-0.0039015
-0.0028864
-0.002803
-0.0041151
-0.0012917
-0.00376
-0.0016825
-0.0033799
-0.002512
-0.0014368
0.0002275
0.0026809
-0.0013383
-0.0030145
-0.0020945
9.645e-06
0.0010458
-0.0022921
0.00063385
-0.00087558
-0.0022857
0.0011898
-0.0046005
-0.0030338
0.0016263
-0.0030041
0.00014924
-0.0025867
-0.0057446
0.0015883
-0.0036005
-0.0033482
-0.0036467
-0.0027111
-0.0029888
-0.0024925
-0.0013214
-0.0019514
-0.0014466
-0.0011485
0.0003462
-0.0010081
-0.0015373
-0.0040092
-4.7464e-05
-0.0048958
-0.001893
-0.00088293
-0.0055303
-0.00077074
0.00073449
0.0036545
-0.0012831
-0.00329
-0.0029182
-0.00098919
-0.0029572
-0.0051226
-0.0030824
-0.0025649
-0.0029647
-0.0011377
-0.0032812
-0.0024739
-0.0016427
-0.0019679
-0.00057066
-0.0029925
-0.0043239
-0.0016378
-0.00081933
-0.0023492
-0.0041316
-0.0028038
-0.0023141
-0.0020683
-0.0015346
-0.0024456
-0.0035311
-0.003721
8.1381e-05
-0.0027338
0.00040365
-0.003882
-0.0021206
-0.0027256
-0.001229
-0.0017519
-0.0018497
-0.001456
0.00037362
0.0039565
-0.001767
-0.0013066
-0.0036035
-0.0020835
-0.0025835
-0.001468
0.0011127
-0.0012889
-0.0056116
0.00061827
-0.0033808
-0.0029498
-0.0033403
-0.0013761
-0.0038992
-0.0013296
0.0026926
-4.3833e-05
-0.001856
-0.0025927
-0.00027872
-0.0030166
-0.0036694
-0.0011849
-0.0032662
-0.0048039
-0.0031639
-0.0022338
-0.0036503
-0.002723
-0.0041655
-0.0050374
-0.00043024
-0.0045273
-0.0026477
-0.002674
-0.0013381
-0.0031155
0.0017735
0.0042678
-0.0034721
-0.0012482
-0.0042481
-0.0012347
-0.0023825
-0.0031601
9.0906e-05
-0.0020705
-0.0038809
0.0020294
-0.0047734
0.00022894
-0.0042281
-0.004003
0.00040783
-0.0011003
-0.0037143
-0.0037858
-0.0036023
-0.0042653
-0.0027902
-0.0026338
-0.0037317
-0.0019618
-0.0014278
-0.0039782
-0.0035298
-0.0019643
-0.0031082
-0.0011187
-0.0009579
-0.0028696
-0.0023051
-0.0006015
-0.0021547
-0.0045097
-0.00052906
-0.0037222
0.0012361
0.0048616
-0.0022425
-0.003567
-0.0033896
-0.0024413
0.00058347
-0.0011566
-0.0009927
-0.0049316
-0.002491
-0.00057205
-0.0029078
-0.00078173
-0.0010473
-0.0032585
-0.0018434
-0.001667
-0.0022803
-0.0010435
-0.002651
-0.00039438
-0.0027747
-0.00054786
-0.0017122
-0.00038417
-0.00087028
-0.004396
-2.9734e-05
-0.005927
-0.00047526
-0.0020906
0.00073501
-0.0022289
-0.0026226
-0.0007426
0.0016148
-0.0027181
-0.0024572
-0.00094912
0.00083251
0.0016124
-0.0022534
-0.0026479
-0.0023791
0.00026246
-0.0032247
-0.003709
-0.0017249
-0.0044111
-0.0030306
-0.0037682
-0.0022011
-0.0021332
0.00077772
-7.5903e-05
0.00088123
-0.0008063
-0.0020171
-0.0018021
-0.0010791
-0.0012992
-0.0019103
-0.0003838
-0.0029614
-0.0018569
-0.0018552
-0.0030031
0.0018976
-0.0012366
-0.0011169
-0.0020124
0.00092066
0.0018625
-0.0018161
-0.003593
-0.0013578
-0.0041952
-0.0020428
-0.0021598
-0.0001885
0.0040274
-0.0031195
-0.0017353
-0.001455
-0.0024132
-0.0013297
-0.0010235
-0.00044493
-0.0014745
-0.0016086
-0.001981
-0.0013866
-0.0028881
-0.0040188
-0.0016158
-0.0030915
-0.0014398
-0.0034461
-0.0023538
-0.0033257
-0.0036211
-0.002325
-0.0023074
-0.0035855
-0.0011355
-0.001409
-0.0046123
-0.0019595
-0.0024901
-0.0047854
-0.0049878
-0.0022227
-0.0031235
-0.0015179
-0.0040026
-0.00024058
-0.0034349
0.00030328
-0.0030015
0.00014451
0.0045655
-0.0034158
-0.0026795
-0.0031437
-0.0011896
-0.0016315
-0.0039348
-0.001275
-0.0035972
-0.0035983
-0.0037669
-0.0025236
-0.0044007
-0.0046475
-0.0049281
-0.0032504
-0.0036297
-0.0011878
-0.00038671
-0.0046263
-0.00022617
-0.0011157
-0.00083161
-0.0046735
-0.00096982
-0.0017856
-0.0037105
0.0002668
-0.0038722
0.0012439
-0.00041936
-0.0021401
-0.0019745
-0.0029489
-0.0040969
-0.0014225
-0.0026002
-0.0014308
-0.0028626
0.0014769
0.004484
-0.0016947
-0.002262
-0.002765
-0.0025646
-0.00087206
-0.0013764
-0.00022202
-0.0034952
0.00098904
0.00048
-0.004227
0.0003972
-0.0022492
0.0021924
-0.00068662
-0.0026583
-0.001163
-0.0026558
-0.0010148
-0.0019586
-0.00033052
-0.0060118
-0.0064123
-0.0021502
-0.0015383
-0.0039254
-0.0039569
-0.0053719
-0.002423
-0.004381
-0.0025631
0.00016764
-0.0016207
-0.00061774
-0.0031102
-0.002558
-0.00068919
-0.0038102
0.0028136
0.0044099
-0.0023018
-0.0024463
-0.00085154
-0.0020882
-0.0034963
-0.002291
-0.0027873
-0.0046898
-0.002378
-0.0036402
-0.0031194
-0.0029569
-0.0033362
-0.0046686
-0.004929
-0.0039546
0.001164
-0.0020996
-0.0024254
-0.001599
-0.00092709
-0.0024716
-0.0010163
-0.0012958
-0.00024705
-0.00065961
-0.0011882
0.00024443
-0.0006456
-0.0025826
-0.0035316
-0.0043353
-0.0021043
-0.0013474
-0.0031395
-0.00169
-0.001454
-0.0031074
0.0017783
0.0052237
-0.0031821
-0.0030937
-0.0025309
-0.0019728
-0.00023715
-0.0007935
-0.00037563
-0.0030388
-0.00068395
-0.00060808
-0.0044481
-0.00075081
-0.0018276
-0.00069378
0.00010082
-0.00078054
-0.001957
-0.0031761
-0.0034582
-0.0046659
-0.00098569
-0.00301
-0.0013066
-0.0017363
-0.0012751
-0.0063108
-0.00022493
-0.0031322
-0.0012669
-0.0021403
-0.00055125
-0.0032074
-0.0027024
-0.0019076
-0.0025818
-0.0031847
-0.0029619
-0.0027281
0.0021465
0.0057523
-0.0021052
-0.0024272
-0.0041407
-0.00036617
-0.0027624
-0.0019053
-0.0023607
-0.00080424
-0.0028244
-0.0015115
-0.0021983
-0.00053015
-0.0028967
-0.0045646
-0.0047382
-0.0038744
-0.0016366
0.00030911
-0.00082412
-0.00073959
-0.0014346
-0.0037337
-0.0046983
-0.00023707
-0.0015273
-0.004588
-0.0029826
-0.0039005
-0.0017286
-0.00237
-0.0028438
0.00085209
-0.0026683
-0.00069673
-0.0014737
-0.0028542
-0.0022617
-0.00084338
0.0011061
0.0056912
-0.0031113
-0.0017878
-0.0019797
-0.0039592
-0.0023447
-0.0027318
-0.0022462
-0.0023294
-0.0020693
-0.0025961
-0.0017245
-0.0056933
-0.0022497
-0.00050925
-0.00026871
-0.0010748
-0.0028156
-0.0020193
-0.0030792
-0.0017369
-0.0019293
-0.0011574
-0.00079174
-0.0022653
-0.0019221
-0.00039553
-0.0018215
-0.0014679
-0.0048152
-0.0028335
-0.003801
-0.00017701
-0.001584
-0.0032766
-0.001424
-0.0029768
-0.00052385
-0.0010685
0.0009557
0.0040582
-0.0027728
-0.0027573
-0.0032433
0.00010828
-0.0025264
-0.0014102
-0.0014253
-0.0011977
-0.0012178
0.00017298
-0.0016219
-0.00073417
-0.0030403
-0.0009984
-0.0043689
-0.0038644
-0.0028031
-0.0013078
-0.0031867
-0.0018388
-0.0024994
-0.0042937
-0.0047339
-0.0027675
-0.0018338
-0.0035476
-0.00045688
-0.0033462
-0.0029796
-0.0018321
-0.0020646
-0.0024792
0.00078
-0.0030077
-0.0033225
-0.00084526
-0.0021307
-0.0024051
0.0019174
0.0034051
-0.0017016
-0.00048309
-0.002582
-0.00063286
-0.0013304
-0.0028529
-0.0038112
-0.0024426
-0.0028658
-0.0015387
-0.0034269
-0.0058369
-0.0024815
-0.0028805
0.00033366
-0.0025648
-0.0024265
-0.0029652
-0.0018223
-0.0016612
-0.0032022
-0.0018135
-0.002785
-0.00056403
-0.0016021
-0.00254
-0.0042671
-0.0033354
-0.00039717
-0.0028808
-0.00054149
-0.0043306
-0.0055474
-0.0025268
-0.0024668
0.00080219
-0.0038264
-0.0013372
0.0016394
0.0041247
-0.0018869
-0.0021274
-0.0039219
-0.0026586
-0.001778
-0.0019491
-0.0041863
7.6687e-05
-0.00093559
-0.0018616
-0.00035945
-0.0025347
0.0010978
-0.00058712
-0.0012736
0.0020745
-0.0029256
-0.0026698
-0.0044458
-0.0018448
1.4385e-05
-0.0028192
-0.00015817
-0.0014015
-0.0016969
-0.0017466
0.0014192
-0.00309
-0.0016621
-0.0020683
-0.0013488
0.0028662
-0.0023643
-0.0023465
-0.0010957
-0.00091067
-0.0046649
-0.0016243
0.0016921
0.0040753
-0.0028898
-0.0028769
-0.0015885
-0.0014681
-0.0023721
1.2208e-06
-0.0003945
-0.0042937
-0.0028177
-0.0038468
-0.00075499
-0.0051708
-0.0024699
-0.0018771
-0.0037184
-0.0048578
-0.0010157
-0.0024971
-0.0015414
-0.00083482
-0.0049416
-0.0027001
-0.0028064
-0.00059906
-0.0020718
-0.0055699
-0.0028206
-0.0034354
-0.0029641
-0.00029857
-0.0016113
-0.0033915
-0.003595
-0.0050704
0.0030722
-0.0033813
-0.0012056
-0.0027009
0.0029885
0.0047936
-0.00054161
-0.0026694
-0.0033832
-0.0023619
-0.0044994
-0.0031319
-0.001363
-0.0018247
-0.0024456
-0.00042938
-0.00028619
-0.0015963
-0.0023888
-0.00041956
-0.003188
-0.00087736
-0.0022312
-0.0027479
-0.0011262
-0.0016096
-0.001635
-0.0020102
-0.0021413
-0.0016253
-0.0012224
-0.003066
-0.0013326
-0.0025556
-0.0022873
-0.0040127
-0.001991
-0.00051944
-0.0023076
-0.0033914
0.00075719
-0.0034509
-0.0013167
-0.003239
0.004248
0.0049128
-0.0032561
-0.00049804
-0.0017889
-0.001565
5.02e-05
-0.0022191
-0.0038517
-0.0026235
-0.001751
-0.0042294
-0.0040205
-0.00045813
-0.0030343
-0.0011701
-0.0045767
-0.0035467
-0.0017535
-0.0031169
-0.0016626
-0.0038897
-0.0010797
-0.0029443
-0.0023406
-0.0024576
-0.0013322
-0.0035923
-0.0026729
-0.0027955
-0.0028692
-0.0029453
-0.0040523
-0.0018702
-0.0029104
-0.00043634
-0.0018953
-0.0061645
0.0001409
-0.0026782
0.0036722
0.0055393
-0.0026479
-0.0033413
-0.00364
1.938e-05
-0.0013234
-0.0006624
-5.3553e-05
-0.0010137
-0.0022926
-0.0017462
-0.0020699
-0.0026937
0.0014935
-0.0020441
0.00063937
-0.0018414
-0.0029645
-0.00051053
-0.0031323
-0.00047232
8.7937e-05
-0.0015405
-0.00066572
-0.00066182
-0.0010686
-0.0041223
-0.00054849
-0.00097828
0.00081145
-0.00050572
-0.0024377
-0.0039884
-0.0027896
-0.0044748
-0.00073926
-0.0041882
-0.00091458
-0.0019341
0.003367
0.0068871
-0.0018805
-0.0022727
-0.0017277
-0.0027848
-0.0043742
-0.0016197
-0.00053155
-0.0041434
-0.0029809
-0.004073
-0.0028535
-0.0023602
-0.0046104
-0.0019195
-0.0035797
-0.00056739
-0.0020292
-0.0032074
-0.0033262
-0.0015683
-0.0021457
-0.0033492
-0.003412
-0.0018943
-0.0026399
-0.00035979
-0.0032418
-0.0035309
-0.00068083
-0.0026847
-0.0019145
-0.0012848
-0.0026091
-0.0051454
0.00087839
-0.00151
-0.00028417
-0.0022785
0.0038396
0.0058997
-0.0034929
-0.0012834
-0.0017233
-0.003264
-0.0013678
-0.0036083
-0.00079904
-0.0015878
-0.0014401
-0.0010442
-0.0021622
-0.0022296
-0.0021689
-0.0005446
-0.0033109
-0.0032453
-0.0054664
-0.0025566
-0.0006492
-0.00031206
-0.0032941
-0.0018148
-0.0034935
-0.0013404
-0.0024662
-0.0029828
-0.0023229
-0.0011644
-0.0038408
-0.0025112
-0.00029483
-0.0029935
-0.00034954
-0.0044458
-0.0010777
-0.0031732
-0.00068076
-0.0039204
0.0039225
0.0068477
-0.0019533
-0.0026641
-0.0028403
-0.0029413
-0.0023796
-0.00032212
-0.0014836
-0.0049132
-0.0016666
-0.0013588
-0.0025774
-0.0021585
-0.0012859
-0.0028282
-0.0013121
-0.0010699
-0.0013464
-0.00099624
-0.0043389
-0.0044514
-0.0031462
-0.0011321
-0.0016955
-0.00024371
-0.00026723
-0.00052583
0.00037359
-0.0018189
-0.0029465
-0.0024098
-0.0011778
-0.0022933
-0.0024836
-0.0043981
0.00017853
-0.00123
-0.00244
-0.0025123
0.0036744
0.0074915
-0.0029353
-0.0020323
-0.0018363
-0.0018457
-0.001273
-0.0022964
-0.0020251
-0.0014857
-0.0034216
-0.0025485
-0.002166
-0.0025909
-0.0020288
-0.0033697
-0.0020802
-0.0042014
-0.0016971
-0.0025828
-0.0021631
-0.00017149
-0.0020973
-0.0054732
-0.0026218
-0.0050174
-0.003363
-0.0028571
-0.0022182
-0.0040511
-0.0011866
-0.0022136
-0.003633
-0.00084173
-0.00022847
-0.0040622
0.00023528
-0.0022378
-0.0038502
-0.0014773
0.0042898
0.0054265
-0.0046944
-0.0041233
-0.0044488
-0.0039787
-0.0037501
-0.0039371
-0.0042108
-0.0032854
-0.0041078
-0.0028148
-0.0036184
-0.0008802
-0.0032714
-0.0030129
-0.0050168
-0.0013767
-0.0021337
-0.0030455
-0.0030885
-0.0036386
-0.002587
-0.0023757
-0.0021043
-0.0011728
-0.0033519
-0.0031987
-0.003231
-0.0048149
-0.0030908
-0.0018584
-0.0059664
-0.003956
-0.0043038
-0.0038261
0.00057978
-0.0050928
-0.002572
-0.0037701
0.0034066
0.0080121
-0.00045585
0.00014246
-0.0007809
-0.00058407
-0.00042525
-0.00051824
4.3505e-05
2.4129e-05
-0.00054736
6.227e-05
-0.00044693
-0.00091715
-0.00063926
-0.0014977
-0.0016722
-0.0018148
-0.0021193
-0.0014878
-0.0035573
-0.0040823
-0.0024812
-0.002269
-0.0018681
-0.002171
-0.0018358
-0.0016459
-0.00056089
-0.0022179
-0.0014979
-0.002324
-0.0016081
-0.001028
-0.0022651
-0.0031722
-0.0018373
-0.0031975
-0.0012222
-0.0012769
0.0046025
