-0.088789
-0.021215
-0.1041
-0.0060577
-0.054467
0.14721
-0.093176
-0.086108
-0.084542
0.020554
0.065778
-0.074094
-0.049034
-0.0043301
0.15266
-0.033093
-0.098538
-0.053794
0.10821
0.013095
-0.090668
0.017154
-0.022806
0.12569
-0.047686
-0.09244
-0.045846
0.035899
0.064597
-0.042386
-0.060784
-0.003786
0.030509
-0.010327
-0.063424
-0.034287
0.071911
0.094439
-0.068764
-0.11242
-0.0055616
0.1646
-0.018614
-0.11393
-0.060813
0.10912
0.032056
-0.036659
-0.055801
0.0096188
0.10252
-0.010597
-0.066262
-0.019126
0.060023
0.092183
0.012459
-0.10478
0.046724
0.014113
0.054197
-0.12702
0.010223
0.10029
0.1087
-0.013922
-0.14928
0.038932
0.14177
0.034884
-0.15029
-0.007708
0.11264
0.029254
-0.0025602
-0.076306
0.044334
0.088539
0.025414
-0.11682
0.0052609
0.061426
