2.6109
-0.0078511
-0.0054949
-0.0053782
-0.0032846
-0.003231
-0.0044438
-0.0062363
-0.0060478
-0.0061093
-0.0064541
-0.0066424
-0.0070495
-0.0054681
-0.0078417
-0.0058883
-0.0064366
-0.0057441
-0.0033199
-0.0050554
-0.0058871
-0.0051939
-0.0047752
-0.0051794
-0.0050706
-0.0053637
-0.0032787
-0.0038737
-0.0038707
-0.0040478
-0.0053126
-0.0039224
-0.0043286
-0.0045331
-0.004468
-0.0034973
-0.0047158
-0.0053281
-0.0051404
-0.0064805
-0.0084637
-0.0050868
-0.0075329
-0.005832
-0.0070782
-0.0067275
-0.0072901
-0.0055438
-0.0056345
-0.0052211
-0.0037655
-0.0052269
-0.0053591
-0.0036849
-0.0057961
-0.0017968
-0.0055521
-0.0051915
-0.0059599
-0.0068513
-0.0072683
-0.0068569
-0.006888
-0.0046656
-0.0053708
-0.005452
-0.0054808
-0.0060665
-0.0052788
-0.0061015
-0.0065868
-0.0062039
-0.0058046
-0.004819
-0.0063534
-0.0056693
-0.0066142
-0.0065813
-0.0054839
-0.0077212
-0.007463
-0.0067552
-0.0039252
-0.0037929
-0.0036833
-0.0035328
-0.0041988
-0.004009
-0.0035814
-0.0027919
-0.0027736
-0.0046008
-0.0027884
-0.0041119
-0.003373
-0.0064015
-0.0023572
-0.0029411
-0.0044372
-0.0020478
-0.00098134
-0.00040869
-0.00084075
-0.0030633
-0.0042363
-0.0036043
-0.0033784
-0.0019176
-0.0016969
-0.00034545
-0.0040015
-0.0013414
-0.0018079
-0.0030545
-0.0040977
-0.0025154
-0.0033769
-0.0029663
-0.0024278
-0.0049552
-0.0054199
-0.0048993
-0.0048625
-0.004164
-0.00073252
-0.0028893
-0.0029388
-0.005018
-0.0040373
0.0014543
-0.0029296
-0.0031019
-0.00326
-0.0012207
-0.002996
-0.0026558
-0.0037243
-0.0027861
-0.0046067
-0.0048151
-0.0038965
-0.0036824
-0.0062213
-0.00075151
-0.00038827
0.0010767
-0.003072
-0.0027278
-0.0065798
-0.0053589
-0.0069588
-0.0021438
-0.00063964
-0.0029454
-0.0039097
-0.0026631
-0.0038285
-0.0028673
-0.0027163
-0.0045172
-0.0052054
-0.0055069
-0.003873
-0.0012272
0.00049434
-0.003243
-0.0008501
-0.0022643
-0.00036601
-0.0034294
-0.0047906
-0.0017963
-0.0021654
-0.002587
-0.0032531
-0.0011845
-0.0026704
-0.0015117
-0.0021561
-0.00079765
-0.0026889
-0.0016713
-0.0015813
-0.00614
-0.0070604
-0.00769
-0.0033066
-0.0017558
-0.0049186
-0.0050374
-0.0027915
0.0015536
-0.0028938
-0.0016907
-0.0033826
-0.0030963
-0.0035591
-0.0026626
-0.0032753
-0.0056037
-0.0057917
-0.0048954
-0.0062121
-0.0056032
-0.0032564
-0.0048953
-0.0020755
-0.0037098
0.0013684
-0.0036307
-0.0052205
-0.0017412
-0.0046352
-0.003273
-0.0040936
-0.0030791
-0.001596
-0.0059704
-0.0033507
-0.0029669
-0.0039857
0.00090207
-0.0035363
-0.0019143
-0.0015222
-0.0011315
-0.0034131
-0.0024472
0.0014079
-0.0084467
-0.003648
-0.001943
-0.0021661
-0.0039723
-0.0027655
-0.0016774
-0.0043719
-0.0037175
-0.0031486
-0.0057685
-0.00514
-0.0026933
-0.0033748
-0.0024005
-0.0050068
-0.0012962
-0.0072235
-0.0055009
-0.0023489
-0.005958
-0.0051744
-0.0021322
-0.0036773
-0.004001
-0.0061331
-0.0065066
-0.005885
-0.0053321
-0.0049161
-0.0058011
-0.0088074
-0.0057842
-0.003611
-0.0043778
-0.003873
-0.0045611
-0.0032921
-0.0040195
-0.0019507
-0.0029327
-0.0019565
-0.0029815
-0.0047019
-0.0042504
-0.0055786
-0.0013644
-0.0038846
-0.0028692
-0.0035348
-0.0042831
-0.0064928
-0.005943
-0.0050998
-0.0064895
-0.004945
-0.0022466
4.833e-05
-0.00021782
0.00072284
-0.001691
-0.0014424
-0.001653
-0.0022356
-0.00064994
-0.0052593
-0.0019254
-0.0039868
-0.0021323
-0.0023625
-0.00018413
0.0021607
-0.0019923
-0.0059676
-0.0024975
0.00084422
-0.001661
-0.0029747
-0.00096118
-0.0024959
-0.0065013
-0.001366
-0.0045883
-0.005339
-0.00071585
-0.004739
-0.0013889
-0.0036873
-0.0021076
-0.0033691
-0.0049389
-0.007412
-0.0033608
-0.0030285
-0.0026824
3.4729e-05
-0.0041863
-0.0053345
-0.0056629
-0.0045432
-0.0082028
-0.0053549
-0.0032
-0.0016551
-0.00033327
-0.0031468
-0.0009708
3.9551e-05
-0.0025456
-0.0032463
-0.0020862
-0.0057932
-0.0003291
-0.0015337
-0.0019105
-0.0023475
-0.0056384
-0.003854
-0.0036128
-0.00088988
-0.0043395
-0.004024
0.0015162
-0.00042058
-0.0059967
-0.0022467
-0.0015764
-0.0040093
-0.0025531
-0.0021855
-0.0053271
-0.0073398
-0.0039887
-0.0044298
-0.0061171
-0.0050531
-0.0040047
-0.00063771
-0.0010954
0.00081867
0.00011811
-0.0046506
-0.00096956
-0.003007
-0.0022858
-0.0040538
-0.0044058
-0.0025037
-0.0039145
0.0021401
-0.0049038
-0.0024436
-0.0044595
-0.0074968
-0.0040237
-0.0010148
-0.0021787
-0.0029453
-0.003019
-0.0010201
-0.007212
-0.0021662
-0.0019624
-0.0001962
-0.0072067
-0.0050363
-0.0026532
-0.0046195
-0.0040516
-0.0029886
-0.003279
-0.0082658
-0.0060512
-0.0028268
-0.0036217
0.00014124
-0.0050717
-0.0044265
-0.0072674
-0.0087229
-0.0038229
-0.0044671
-0.0031805
-0.0032353
-0.0046771
-0.0042652
-0.0058041
-0.0022831
-0.0025618
-0.0013767
-0.0037733
-0.004452
0.0017213
-0.0019054
-0.0023661
-0.0015231
-0.0039811
-0.001807
-0.0029079
0.0005709
-0.0045222
0.0011216
-0.0046067
-0.00048912
-0.002228
-0.0028239
0.00062733
-0.0020344
-0.0023072
-0.0019629
-0.0054138
-0.0082494
-0.0043413
-0.0046203
-0.0030643
-0.0014941
-0.0017636
-0.0016228
0.00037186
0.0032669
-0.0039962
-0.0034122
-0.0026013
-0.0061266
-0.0041682
-0.0004509
-0.0011339
-0.004496
-0.0027666
-0.0031157
-0.0044147
0.0019809
-0.0045319
-0.0081842
-0.00087003
-0.0016858
-0.0031978
-0.0052047
-0.003957
-0.0031496
-0.0086797
-0.0054126
-0.0025582
-0.002078
-0.0041115
-0.0051271
-0.0025577
-0.0043508
-0.0043358
7.9684e-06
-0.0057846
-0.0088714
-0.002411
-0.0064903
-0.0044719
-0.0033321
-0.0064103
-0.0037304
-0.0035906
-0.00087651
-0.0044966
-0.0020112
0.00084077
-0.0005412
-0.0026665
-0.002098
-0.0023171
-0.00062372
-0.0023348
-0.0064655
-0.0035262
-0.0023816
-0.0046517
-0.0060717
-0.00088227
-0.0019352
-0.0035425
-0.00055549
-0.0061617
-0.0022228
-0.00389
-0.0011646
-0.0031861
-0.0006955
-0.0018948
-0.0044794
-0.0015059
-0.0026537
-0.0029902
-0.00025006
-0.0042537
-0.0092537
-0.0030114
-0.0068661
-0.0013294
-0.0050134
-0.0034173
-0.0037702
-0.00078769
-0.0034126
-0.0032762
-0.0032161
-0.0022755
-0.0040374
-0.0049657
-0.0057293
-0.0054635
-0.0037353
-0.00076558
-0.0051585
0.0005635
-0.001457
-0.0018604
-0.0064351
-0.0011812
-0.0030388
-0.0033524
-0.0046608
-0.003543
4.0837e-05
-0.0028676
-0.0029418
-0.0034915
-0.0029561
-0.0030505
-0.0062857
-0.0023279
-0.0065765
-0.0080854
-0.0033355
-0.003641
-0.008165
-0.0043326
-0.0049261
-0.0014612
-0.0022726
3.0048e-05
-0.00023838
-0.0016479
0.0012724
-0.0046506
-0.0014253
-0.0024556
-0.0035246
-0.0039442
-0.0041247
-0.0067501
-0.0044289
-0.0052819
-0.0034859
-0.0056547
-0.00073799
-0.0055766
-0.00061405
-0.0010266
-0.0056966
-0.0045624
-0.0043546
0.00019762
-0.0053843
-0.0093804
0.0015874
-0.0025878
0.00047347
-0.0033721
-4.3479e-05
-0.0070276
-0.00082661
0.00085939
-0.002218
-0.0020516
-0.0099796
-0.0045102
-0.0044483
-0.0054474
-0.0016301
-0.0046126
-0.0053563
-0.0050077
-0.0061494
-0.0062681
-0.00098384
-0.00081734
-0.0028426
-0.0020586
9.2628e-05
-7.303e-05
-0.0017184
0.00052743
-0.00022773
-0.0055931
-0.0014553
-0.0027423
-0.0051456
-0.0018129
0.00020629
-0.0058885
-0.0060134
-0.0045221
0.0022799
-0.0056872
0.0002694
-0.0039642
-0.0046312
-0.006439
-0.00084859
-0.0024937
-0.0064887
-0.0071032
-0.0024466
-0.0029247
-0.009628
-0.0049507
-0.0047295
-0.0039094
-0.0027413
-0.0032445
-0.00118
-0.0034371
-0.0015927
-0.001327
-0.0076373
-0.0026272
-0.0049881
-0.0045666
-0.0020449
-0.0056709
-0.0047209
-0.0026572
-0.0021014
-0.003276
-0.0029024
-0.00059632
-0.0060384
-0.00064479
-0.0039666
-0.0011491
-0.0053826
-0.0010845
-0.0044969
-0.0094757
-0.0033111
-0.00051704
-0.0027256
-0.003155
-0.00019614
-0.0038408
-0.003
-0.00074392
-0.0038486
-0.0038464
-0.0088862
-0.0046988
-0.0051479
-0.0054912
-0.0013539
-0.0016168
-0.0043667
-0.0051938
-0.0045294
-0.0038006
-0.0013826
-0.0032244
-0.0061249
-0.0014511
-0.0022985
-0.004231
-0.0018458
-0.0044832
-0.0035776
-0.0046879
-0.0049186
-0.0047478
-0.0037765
-0.0033648
0.001776
-0.0048891
-0.00043573
-0.0024914
-0.0019917
-0.0031962
-0.0035225
-0.0020495
-0.0019211
-0.0082393
-0.0042897
-0.00016971
-0.0088237
-0.0046424
-0.00093679
-0.0041213
-0.0099314
-0.0043521
-0.0044992
-0.002675
-0.0023403
-0.0026126
-0.0028041
-0.0029871
-0.0030148
-0.0037439
-0.0028739
-0.001798
-0.0036167
-0.00057375
-0.0019327
-0.0035525
-0.0049202
-0.0026887
-0.0014224
-0.0034499
-0.0021402
-0.0020382
-0.0031807
0.0006749
-0.0032028
-0.0066709
-0.0055568
-0.0011317
-0.003393
-0.0077479
-0.0059442
-0.00093328
-0.0027433
-0.00082826
-0.0030868
0.0012616
-0.00077364
-0.0034964
-0.0023103
-0.005151
-0.0095771
-0.0032558
-0.0076048
-0.0040541
-0.0020737
-0.0031007
-0.0012612
-0.0053484
-0.0038062
-0.001631
-0.0038759
-0.003162
-0.0034794
-0.0031586
-0.0027041
-0.0024715
-0.0019447
-0.0026846
-0.003012
-0.0036504
-0.0003678
-0.00429
-0.0055338
-0.0015408
-0.0023341
-0.0008721
-0.0046714
0.00017979
-0.00063988
-0.0026809
-0.0010626
-0.002785
-0.001832
0.00056997
-0.0031636
-0.0026457
-0.0034648
-0.0034534
-0.0012826
-0.0047231
-0.0093019
-0.0025702
-0.0060273
-0.0023843
-0.0017944
-0.0040063
-0.0040859
-0.0022641
-0.0050333
-0.0038343
-0.0036661
-0.0041483
-0.003269
-0.0048501
-0.00083034
0.0002659
-0.0031426
-0.0042799
-0.0046754
-0.0038674
-0.0030514
-0.0064169
-0.0049867
8.0126e-05
-0.0012503
-0.0065052
-0.0055749
-0.00134
-0.0014634
-0.0063705
-0.0042369
-0.00075941
-0.0076695
-0.0085219
-0.0059465
-0.004097
-0.0051026
-0.0044623
-0.00011029
-0.0050187
-0.0096399
-0.0046697
-0.0048975
-0.00037796
-0.002918
-0.00093425
-0.00029008
-0.0012072
0.0009249
-0.0011216
-0.0022269
-0.0030186
-0.0061355
-0.0042091
-0.0016683
-0.0019061
-0.0054007
-0.0057194
-0.0017092
-2.9083e-05
-0.001367
-0.0010498
-0.0045297
0.00029381
-0.0047301
-0.0030143
-0.0037458
-0.0042797
-0.0013716
-0.0052219
-0.0011438
-0.0019101
-0.0040592
-0.0019199
-0.0034171
-0.0012892
0.001952
-0.0037822
-0.0021552
-0.0048342
-0.0092032
-0.0061521
-0.0044195
-0.0054663
-0.0031497
-0.0058987
-0.0034024
-0.0070739
-0.0056966
-0.0069354
-0.0051424
-0.0018195
-0.0017259
-0.0027162
-0.0019134
-0.0032373
-0.003426
0.00024371
6.1299e-05
-0.003849
-0.0052153
-0.00485
-0.0042344
-0.0023668
-0.0027311
-0.005744
-0.004726
-0.0027813
-0.0044014
-0.0042776
-0.001677
-0.0025352
-0.00092159
-0.0043384
-0.0051291
-0.0010972
-0.0053956
-0.0026337
-0.0013096
-0.0042578
-0.012163
-0.0067011
-0.0045078
-0.0067339
0.0017708
-0.0012152
-0.0032313
-0.0018385
-0.0022307
-0.0023302
-0.0035674
-0.0039467
-0.005348
-0.0027928
-0.0035629
-0.0028573
-0.0062885
-0.0034156
-0.0030016
-0.0051448
-0.0014124
-0.0016032
-0.0038038
-0.00025828
-0.0013451
-0.0066693
-0.0011546
-0.0038878
-0.0033911
-0.0048097
-0.0037652
-0.0026788
-0.0045166
0.00078271
-0.0049186
-0.0025332
-0.0033685
-0.0056887
-0.0038108
-0.003077
-0.010795
-0.0052264
-0.0036562
-0.0078458
-0.0023333
-0.0060925
-0.0084768
-0.00016556
-0.0012975
-0.0016549
-0.0030553
-0.0016891
-0.0030143
-0.0045671
-0.0016578
0.00048407
-0.0011876
-0.0015145
-0.0070015
-0.0029676
-0.001291
-0.0068682
-0.0043702
-0.0015249
-0.00056082
-0.0020189
-0.0033864
-0.00095602
0.00013451
-0.0052026
-0.0014861
-0.0018329
-0.0027614
-0.0045767
-0.0043278
-0.0038286
-0.0023894
0.0013709
-0.003023
-0.0036172
-0.010723
-0.0042091
-0.0058675
0.0014932
0.00147
0.00050591
0.0018526
-0.00051098
-0.0017204
-0.0019666
-0.0042157
-0.0033808
-0.0029583
-0.0023004
-0.0060055
-0.0026542
-0.0051607
-0.0022574
4.7569e-05
-0.00068463
-0.0027247
-0.0027717
-0.0056103
-0.001644
-0.0031338
-0.0032064
-0.0047126
-0.0019431
-0.0028619
-0.0035955
-0.0026034
-0.0024997
-0.0045668
-0.0017219
-0.0029988
0.001769
-0.006468
-0.0062283
-0.0043309
-0.0038129
-0.010471
-0.0068046
-0.0050599
-0.0053612
-0.010683
-0.0027549
-0.0054633
-0.0097629
-0.0053142
-0.0082979
-0.0028141
-0.0018324
-0.0041687
-0.0024887
0.0021264
-0.0032127
-0.0033949
-0.0063221
-0.00154
0.00023255
-0.0022656
-0.0038067
-0.006857
0.0009738
-0.0021092
-0.0036973
-0.0030669
-0.0032221
0.00020783
-0.0046939
-0.0067182
-0.0026237
0.00035866
-0.0071171
-0.00099972
-0.0034262
-0.0017516
0.0029858
-0.0038646
-0.0035698
-0.010424
-0.0049974
-0.0025232
-0.0066057
0.00075157
0.000154
-0.00056568
0.00052122
-7.0702e-05
-6.4917e-06
-0.0017978
-0.0049888
-0.0055771
-0.0051756
-0.002121
-0.0029871
-0.0066492
-0.0034875
-0.0053605
-0.0069696
-0.0053369
-0.0051937
-0.0033096
-0.0019832
-0.0036923
-0.0049921
-0.0068841
-0.0023023
-0.0043632
-0.0080982
-3.0611e-05
-0.0014996
-0.0025424
-0.006549
-0.0020914
-0.003627
-0.0061859
-0.0033742
-0.0050795
-0.0035305
-0.010446
-0.0022968
-0.0026432
-0.0050423
-0.0051988
-0.0071825
-0.0067874
-0.005008
-0.0044346
-0.0065504
-0.0017901
-0.0018449
-0.0016903
-0.0029813
-0.003862
-0.0015429
0.00021406
-0.001753
-0.00099378
-0.000738
0.001137
-0.0023828
-0.0053364
-0.0034361
-0.003102
-0.0019659
-0.0017508
-0.0027068
0.00031622
-0.0031018
-0.0035856
-0.0029896
-0.0040374
-0.0039947
-0.0015537
-0.002598
0.0004864
-0.0019661
-0.0043888
-0.0032852
-0.010318
-0.0041794
-0.0056501
-0.0015627
0.0014087
0.00065648
0.0011384
-0.0025403
0.00023509
0.00043349
-8.643e-05
-0.0030351
-0.0039806
-0.0023178
-0.0039826
-0.0046601
-0.0012198
-0.0060239
-0.0025114
-0.0033515
-0.0034154
-0.003569
-0.0036274
-5.0246e-05
-0.001646
-0.0031113
-0.0045713
-0.0019099
-0.0067368
-0.0033676
-0.0029202
0.00020426
-0.0021214
-0.003708
-0.0024907
-0.0018601
-0.0019062
-0.0039107
-0.0043976
-0.0035519
-0.0096129
-0.0037113
-0.0055144
-0.006017
-0.0057487
-0.0065704
-0.0094973
-0.0050188
-0.0053563
-0.0076213
-0.002527
-0.005447
-0.004165
-0.0030439
-0.0030299
-0.0037532
-0.0039209
-0.0048375
-0.0033046
-0.0037208
-0.0037838
-0.0018757
-0.0013753
-0.0020378
-0.0030539
-0.0021072
-0.0026678
-0.0015325
0.00012589
-0.0067117
-0.0035669
-0.0018934
-0.0023236
-0.0060643
-0.0010786
-0.0049628
-0.0027806
-0.0032566
-0.0036614
-0.0039518
-0.0091449
-0.0025253
-0.0048539
-0.0075895
0.0017791
0.0024318
-0.0025791
0.0013614
0.0014119
-0.0037207
-0.0024921
-0.0035474
-0.0036635
-0.00033176
-0.00015883
-0.0049822
-0.0042793
-0.0040477
-0.0010273
-0.0029005
-0.0035424
-0.0035328
-0.006451
-0.0034401
-0.0011013
-0.0065678
-0.0028748
-0.0036035
-0.0052672
-0.0011513
-0.0055599
-0.0016833
-0.0030803
-0.0064423
-0.0036232
-0.0021714
-0.0037429
-0.0054911
-0.0012255
-0.0046299
-0.0086052
-0.0027685
-0.0043905
-0.0075168
-0.005302
-0.0034981
-0.0021022
-0.0022249
0.00035889
-0.0035743
-0.0020237
-0.0007392
-0.0010107
-0.0010955
0.001418
-0.0041881
-0.0023613
-0.0069765
0.002936
-0.0018796
-0.0046638
-0.00062282
-0.0035365
-0.0034083
-0.0015524
-0.0031567
-0.0002524
-0.0036316
-0.00054967
-0.0041573
-0.006015
-0.00035684
-0.0027521
-0.0029399
-0.0019325
-0.0044006
-0.002632
0.00045787
-0.001203
-0.0059219
-0.0075712
-0.0028523
-0.006277
-0.0019929
-0.0060431
-0.00042939
-0.0071066
-0.006286
-0.0042171
-0.0079912
-0.0012228
-0.005575
-0.0059064
-0.0047987
-0.0024003
-0.0042083
-0.0069857
-0.0058549
-0.0043072
0.00027278
-0.0044563
-0.0045761
-0.0057246
-0.0032269
-0.0038733
-0.0038435
-0.0029481
-0.0038859
-0.00080648
-0.0045607
-0.002625
-0.0032775
-0.0030382
-0.0045331
-0.0015608
-0.0018951
-0.0026121
-0.0040949
-0.0032454
-0.0060065
-0.0068671
-0.0034804
-0.0069948
-0.0027101
-0.004459
-0.0042095
-0.0021995
-0.0018096
-0.0038241
-0.0045581
-0.0034224
-0.0017931
-0.0045177
-0.0065123
-0.0022888
-0.00049347
-0.0033661
-0.0027365
-0.0030778
-0.006036
-0.0028787
-0.0051971
-0.0038817
-0.00021083
-0.0029562
-0.0045068
-0.0031448
-0.0050601
-0.0031717
-0.004812
-0.0050633
-0.0039422
-0.0063168
-0.0040615
-0.0030211
-0.0035414
-0.0023419
-0.003445
-0.0017323
-0.0047767
-0.006368
-0.0039203
-0.0046363
-0.0013436
-0.0024863
-0.0019551
-0.0016279
-0.0026452
-0.00456
-0.00034352
-0.0020236
-0.0021269
-0.0053543
0.00015863
-0.00087772
-0.0014845
-0.0020479
-0.0037787
-0.00066444
-0.00062874
-0.0017877
9.3328e-05
-0.0010928
-0.0044686
-0.0030655
-0.0012954
-0.001312
0.00043956
-0.00092494
-0.003301
-0.0016765
-0.002988
0.001336
-0.0013932
-0.001881
-0.0025901
-0.0029144
-0.0023646
-0.0033268
-0.0047519
-0.0063292
-0.0018251
-0.0060814
-0.0014876
-0.0028466
-0.0047409
-0.0033873
-0.0042054
-0.0018295
-0.0043384
-0.0057698
-0.0055893
-0.00043874
-0.0014453
-0.0040264
-0.0040908
-0.0037735
-0.0046893
-0.0021957
-0.0041984
-0.0051377
-0.0046775
-0.0039515
-0.0042919
-0.0041274
-0.0033018
-0.0039252
-0.0043022
-0.0025265
-0.0050361
-0.0031428
-0.0024636
-0.0044442
-0.0035351
-0.0013682
-0.0045336
-0.0026187
-0.0053265
-0.0019274
-0.0058531
-0.0057971
-0.0026891
-0.0052713
-0.0031466
-0.0042143
-0.0025135
-0.0019867
-0.0028288
-0.0028874
-0.0036787
-0.00056936
-0.0024566
-0.0029395
-0.0030937
-0.002016
-0.0029313
-0.0015999
-0.0039117
-0.0034237
-0.0025726
-0.00089734
-0.002869
-0.0015127
-0.0011168
-0.0027998
-0.0035268
-0.0018767
-0.001867
-0.0036086
-0.0016677
-0.0023855
-0.0025124
-0.0030235
-0.0028336
-0.0040683
-0.0026743
-0.0025196
-0.0028405
-0.0020336
-0.0048145
-0.0053538
-0.0035314
-0.0089245
-0.0057255
-0.0061019
-0.0063332
-0.0046979
-0.007095
-0.0065269
-0.0066845
-0.003415
-0.009069
-0.0052953
-0.0048749
-0.0039173
-0.0073328
-0.0031345
-0.0062914
-0.0044993
-0.0061368
-0.0054884
-0.0055435
-0.0048939
-0.0056129
-0.0050331
-0.0055631
-0.0059902
-0.0060838
-0.0058286
-0.0064615
-0.0054591
-0.0075559
-0.0061861
-0.0054462
-0.006925
-0.0065769
-0.0055497
-0.0066179
-0.0039379
-0.0085659
-0.0067883
-0.0064587
-0.0068724
-0.0060457
-0.0054669
-0.0057043
-0.0064754
-0.0060887
-0.0038438
-0.0058365
-0.0041655
-0.0060066
-0.0078442
-0.0070449
-0.0070442
-0.008448
-0.0093413
-0.0092122
-0.0084417
-0.0094932
-0.0099932
-0.011073
-0.0095388
-0.0096038
-0.0094875
-0.0089121
-0.008291
-0.0076003
-0.0062609
-0.0071609
-0.006581
-0.005915
-0.0059311
-0.0059715
-0.0062447
-0.0059963
-0.0061749
-0.0069291
-0.0067563
-0.0082509
-0.0097572
