1.8408
-0.0081336
-0.0083159
-0.0072877
-0.0057442
-0.007549
-0.0078129
-0.0062112
-0.0072615
-0.007009
-0.0076044
-0.007338
-0.0065991
-0.0053352
-0.006737
-0.005525
-0.0079943
-0.0067097
-0.0084536
-0.0062935
-0.0054221
-0.0049105
-0.0076888
-0.0042385
-0.0089968
-0.0078506
-0.0084361
-0.0080317
-0.0082061
-0.0065405
-0.0080787
-0.0062725
-0.0063227
-0.0073112
-0.007368
-0.0067977
-0.0035473
-0.0076639
-0.0070933
-0.005637
-0.0063825
-0.0064739
-0.0048881
-0.0025177
-0.0049791
-0.0022616
-0.0036784
-0.0051286
-0.0032822
-0.0048232
-0.0035576
-0.0050533
-0.004898
-0.0049326
-0.0096083
-0.0031401
-0.0023803
-0.0033697
-0.0047537
-0.0026321
-0.0021208
-0.0056982
-0.0048326
-0.0015471
-0.0012313
-0.0028075
-0.0036589
-0.0014724
-0.0033888
-0.0073554
-0.0058878
-0.0015511
-0.0050191
-0.0047419
-0.0055287
-0.0054077
-0.0010087
-0.0083147
-0.0029104
-0.0044938
-0.0050629
-0.0044026
-0.0047116
-0.0017049
-0.0031778
0.0016175
0.00026513
-0.00055368
-0.0030603
-0.0036555
-0.0018602
-0.0045994
-0.0010065
0.0012947
-0.002088
-0.00038612
1.9108e-05
0.0019841
-0.0025934
0.00030296
0.0003609
-0.0050932
-0.00062215
0.0007863
-0.0045657
-0.003052
-0.0010553
-0.0004178
-0.0016264
-0.0015835
-0.0037666
-0.0042935
-0.00062458
-0.0012381
-0.0015563
-0.001188
-0.0006131
-0.00098867
-0.0018866
-0.0031989
-0.0035072
-0.0061604
-0.0045048
-0.0015194
-0.0028123
-0.0020559
-0.0037887
-0.0036386
-0.003943
-0.00081039
0.001938
-0.0027548
-0.0021971
-0.002483
-0.0029
-0.0022467
-0.0053324
0.0013527
-0.0055975
-0.0029945
-0.0038487
-0.0036776
6.8592e-05
-0.0016444
-0.0019818
-0.0004522
-0.0040835
-0.0018776
-0.0029297
-0.003209
-0.0029666
0.00070242
-0.0051561
-0.0028746
-0.00070942
-0.0030661
-0.0017651
-0.0046686
-0.00045853
-0.002397
-0.0033595
-0.0053806
-0.0042886
-0.0018338
-0.0033753
-0.00020014
-0.0021733
0.00099513
-0.0039894
-0.0013571
0.0016411
-0.0028396
-0.00198
-0.0004499
-0.0022521
-0.0032721
-0.0013281
-0.0020255
-0.0023643
-0.00058772
-0.0014678
-0.0035941
-0.0012506
-0.0035183
-0.0029004
-0.0033533
-0.00086457
0.0023419
-0.0030443
5.6798e-05
-0.002453
0.002348
-0.00094953
-0.0048962
-0.0013399
-0.001191
-0.00054849
-0.0063784
-2.2014e-05
-0.0041017
-0.0040057
-0.0040778
-0.0062783
-0.0011859
-0.002089
0.00071753
-0.0050882
-0.00050069
-0.00026639
-0.0028236
0.00059217
-0.0044351
0.0011042
-0.002806
-0.0017236
-0.00028526
-0.0065673
0.0021775
-0.0011196
-0.0037333
0.00067342
-0.0027743
-0.0019768
0.00010715
-0.0027693
0.0010915
-0.0037673
-0.0017214
-0.0010534
-0.0027931
-0.0038048
0.0002563
0.00073871
-0.00057089
-0.0054088
-0.0037734
-0.0005536
-0.0018215
0.0012154
-0.0048568
-0.0030676
-0.0039184
-0.0059513
-0.0016062
-0.0034683
-0.0028009
-0.0022118
0.0010732
-0.0020254
-0.0077656
-0.0012006
-0.0014525
-0.0022892
0.00030485
-0.0017046
0.0028025
-0.0051368
-0.0012995
-0.0027222
-0.0027953
-0.0019578
-0.0064673
-0.0020886
0.0017024
-0.001852
-0.0033131
-0.0054633
-0.0032095
-9.4318e-05
-0.0048487
-0.0036563
8.6838e-05
-0.0018221
-0.0018176
0.00015182
-0.0059238
-0.0024523
-0.0039747
0.0030699
-0.0038035
-0.0039642
-0.0054359
-0.00423
-0.0021006
-0.0039155
-0.0026395
-0.00066074
-0.0022353
-0.0029352
-0.0040474
-0.00056929
-0.0034599
-0.0010622
-0.0014879
-0.0024905
-0.00038814
0.0016844
-0.0016891
-0.0009147
-0.0060066
-0.0015131
-0.0049795
-0.00090146
-0.002776
-0.0030326
-0.0014907
0.0011497
0.00011589
0.00025589
-0.0013397
0.00073807
-0.0005604
-0.002584
-0.0019046
0.00026829
-0.001909
-0.0049673
-0.0023784
0.00098258
-0.0033459
-0.006557
-0.004977
-0.0053167
0.0037264
-0.0034428
0.00060632
0.0010122
-0.0046303
-0.0011257
-0.0035769
-0.001432
-0.002502
-0.002847
-0.0040462
-0.0057735
-0.00012981
-0.0011604
-0.0077081
0.0032616
-0.005917
-0.00063687
-0.0038472
0.0026448
-0.0031071
-0.0033436
-0.0022471
-0.0050995
-0.0029523
-0.0017898
-0.0042858
-0.001434
-0.0042049
-0.00041106
-0.003486
-2.2465e-05
-0.0040581
0.002158
-0.0061316
0.00085186
-0.002152
-0.0049822
-0.0041007
-0.0066525
-2.5113e-05
-0.0044247
-0.0022143
-0.0013352
-0.0041116
-0.0010979
-0.0018929
-7.0646e-05
-0.00080368
-0.0030021
-0.00062493
-0.00099624
-0.00053531
-0.00033661
-0.0027044
0.00028686
-0.0026004
-0.0028457
-0.0031038
-0.0010864
-0.0042052
-0.0014061
-0.0017551
-0.0026026
0.00049552
-0.00050509
-0.004613
-0.0018328
-0.0029952
-8.5132e-05
-0.0015376
-0.0030181
-0.0010126
0.0010305
-0.0062156
-0.00234
-0.0034381
-0.0053361
-0.0049345
-0.0065091
0.0011482
-0.0017113
0.0012125
-0.0011495
-0.0014841
-0.0012498
-0.0059256
-0.00064612
-0.0035861
-0.0019761
-0.003926
0.00036649
-0.0019774
-0.0013871
-0.00098287
-0.0012968
-0.0044995
-0.0031355
-0.0033631
0.00083969
-0.0007025
-0.0028643
-0.0017952
-0.0042354
-0.0002759
-0.0013436
-0.0014477
-0.0025232
-0.0024913
-0.0015204
-0.0020801
0.0012635
-0.0054284
-0.0018291
-0.0016161
-0.0012327
-0.002558
-0.0059238
-0.0041265
-0.0055343
-0.0016965
-0.00065038
-0.0027855
-0.0035909
-0.0027474
-0.001757
-0.0030471
0.00026113
-0.00085771
-0.0016631
-0.0046269
0.00038889
0.0013674
-0.0017256
-0.00043899
-2.644e-05
-0.0059632
0.0029061
-0.003912
-0.0009498
-0.0031476
-0.004711
0.0012408
-0.00041708
0.00022642
-0.0036176
-0.0031049
-0.0049922
0.0035586
-0.0012093
-0.0047628
-0.0024967
-0.0033415
0.0014054
-0.0024375
-0.00096293
-0.0021779
-0.0060901
-0.0035621
-0.0047838
-0.0019973
-0.0018655
-0.0018573
-0.0025894
-0.0028715
-0.0011921
-0.0017861
-0.0027671
0.0010226
-0.0018166
-0.0028453
-0.0067198
0.00084951
-0.00044162
-0.0051597
-0.0026436
-0.0050587
-0.0032426
-0.0039754
-0.00010304
-0.0036453
-0.0075997
-0.00016242
-0.00022868
-0.0016099
-0.0047001
0.0020156
-0.0048052
0.0023665
-0.0025397
-0.0015097
-0.0013946
-0.0017804
-0.0026352
-0.0029116
0.0010659
-0.0037857
-0.0061499
-0.0062082
-0.0047531
-0.00022678
-0.00056899
-0.0037943
-0.00040017
-0.0037805
-0.0002101
-0.0030397
-0.0021936
-0.0032002
-0.0025101
-0.0047551
-0.0023854
0.0019976
-0.0010603
-0.00012526
-0.0010457
-0.0038696
4.2832e-05
-0.0026071
-0.0024054
-0.0032657
-0.00059539
0.00017274
-0.00087301
0.0013026
-0.002249
-0.0013672
-0.0078054
-0.0034394
0.0021954
-0.0014765
-0.0055193
2.504e-05
-0.0037629
-0.00054801
0.0034663
-0.0056041
-0.0061335
-0.0059533
-0.0045705
-0.0017962
-0.0031695
-0.00055931
-0.0017613
-0.0035576
-0.0029561
-0.0039947
0.0011933
-0.00016053
-0.00027762
-0.00050095
-0.0034561
0.0026754
-0.0046636
-0.0019246
-0.0028358
-0.0010681
0.0029823
-0.00047708
0.00035118
-0.0031796
-0.0028342
-0.0043977
-0.00079898
-0.0034095
-0.0028026
-0.0011104
-0.0013187
-0.0025214
-0.0035333
0.0014829
-0.0071563
0.0038461
-0.0049878
-0.0055277
0.00082656
-0.0045912
-0.0044045
-0.0055226
-0.0026511
0.0030249
-0.0043129
-0.00012407
-0.0021314
-0.0024811
-0.00028464
-0.002384
-0.00088472
-0.002178
-0.0029725
-0.001268
-0.0018064
-0.00014135
-0.0027489
-0.0013956
-0.00258
-0.0034835
-0.00038282
-0.005995
-0.0010253
-0.0051412
-0.00090389
-0.0012892
-0.0032232
0.0026426
-0.0019744
-0.0040119
-0.0034748
0.0015914
-0.0025717
-0.00327
-0.0032483
0.0014875
-0.0013029
-0.0035892
-0.0012407
-0.0014683
-0.0052412
-0.0055763
-0.0059127
-0.0030542
-0.00497
-0.00094257
-0.0021775
-0.0018202
-0.0040471
-0.0027115
-0.0021869
-0.0024221
-0.0038874
-0.0039777
-0.0012517
-0.0025769
-9.6609e-05
-0.0037931
-0.0027149
-0.00086463
-0.0032248
-0.0059442
0.00041046
-0.0018125
-0.0046451
-0.0044061
-0.0018009
-0.0040834
-0.001004
0.0014511
-0.0032637
0.0015358
-0.0026949
-0.0031207
7.4426e-07
0.0010864
-0.003215
-0.0012157
-0.0032585
-0.0032456
-0.003442
-0.0052959
-0.0020456
0.0013558
-0.0006111
-0.004349
-0.00075547
-0.0015029
-0.0022022
-0.0046266
0.00055986
-0.0032421
-2.3402e-05
0.00084746
-0.00052473
-0.0041109
-0.0017007
-0.0035177
-0.00013029
-0.0059814
-0.003372
-0.0016387
0.0033797
-0.0049001
0.0013664
-0.0021811
-0.0035941
-0.0045711
-0.00020937
-0.0030934
-0.0036234
0.0038857
-0.0038375
-0.0025947
-0.0051147
-0.0029876
-0.0035208
0.00097766
-0.0019276
-0.0028244
-0.0044472
-0.0051332
-0.0035717
0.00062842
-0.0044223
-0.0020079
5.9715e-05
-0.0024052
-0.0038991
-0.0028215
-0.0013047
0.00079556
-0.0015293
-0.002709
0.00041745
-0.0024286
-0.00078856
-0.0018176
-0.00054998
-0.0028493
-0.0052922
-0.0020166
0.0025206
-0.00081556
-0.0058577
0.00012218
0.00093191
-0.00040708
0.0011374
-0.0058728
-0.0020228
-0.0018908
-0.0046233
0.0012028
-0.00078163
-0.00045744
0.00034935
-0.0034936
-0.002402
-0.0041276
-0.0039916
-0.0045511
-0.0077258
0.0013611
-0.0044778
-0.0010522
-0.0020123
-0.0020441
-0.00010557
-0.0034607
-0.0049327
-0.0033264
-0.0028751
-0.0025865
-0.0036225
-0.00031344
-0.0021474
-0.0052018
0.0020974
-0.005937
-0.00011577
0.0023937
-0.0047324
-0.0055345
0.00074446
-0.0063527
-0.0045801
-0.0006042
-0.0035582
-0.0047688
-0.005258
4.3807e-05
-0.0070572
-0.0028103
-0.0036882
-0.00021219
-0.0015725
-0.0038427
-0.0013554
-0.0067526
-0.0033385
-0.0039696
-0.0027624
0.00047808
-0.0045216
-0.00064332
-0.0018328
-0.0013289
-0.0014315
-0.0053905
-5.366e-05
-0.00038055
-5.5051e-05
-0.0012093
0.002347
-0.0054897
0.002954
-0.006185
-0.0016877
-0.0046695
-0.00098265
-0.0017113
-0.0016459
0.00091278
-0.0055742
0.00083738
-0.0029488
8.7879e-05
-0.00053871
0.0030646
-0.0017961
0.00041848
-0.0013702
0.00013717
-0.0029446
0.00050699
0.0018477
-0.0062135
0.00082007
-0.0040661
-0.0048833
-0.0046134
-0.0039229
-0.00424
-0.0018501
-0.0040061
-0.0033631
-0.0022629
-0.0030608
-0.0028837
0.0019548
-0.005127
-0.0016212
-0.0024701
0.0023211
-0.0062136
0.0011689
-0.0053166
-0.0025296
-0.0011693
-0.0010698
-0.0040918
-0.0009282
-0.0045169
-0.0028758
-0.0012904
-0.0059217
0.0015142
-0.0018301
-0.0074744
-0.00025729
-0.0011603
-0.0058247
-0.0035296
-0.010085
-0.0022139
0.00095331
-0.0027684
-0.0038288
-0.0036576
-0.0043268
-0.003655
-0.002887
-0.0034629
-0.0010797
-0.0024731
-0.0045997
-0.0015394
-0.0014613
-0.0030616
-0.0017109
-0.0031794
-0.0022398
-0.0036104
-0.00098406
-0.001693
-0.0021546
-0.0026328
0.00076252
-0.0025281
-0.0022519
0.00085388
-0.0033066
-0.00074287
-0.0025216
0.00062086
-0.00074744
-0.0016958
-0.001807
-0.001397
-0.0056843
0.0048088
-0.0022352
-0.00051418
-0.0025656
0.002139
0.00018535
-0.001145
-0.0065111
-0.001893
-0.0053311
-0.0026678
-0.0039764
-0.0009528
-0.00047807
-0.001129
-0.00087285
-0.0024302
-0.00071985
7.4627e-05
-0.0010704
-0.00034036
-0.0026923
0.00013813
-0.0021293
-0.0029368
-0.002586
0.0019145
-0.0062655
-0.0035224
8.9638e-05
0.0015931
-0.00059067
-0.0066772
-0.0030369
-0.0046524
-0.0022069
0.0014017
-0.0018752
-0.0039638
-0.0033409
-0.00022917
-9.5712e-05
-0.0030406
-0.0042296
-0.003039
0.0011119
-0.004559
0.001031
-0.0048393
-0.0057655
-0.0023639
-0.0071608
-0.0019707
-0.0031523
-0.0046717
-5.3312e-05
-0.0036105
-0.00050438
-0.0011584
-0.0031762
0.0021429
-0.0047126
-0.0010825
-0.00034676
-0.0025804
-0.0010888
0.00086078
-0.008639
-0.0025264
-0.0039116
-0.002067
0.0027216
-0.005753
0.00057288
-0.0012259
-0.0044156
0.0028988
-0.0058628
-0.0019613
-0.003208
0.00025717
-0.004528
0.0017815
-0.0021778
-0.00099686
0.0024785
-0.0035606
-0.00033109
-0.004304
-0.0040731
-0.0045525
-0.005352
-0.00022094
-0.00082244
-0.0008242
0.00013349
-0.0045534
-0.0030028
-0.0063557
0.00015561
-0.0015514
-0.0081813
0.00075166
-0.0034345
-0.0008403
-0.0015962
-0.0034541
-0.0016325
-0.0023919
-0.001909
-0.00086413
-0.0031306
-0.0016664
-0.0075791
-0.0043127
-0.0012359
0.00059432
0.00078112
-0.0044633
-0.0062817
0.0013251
-2.6737e-06
-0.0048993
-0.0026017
-0.0058785
-0.0005042
-0.0013171
-0.0029505
-0.0045311
-0.0031716
-0.0037856
-0.0044207
-0.0040627
-0.0013182
-0.0030261
-0.0022319
-0.00015504
-1.1578e-05
-0.0018944
-0.002272
0.001408
-0.0038843
-0.0013416
-0.0014758
-2.3227e-05
-0.00020615
-0.0024798
-0.0027265
-0.0065939
0.00045555
-0.001329
-0.0010121
0.0018529
-0.0037082
0.00088779
-0.0013775
-0.0016266
0.001393
-0.0027935
-0.0025031
0.0009444
-0.00014545
-0.00286
-0.0013593
-0.0014564
0.0019727
-0.0014337
-0.0013195
-0.0034559
-0.0038683
-0.0062038
0.0011375
-0.0032826
0.00054424
-0.0035144
-0.00033269
-0.0036269
-0.0055207
-0.0022969
-0.0023195
-0.0031227
-0.0030349
0.0015381
0.0010262
-0.0074566
-0.0027807
0.0018044
-0.0034042
-0.0030347
-0.0023298
-0.0023354
-0.0016194
-0.0037018
-0.00079455
-0.0032536
-0.0056848
0.0001859
-0.0044277
-0.00055952
-0.009125
-0.0028981
-0.002912
-0.00052349
-0.0041006
-0.0041333
0.0011451
-0.0021995
-0.0023235
-0.0060297
-0.0045682
-0.0057229
-0.0034208
-0.0059606
-0.001325
-0.0035147
0.00065159
-0.0032778
-0.0004156
-0.0016535
-0.0020888
-0.0029125
-0.0022369
0.00023895
-0.00097068
-0.0028031
-0.0013932
-0.0048388
-0.0027678
-0.0035183
0.00079144
-0.0019825
-0.0020561
0.00026939
-0.001691
0.00078418
-0.0042809
-0.0029042
0.001347
-0.0030325
0.0031016
0.00046882
-0.0029324
-0.00074537
-8.6315e-05
-0.0015999
-0.00025829
-0.002774
-0.00068195
-0.0045261
-0.0041855
-0.0036626
-0.0028944
-0.00034501
-0.0034437
-0.002119
-0.00049712
-0.0029511
-0.0032596
-0.0022757
-0.00058976
-0.0018829
-0.0053716
-0.00023521
-0.0011444
-0.00038008
-0.0047399
-0.00016969
-0.0027722
-0.0036891
3.2137e-05
-0.0016109
-0.0036588
0.00029541
-0.0019312
-0.00195
-0.0031474
-0.0045038
0.0010708
-0.0049592
-0.0038745
-0.0043466
-0.0036133
-0.0017635
-0.0019725
-0.0046516
-0.0022589
-0.0011805
-0.0016744
-0.0066789
-0.0054345
-0.0039432
-0.0056123
-0.00079589
-0.0022408
0.00016929
-0.0042821
-0.0015812
0.001004
-0.0047072
-0.0031377
-0.00024945
-0.0049836
0.00077582
-0.0034096
0.0016751
-0.0050621
-0.00040426
-0.0046284
-0.0021943
-0.00037834
-0.007093
-0.0016683
-0.00016733
-0.0024766
6.3386e-05
-0.00094377
-0.0029922
0.00044418
-0.0033801
-0.0043331
-0.00096154
-0.0037157
-0.0024801
-0.0019518
0.0014919
-0.0020146
-9.6444e-05
-0.00064978
-0.003141
-0.004268
-0.0039019
-0.0053634
-0.0019121
-0.0016784
-0.00056426
-0.0051346
-0.0023214
-0.0019457
-0.0024419
-0.0036462
-0.00030706
-0.0054859
3.3697e-05
-0.0025069
-0.0018001
-0.0028848
0.00030777
-0.0005342
-0.0064544
0.0036671
-0.0040658
-0.00065325
-0.0047833
0.0001671
0.001534
-0.0041366
-0.0031098
-0.0020624
-0.0013271
-0.0011419
-0.00071548
-0.00028266
-0.0042004
-0.0023911
-0.0033402
-0.0026066
-0.00090025
-0.0012828
-0.0044043
-0.0064066
-0.0043325
-0.0034948
-0.001917
-0.004162
-0.00089328
-0.0032302
-0.0029032
0.0017088
-0.0043625
-0.0038976
-0.0011596
-0.00058508
0.0016012
0.0017462
-0.0029575
-0.00073433
-0.0049596
0.002977
-0.0032335
-0.0048897
-0.003393
-0.0032962
-0.006759
-0.00011003
0.0014744
-0.0043613
-0.00052726
-0.0011584
-0.0018204
-0.00067651
-0.00024337
-0.00097599
-0.0053115
-0.0024495
-0.0021924
0.00059974
-0.00077643
0.0025481
-0.006352
-0.0038785
-0.0065189
-0.0027206
0.00017535
-0.0035554
0.0027385
-0.00028312
-0.0027917
-0.0029759
-0.0031646
-0.0013214
-0.0054917
-0.0010794
-0.00488
-0.0017362
-0.0039829
-0.00093709
-0.0039056
-0.00069238
0.0021235
-0.0014885
-0.0034167
0.0019319
-0.0043893
-0.0010051
-0.0032773
-0.0054846
-0.0018773
-0.0037402
-0.0024405
-0.0039653
0.0001727
0.0011521
-0.0041131
-0.0025107
-0.0042228
0.00073953
-0.0025178
0.0021988
-0.0076347
-0.0038062
-0.0063356
-0.0032182
-0.0026619
-0.0023047
9.6116e-05
-0.0010149
-0.0026105
-0.0045539
-0.0017297
-0.0025732
-0.0010166
-0.00091893
-0.0015603
-0.0031734
-0.002404
-0.0026075
-0.0035231
-0.0014638
-0.0033698
-0.0052419
-0.0056363
0.002561
-0.0035563
-0.0017345
0.0020878
-0.0036365
0.0014794
-0.0037567
0.0010831
-0.003267
-0.0025394
-0.0041876
-0.00061453
0.0014166
-0.0029396
-0.0030801
-0.0014903
-0.00011612
-0.0067741
-0.0038872
-0.006314
-0.002685
-0.0035921
-0.0021442
-0.00083818
-0.0056385
0.0002462
0.00076972
-0.0022319
-0.0048385
-0.00074242
-0.0041379
-0.0028593
-0.0042529
0.0014637
-0.0016322
-0.0047306
-0.0035117
0.00034335
0.0023229
-0.0032097
0.00078067
-0.003372
-0.0047399
-0.0013572
-0.0052958
0.001128
-0.0043979
-0.003194
-0.0042687
-0.0019445
-0.0010771
-0.0022549
-0.0016818
-0.005245
-0.0018917
0.0010385
0.00035024
-0.0054411
-0.0045299
-0.0057486
-0.00057817
-0.0027075
-0.0033714
0.0029385
0.0032495
-0.0016507
-0.0025895
0.00088755
0.00017669
-0.0010952
-0.0016816
-0.0011192
0.0020919
-0.00039075
0.00073883
-0.00042334
0.0007354
-0.0043294
0.00019993
-0.0059618
0.0020616
-0.0036455
-0.0003852
0.0011209
0.0016327
0.00084313
0.00014102
-0.0017838
-0.0024053
0.001812
8.0034e-05
-0.003703
-0.00062562
-0.0014508
-0.0027988
0.0015428
-0.00040974
-0.0055618
-0.0056341
-0.0056278
5.4618e-05
-0.0013193
-0.0019882
-0.0017128
-0.0044254
-0.0033861
-0.0038569
-0.0027377
-0.0025481
-0.0010326
-0.0033832
-0.0032435
-0.0060979
-0.0011274
-0.0024143
-0.0026449
-0.0016258
-0.0036442
-1.7012e-05
-0.0046749
0.0018964
-0.0051094
-0.00069842
-0.0038679
-0.0074113
-0.0050452
-0.0020323
0.00071163
-0.00041431
-0.0033664
-0.0030371
0.0007036
-0.0007082
-0.0029837
-0.002717
-0.0020527
-0.00222
-0.0044986
-0.0033151
-0.0067193
-0.0072758
-0.0059986
-0.0055724
-0.005378
-0.0028194
-0.0023105
-0.0037217
-0.0039269
-0.004996
-0.005308
-0.0054336
-0.0038688
-0.0042473
-0.0046461
-0.0053671
-0.0085876
-0.0039119
-0.0061926
-0.0061541
-0.0080631
-0.0033371
-0.0046659
-0.0025116
-0.0066511
-0.0039531
-0.0006441
-0.0020158
-0.0029049
-0.0055333
-0.0053081
-0.0024342
-0.0050206
-0.0062598
-0.0048441
-0.0022203
-0.0035632
-0.0029589
-0.0075139
-0.0057742
-0.0082914
-0.0064151
-0.0075621
-0.0065234
-0.0044708
-0.0060567
-0.0091772
-0.0066257
-0.0046368
-0.0051163
-0.0056905
-0.0064493
-0.0028305
-0.0045151
-0.0041639
-0.0047375
-0.0045367
-0.0047165
-0.0041614
-0.0042596
-0.0047749
-0.0058608
-0.0055866
-0.0059958
-0.006518
-0.0067813
-0.0064428
-0.011131
-0.0079415
-0.0066064
-0.0085131
-0.009372
-0.0072458
-0.0081071
-0.0088231
-0.0090177
-0.0093379
-0.0053294
-0.0091717
-0.0072806
