5.4637
-0.017913
-0.015318
-0.01667
-0.017255
-0.015881
-0.016059
-0.017794
-0.014526
-0.014831
-0.015171
-0.015457
-0.016132
-0.014628
-0.015972
-0.013083
-0.012342
-0.014853
-0.013723
-0.014469
-0.014431
-0.014229
-0.015657
-0.013784
-0.015857
-0.013353
-0.0133
-0.01563
-0.013724
-0.014394
-0.014141
-0.015479
-0.01685
-0.014396
-0.015476
-0.015533
-0.014964
-0.013596
-0.012957
-0.014443
-0.016925
-0.0129
-0.0032476
-0.0065226
-0.0070279
-0.0059369
-0.0055342
-0.0069943
-0.0060216
-0.0054018
-0.0056601
-0.0084364
-0.0054878
-0.006567
-0.0048555
-0.0057568
-0.0058374
-0.0097459
-0.0066818
-0.0071807
-0.0064229
-0.0047912
-0.0077101
-0.0071376
-0.010488
-0.0067652
-0.0062374
-0.0065373
-0.004132
-0.0049218
-0.0045848
-0.0065919
-0.0057728
-0.0076264
-0.008523
-0.0052242
-0.0058403
-0.0076095
-0.0056646
-0.0080555
-0.0099863
-0.01185
-0.0062708
-0.0055167
-0.0075437
-0.0093293
-0.0057726
-0.0090202
-0.0043759
-0.0058856
-0.0078312
-0.0096035
-0.0069448
-0.0092096
-0.0077015
-0.0057944
-0.0038432
-0.0083326
-0.0062319
-0.0040945
-0.0049238
-0.010235
-0.0026179
-0.0042668
-0.0077848
-0.0068963
-0.0039303
-0.0030388
-0.0041984
-0.0066224
-0.0047113
-0.006103
-0.0072513
-0.0055718
-0.0033752
-0.0066178
-0.010577
-0.0061917
-0.0068807
-0.0082537
-0.01129
-0.010061
-0.0081108
-0.0037762
-0.0076429
-0.0020754
-0.006404
-0.0056356
-0.0049884
-0.0049645
-0.0031389
-0.006762
-0.0039769
-0.0052988
-0.002881
-0.0059901
-0.0062471
-0.0073506
-0.0072153
-0.0046352
-0.0072229
-0.0059644
-0.0056183
-0.010368
-0.0031215
-0.0059518
-0.010592
-0.0067318
-0.0099604
-0.0085547
-0.010546
-0.0075542
-0.010799
-0.0034066
-0.0080629
-0.0043968
-0.0070737
-0.0074039
-0.00025738
-0.0095361
-0.011425
-0.011716
-0.005643
-0.010013
-0.0033851
-0.0098598
-0.0048163
-0.0075865
-0.0059451
-0.0060025
-0.0083598
-0.010747
-0.0076789
-0.0055006
-0.0081102
-0.0066657
-0.0054456
-0.0059662
-0.0077951
-0.0081027
-0.0063838
-0.0042721
-0.0082948
-0.0065471
-0.0046206
-0.0067692
-0.0090793
-0.0065356
-0.0069776
-0.0023645
-0.0035082
-0.004885
-0.00988
-0.0049457
-0.0065386
-0.0051177
-0.0095151
-0.0043708
-0.0067253
-0.0055087
-0.01049
-0.0092822
-0.0050105
-0.0049088
-0.0080215
-0.0064069
-0.0070937
-0.0073165
-0.0068607
-0.0059636
-0.0075175
-0.0051513
-0.0039025
-0.004503
-0.0070806
-0.0072493
-0.0047928
-0.0077653
-0.011309
-0.0027499
-0.0071646
-0.0076227
-0.0069792
-0.0059415
-0.0074074
-0.0073788
-0.0078437
6.239e-06
-0.0056833
-0.0087253
-0.0056719
-0.0079145
-0.0072887
-0.0045593
-0.0049038
-0.0087579
-0.0078535
-0.0056564
-0.005768
-0.0083809
-0.010813
-0.011363
-0.0024012
-0.0061113
-0.0061758
-0.008733
-0.0070897
-0.0038294
-0.0092406
-0.0083458
-0.009229
-0.0081103
-0.0053585
-0.0097657
-0.0071155
-0.005047
-0.0091441
-0.0028487
-0.0099376
-0.0040607
-0.0058419
-0.0036296
-0.0066729
-0.0073301
-0.0067524
-0.0020787
-0.0062447
-0.011183
-0.007144
-0.005709
-0.010001
-0.0069669
-0.0046405
-0.0049615
-0.01021
-0.0052343
-0.0062774
-0.0085355
-0.0035543
-0.0069754
-0.010065
-0.010376
-0.012751
-0.0052853
-0.0047105
-0.011794
-0.0033449
-0.0079319
-0.0064175
-0.0059553
-0.0090624
-0.0094352
-0.0034141
-0.0066049
-0.0076579
-0.002114
-0.0050904
0.00042913
-0.0091123
-0.0072081
-0.0096291
-0.0059877
-0.0060439
-0.0061343
-0.010218
-0.0023682
-0.0060467
-0.011291
-0.0068198
-0.0054962
-0.0052969
-0.0091355
-0.005593
-0.0082109
-0.0098471
-0.0041952
-0.0050715
-0.0084979
-0.0062951
-0.0065559
-0.010161
-0.010826
-0.0045518
-0.0074119
-0.0043847
-0.0089931
-0.0017962
-0.0071214
-0.0047293
-0.0046273
-0.0048508
-0.0051272
-0.0027474
-0.0067349
-0.0018096
-0.0080109
-0.00975
-0.0051021
-0.0078684
-0.0084508
-0.0056054
-0.005992
-0.0095603
-0.0057211
-0.0040146
-0.01067
-0.0061101
-0.0082514
-0.006619
-0.0082352
-0.0054669
-0.006929
-0.0053503
-0.0063808
-0.0063658
-0.0075142
-0.0061767
-0.0050436
-0.0041961
-0.0071717
-0.011983
-0.0096966
-0.0044534
-0.0076422
-0.004664
-0.0084371
-0.01059
-0.004195
-0.0056072
-0.011841
-0.0064833
-0.0048087
-0.00957
-0.010695
-0.0054061
-0.0071148
-0.0055828
-0.0079504
-0.0088754
-0.0095097
-0.0074071
-0.0060191
-0.0046298
-0.0030329
-0.0064903
-0.0041508
-0.0013711
-0.0085989
-0.00065017
-0.0057574
-0.0097689
-0.0046335
-0.0048782
-0.0074164
-0.0039272
-0.0060371
-0.0058987
-0.006853
-0.003693
-0.0079725
-0.013083
-0.010634
-0.0099225
-0.0078226
-0.002063
-0.0075275
-0.0054271
-0.004004
-0.0044941
-0.004209
-0.0045049
-0.0071435
-0.0080231
-0.0056906
-0.0054938
-0.005239
-0.0085126
-0.0086535
-0.0054679
-0.0041777
-0.0072677
-0.0068188
-0.0081636
-0.0068539
-0.0080352
-0.005406
-0.0056814
-0.010437
-0.0077865
-0.0092591
-0.0069272
-0.0062167
-0.0037167
-0.0072578
-0.0063828
-0.0053349
-0.0077709
-0.0059132
-0.0080092
-0.005912
-0.011191
-0.010782
-0.0064399
-0.0043999
-0.0053834
-0.01306
-0.005577
-0.0076236
-0.0098376
-0.0059672
-0.0099472
-0.0070681
-0.0072907
-0.010596
-0.0074672
-0.0097543
-0.0048815
-0.0060648
-0.0080247
-0.0074897
-0.0083282
-0.005262
-0.0045346
-0.0076388
-0.0080615
-0.006362
-0.0082045
-0.0067703
-0.0029917
-0.0042521
-0.0066166
-0.0059082
-0.010494
-0.0072512
-0.0047527
-0.012189
-0.0093176
-0.0081948
-0.0057194
-0.0066014
-0.011291
-0.0097958
-0.0079089
-0.007239
-0.0078057
-0.0059812
-0.0030109
-0.0053975
-0.0026353
-0.0046459
-0.0092254
-0.0072643
-0.0042604
-0.0050204
-0.0058004
0.00020658
-0.013366
-0.008701
-0.0070922
-0.0065244
-0.007494
-0.0024866
-0.0053219
-0.005279
-0.0075705
-0.0070048
-0.0064629
-0.0067678
-0.0084971
-0.0098561
-0.0050373
-0.0053485
-0.005073
-0.0053069
-0.0063177
-0.0026689
-0.0054104
-0.0065999
-0.0026671
-0.0061555
-0.012486
-0.010213
-0.0069222
-0.003448
-0.0065359
-0.0083286
-0.0067463
-0.0070503
-0.0067267
-0.0047545
-0.0076134
-0.0058001
-0.0079486
-0.0053562
-0.0071904
-0.0055605
-0.0074161
0.00049175
-0.0044916
-0.007389
-0.0092277
-0.0084539
-0.010296
-0.007747
-0.0053805
-0.0036843
-0.0092529
-0.0071271
-0.0052861
-0.0049604
-0.0053146
-0.0060013
-0.006399
-0.0070841
-0.012841
-0.0042972
-0.0071712
-0.003414
-0.015528
-0.00016194
-0.014548
-0.010825
-0.0059799
-0.0074438
-0.0040761
-0.010031
-0.0082325
-0.0045452
-0.0082468
-0.0060136
-0.0072479
-0.0071276
-0.0055891
-0.0066819
-0.0099023
-0.0051023
-0.0073804
-0.0080116
-0.0070055
-0.0071585
-0.0016715
-0.0047917
-0.0089307
-0.0050191
-0.0083357
-0.0086965
-0.0092687
-0.0041331
-0.0028968
-0.0084272
-0.0084235
-0.0082482
-0.0029538
-0.0054999
-0.0036962
-0.0079554
-0.0061637
-0.0090316
-0.0050912
-0.0022026
-0.013825
-0.010762
-0.0061296
-0.0067001
-0.0054491
-0.0063698
-0.0062656
-0.0021808
-0.0053285
-0.0030683
-0.0081892
-0.010182
-0.0071203
-0.0039143
-0.0094136
-0.0071451
-0.0051807
-0.0057478
-0.00357
-0.0065292
-0.0064386
-0.0085971
-0.0056258
-0.0071388
-0.0040954
-0.0076491
-0.0054309
-0.0073432
-0.0041896
-0.0040475
-0.0066408
-0.009338
-0.0069803
-0.006606
-0.010288
-0.0063467
-0.0066437
-0.0048553
-0.0078044
-0.0069688
-0.014544
-0.0090758
-0.0055493
-0.0051564
-0.0054422
-0.0084139
-0.010657
-0.0042212
-0.0078989
-0.0036868
-0.011443
-0.0050032
-0.0052401
-0.006722
-0.0065209
-0.003444
-0.0060952
-0.0049944
-0.0063506
-0.0059148
-0.012849
-0.00046938
-0.0067074
-0.0041598
-0.0061913
-0.0086451
-0.003707
-0.0083124
-0.0062348
-0.0086225
-0.0066377
-0.0056906
-0.011464
-0.0045004
-0.008373
-0.0023161
-0.0091548
-0.0075637
-0.002202
-0.0055709
-0.015027
-0.010486
-0.0086589
-0.0047643
-0.0057478
-0.0099897
-0.0085682
-0.0039082
-0.0058954
-0.0039206
-0.0063754
-0.0068761
-0.0058348
-0.010952
-0.0059721
-0.0067688
-0.0099267
-0.0069215
-0.0053003
-0.0075347
-0.011652
-0.0063408
-0.0087017
-0.0082184
-0.0059202
-0.0093869
-0.004919
-0.0063177
-0.0064138
-0.0032356
-0.0050602
-0.00025935
-0.0030851
-0.0049027
-0.0034971
-0.0067276
-0.010529
-0.0039442
-0.0040488
-0.0061912
-0.012043
-0.010881
-0.0065581
-0.0052727
-0.0036785
-0.0095148
-0.0060002
-0.0064018
-0.0066567
-0.0073508
-0.0081419
-0.0070954
-0.0027896
-0.0053909
-0.0064489
-0.0041749
-0.0044574
-0.0083586
-0.0077157
-0.0077077
-0.0034003
-0.0046383
-0.0050256
-0.0066051
-0.0016823
-0.007438
-0.008818
-0.010061
-0.0074925
-0.0089041
-0.0055517
-0.012616
-0.01202
-0.0062247
-0.0073475
-0.0091554
-0.0070958
-0.0067645
-0.0061349
-0.0080681
-0.013877
-0.012762
-0.0048003
-0.0089216
-0.0032899
-0.0068579
-0.0081133
-0.0054991
-0.0064423
-0.0051171
-0.0052206
-0.0049441
-0.0065894
-0.0070963
-0.0062748
-0.009171
-0.0071823
-0.005873
-0.0065658
-0.008468
-0.012065
-0.0078926
-0.0030045
-0.0020716
-0.010848
-0.0073369
-0.0066577
-0.0023271
-0.0055251
-0.0083651
-0.0022152
-0.0088881
-0.0079238
-0.0050331
-0.010052
-0.0044423
-0.0071816
-0.0058808
-0.0047624
-0.0061162
-0.012218
-0.01252
-0.0045643
-0.0062383
-0.0042679
-0.012354
-0.007008
-0.0042281
-0.0072493
-0.0056133
-0.0061581
-0.0097084
-0.01122
-0.0040939
-0.0041175
-0.0059047
-0.0035419
-0.0050034
-0.0087887
-0.0028511
-0.0096351
-0.0023853
-0.010415
-0.0073738
-0.012305
-0.0051697
-0.0033591
-0.0041896
-0.0067299
-0.010433
-0.005432
-0.0051688
-0.0050836
-0.009675
-0.0073484
-0.0058743
-0.006614
-0.0033655
-0.0084016
-0.0055695
-0.012422
-0.014431
-0.0065033
-0.0017431
-0.0051085
-0.012063
-0.0061809
-0.0031727
-0.010278
-0.006704
-0.0041815
-0.0060919
-0.007872
-0.0066245
-0.0067778
-0.0043089
-0.006749
-0.0018466
-0.0050094
-0.0030953
-0.0070961
-0.0033683
-0.0098687
-0.0045862
-0.0078288
-0.0043081
-0.0041389
-0.0059362
-0.011258
-0.0063021
-0.0048249
-0.0085178
-0.0075456
-0.0017499
-0.0058329
-0.0070084
-0.0077191
-0.005609
-0.011703
-0.0062624
-0.012273
-0.011104
-0.0071543
-0.0029168
-0.0056147
-0.0077837
-0.0050906
-0.0066006
-0.0071678
-0.0056866
-0.0098318
-0.0072127
-0.0054266
-0.0035029
-0.0065085
-0.0065234
-0.0098868
-0.0094396
-0.009278
-0.008204
-0.0083853
-0.0054764
-0.007332
-0.0055944
-0.0072926
-0.009447
-0.0067861
-0.0016357
-0.01149
-0.0054951
-0.009002
-0.0091155
-0.003571
-0.010081
-0.0074425
-0.0055823
-0.005807
-0.0073635
-0.0062405
-0.0065824
-0.012661
-0.012106
-0.0048499
-0.0040791
-0.0090599
-0.0093997
-0.0046334
-0.0064037
-0.0045645
-0.0037038
-0.0077629
-0.0080166
-0.0089135
-0.0038714
-0.0068158
-0.006926
-0.0046599
-0.0043386
-0.0065119
-0.0065978
-0.0088933
-0.0053864
-0.0051677
-0.0094929
-0.0058943
-0.0063343
-0.0051938
-0.0061116
-0.0077567
-0.0053091
-0.0020311
-0.0072735
-0.0061959
-0.0083703
-0.0052397
-0.0075164
-0.0052884
-0.0057803
-0.0021339
-0.0056946
-0.012891
-0.010326
-0.0083023
-0.0027872
-0.0065962
-0.0083593
-0.0061235
-0.011786
-0.0084927
-0.0031639
-0.006638
-0.0069829
-0.008151
-0.006094
-0.0085266
-0.0051223
-0.0045835
-0.0046352
-0.0045574
-0.0034883
-0.0023299
-0.010539
-0.0089146
-0.0026138
-0.0022919
-0.0083679
-0.0020059
-0.0028908
-0.0092055
-0.0092897
-0.0036031
-0.0039392
-0.007481
-0.00098479
-0.0073155
-0.0056943
-0.0068778
-0.0065995
-0.0068159
-0.0085521
-0.01273
-0.01101
-0.0090096
-0.0033257
-0.0050079
-0.010581
-0.0083021
-0.0030761
-0.0064678
-0.0064666
-0.0047131
-0.0042068
-0.0058047
-0.0015326
-0.0074629
-0.0065816
-0.0066619
-0.0069514
-0.009207
-0.0070603
-0.0092427
-0.0051571
-0.0072511
-0.0067161
-0.0094299
-0.0098334
-0.01158
-0.0099258
-0.005857
-0.0050934
-0.0076115
-0.0047066
-0.010085
-0.010012
-0.00792
-0.0047507
-0.0028005
-0.0061781
-0.0030769
-0.005559
-0.010766
-0.010232
-0.008838
-0.0036367
-0.005169
-0.0065552
-0.0069632
-0.0084542
-0.010848
-0.011143
-0.0060412
-0.0068744
-0.013035
-0.001837
-0.008367
-0.0072121
-0.0048812
-0.0072098
-0.0075749
-0.0043379
-0.010427
-0.0058593
-0.004732
-0.0067457
-0.0052564
-0.0046912
-0.005047
-0.0064753
-0.0069823
-0.011465
-0.0093885
-0.0062528
-0.0070887
-0.0042397
-0.0033937
-0.011158
-0.0089245
-0.0077029
-0.0065327
-0.0075557
-0.012483
-0.010819
-0.0050103
-0.0061132
-0.0029064
-0.0084621
-0.0073624
-0.0049427
-0.0058208
-0.0041595
-0.0055314
-0.0039366
-0.0080406
-0.0085138
-0.0069734
-0.0027386
-0.008773
-0.0053754
-0.0060775
-0.0037569
-0.0084522
-0.0093206
-0.0060841
-0.006703
-0.0068129
-0.005676
-0.0044982
-0.0066706
-0.0057253
-0.0031447
-0.0021397
-0.0031288
-0.0016164
-0.0028068
-0.0087031
-0.006697
-0.0052521
-0.0083478
-0.0054592
-0.006245
-0.0099194
-0.012049
-0.0053371
-0.0068005
-0.007097
-0.0081381
-0.0061878
-0.0073778
-0.0062646
-0.0058537
-0.0075591
-0.0064438
-0.0027952
-0.0063946
-0.0098018
-0.0088136
-0.0039971
-0.0064416
-0.0072995
-0.0032944
-0.0075737
-0.010317
-0.003993
-0.0072007
-0.0073069
-0.0056522
-0.0071075
-0.0059308
-0.0044293
-0.0079622
-0.0097208
-0.011322
-0.012535
-0.0093497
-0.01131
-0.0043143
-0.010623
-0.0069611
-0.0042355
-0.0072801
-0.010453
-0.011753
-0.0059122
-0.0068141
-0.0049664
-0.0066628
-0.007549
-0.0077848
-0.00427
-0.0068921
-0.011302
-0.0048215
-0.0075067
-0.0077748
-0.0072602
-0.0078471
-0.0046592
-0.0076097
-0.0077142
-0.004788
-0.0097405
-0.012096
-0.0052029
-0.0065722
-0.0050197
-0.0083718
-0.0074124
-0.0097484
-0.0095855
-0.0054351
-0.0046662
-0.0059918
-0.0036869
-0.0036165
-0.004586
-0.0041709
-0.0064998
-0.0039001
-0.0029194
-0.0070217
-0.011717
-0.011281
-0.0066134
-0.0074818
-0.0032694
-0.0060768
-0.0048388
-0.0088609
-0.0106
-0.0038819
-0.0092948
-0.0060185
-0.0088298
-0.0060096
-0.0061147
-0.0091352
-0.010404
-0.0047107
-0.0054198
-0.0062115
-0.0039421
-0.0059309
-0.0048678
-0.0011102
-0.0081681
-0.0068221
-0.0051004
-0.0068835
-0.0055225
-0.0045364
-0.0085069
-0.0082137
-0.0028734
-0.0088411
-0.0074911
-0.0054274
-0.0079562
-0.0066498
-0.0109
-0.009191
-0.012116
-0.011033
-0.0065136
-0.0055035
-0.0053173
-0.0091799
-0.0066633
-0.0063599
-0.0063107
-0.0040296
-0.0042698
-0.0040722
-0.0053205
-0.0068343
-0.0046842
-0.0043802
-0.0078459
-0.0046663
-0.0081675
-0.0085193
-0.006985
-0.0049039
-0.010538
-0.0070179
-0.0046162
-0.0057936
-0.0054421
-0.0067905
-0.0071044
-0.0097903
-0.008818
-0.002818
-0.0073813
-0.00853
-0.0040457
-0.0092769
-0.0089511
-0.0015491
-0.0079242
-0.0046477
-0.012046
-0.012364
-0.0081661
-0.0071755
-0.0042142
-0.0059217
-0.0062689
-0.0085235
-0.0025311
-0.010299
-0.0094715
-0.0082474
-0.0069098
-0.0058951
-0.0065999
-0.0081923
-0.0082738
-0.0020622
-0.0065117
-0.0043027
-0.006943
-0.0062063
-0.0069658
-0.0061431
-0.0088535
-0.0056627
-0.0070335
-0.0046492
-0.0046537
-0.0083855
-0.0046796
-0.0034729
-0.0062182
-0.0059957
-0.0055248
-0.0073339
-0.0083085
-0.0011255
-0.0088586
-0.0064022
-0.011734
-0.0098421
-0.0070011
-0.0028046
-0.0056306
-0.0072075
-0.0073415
-0.0085782
-0.00084793
-0.0099512
-0.0049886
-0.0055677
-0.0034381
-0.0073517
-0.0038222
-0.0062172
-0.012128
-0.0014851
-0.0099749
-0.0093886
-0.0031757
-0.0060305
-0.0093708
-0.011103
-0.006126
-0.0069523
-0.008329
-0.0034147
-0.0069838
-0.0083098
-0.0078485
-0.0090567
-0.0085522
-0.0056948
-0.0056396
-0.005468
-0.007305
-0.0027064
-0.010461
-0.006424
-0.01323
-0.012837
-0.0074311
-0.0064733
-0.0055225
-0.0075751
-0.0084069
-0.0098942
-0.0015803
-0.0081366
-0.0038371
-0.0082931
-0.0029232
-0.0096507
-0.0081372
-0.010049
-0.0059588
-0.0018587
-0.0072253
-0.0077385
-0.0050469
-0.0065924
-0.0079677
-0.001802
-0.0044163
-0.007457
-0.0059226
-0.0040685
-0.00858
-0.0077643
-0.0043957
-0.0041484
-0.0080128
-0.0058982
-0.0040488
-0.0085319
-0.0098527
-0.0028467
-0.004313
-0.004616
-0.0133
-0.010934
-0.0053794
-0.0068525
-0.0042128
-0.007286
-0.0078718
-0.0096686
-0.0050491
-0.01323
-0.0057559
-0.0095839
-0.0080084
-0.0084812
-0.0070139
-0.0060679
-0.008419
-0.0078168
-0.0052276
-0.0078117
-0.0067481
-0.00785
-0.0099576
-0.0063772
-0.009494
-0.0072952
-0.0043953
-0.0091155
-0.010281
-0.0064908
-0.0047333
-0.0059996
-0.0090706
-0.0071693
-0.0047359
-0.0077038
-0.007446
-0.0042472
-0.008927
-0.0083889
-0.012616
-0.013143
-0.0051556
-0.006512
-0.006989
-0.0061221
-0.0039788
-0.0052181
-0.0055671
-0.0052014
-0.0042133
-0.0057314
-0.0043495
-0.0036498
-0.0032943
-0.0072371
-0.0035503
-0.0080494
-0.009729
-0.0062764
-0.0026272
-0.0081825
-0.0024863
-0.0047302
-0.0058488
-0.0057881
-0.0063467
-0.0034088
-0.0056228
-0.0078895
-0.010018
-0.0045286
-0.011469
-0.0013424
-0.0067109
-0.0084321
-0.0074059
-0.0038187
-0.0095425
-0.0065293
-0.012376
-0.01166
-0.005391
-0.0039652
-0.0056349
-0.0063024
-0.0057239
-0.0072058
-0.007888
-0.004572
-0.0068387
-0.0094203
-0.0049025
-0.0077934
-0.0033191
-0.0087507
-0.0039228
-0.0036383
-0.0042404
-0.0073285
-0.0062096
-0.0076123
-0.0030569
-0.0043594
-0.0031863
-0.0054087
-0.0078493
-0.0033385
-0.0084736
-0.008124
-0.0022094
-0.0043629
-0.0081145
-0.0050178
-0.0056851
-0.0086856
-0.0070278
-0.0035268
-0.0082523
-0.0024237
-0.010902
-0.011189
-0.0065979
-0.0073497
-0.0050797
-0.0053831
-0.0072461
-0.0069745
-0.007928
-0.0066615
-0.0070925
-0.0069582
-0.0074832
-0.0065933
-0.0057
-0.0082571
-0.0076882
-0.0048817
-0.0096831
-0.0067347
-0.0054853
-0.0098839
-0.0089369
-0.0077638
-0.0070269
-0.0081328
-0.008234
-0.0029912
-0.0089787
-0.0047638
-0.0034824
-0.0053168
-0.0068125
-0.0055706
-0.0061881
-0.006949
-0.004563
-0.0049178
-0.0093381
-0.0042514
-0.012388
-0.016594
-0.014366
-0.014473
-0.015038
-0.014254
-0.014243
-0.014461
-0.012094
-0.012575
-0.012154
-0.011975
-0.013015
-0.012369
-0.012232
-0.014278
-0.012926
-0.012312
-0.012596
-0.011953
-0.0084852
-0.013308
-0.01278
-0.010971
-0.015404
-0.013534
-0.013053
-0.01396
-0.01655
-0.014499
-0.013933
-0.014698
-0.014592
-0.01287
-0.014553
-0.013875
-0.013458
-0.014479
-0.015271
-0.013021
-0.015627
