-0.55431
0.013735
0.00087094
-0.0024467
-0.00083715
-0.0013963
-0.0020717
-0.0015662
-0.0030387
-0.0037775
-0.0042057
-0.0062975
-0.005564
-0.0058189
-0.005551
-0.0044733
-0.0039208
-0.0050347
-0.0046253
-0.0053342
-0.0048966
-0.0030196
-0.0041338
-0.0031823
-0.0043559
-0.0042111
-0.0054151
-0.0034592
-0.003258
-0.0039912
-0.003328
-0.0040899
-0.0034483
-0.0038068
-0.0040443
-0.0030101
-0.0040317
-0.0044862
-0.0033991
0.0006704
0.014729
0.014133
0.0057141
0.0005175
-0.00099885
0.00045284
2.1264e-05
-0.00081234
0.00043644
0.00082165
0.0021868
0.0024745
0.001629
0.0028802
0.0028039
-0.00051873
0.0024549
0.00080623
0.0020304
0.0016443
0.0032611
0.0012364
0.00061818
-9.686e-05
0.0032674
-0.00057379
0.0013643
0.0027631
0.0019113
0.00023299
-3.8615e-05
0.0010816
0.002312
0.0032293
0.002716
-0.0019504
0.0012137
0.00059032
0.002518
0.00030207
0.01574
0.013525
0.0059723
-0.0029842
-0.00043655
0.0026415
-0.0017785
-0.00064031
-5.4469e-05
-0.0011784
-0.0015668
-0.0013261
-0.0032896
0.00010537
-0.001928
-0.0023748
-0.005011
-0.00022308
-0.0013982
-0.0023427
0.00026584
-0.0014608
0.0013481
-0.0086373
-0.0020028
-0.0028513
0.0017752
-0.0069403
-0.0044821
0.00034896
-0.0024612
0.0014188
-0.0034859
-0.0037962
0.0020964
-0.0023941
-0.0011236
0.0003427
0.0027398
0.0013789
0.015089
0.01238
0.0090607
-0.0013855
-0.0044289
0.00027721
-0.0029192
0.00089554
0.002338
-0.00083586
-0.00070837
0.0023819
-0.005298
0.0054596
0.00079914
-0.00088536
0.0026504
0.0037705
0.0031827
0.00031724
-0.0023913
-0.00057224
0.003818
0.0012719
0.0026642
-0.00082346
0.00066543
0.003342
0.00444
0.0025713
-0.000146
-0.00077828
0.0009224
0.0011391
0.0033537
-0.00083195
-0.0028174
0.00025657
0.0050779
0.0013413
0.013778
0.013056
0.0093253
-0.00096011
-0.0030928
0.004728
0.0019211
-0.0003789
-0.0016898
0.0023978
-0.0022374
0.0028981
-0.0010887
0.0012411
0.0018426
-0.0018482
-0.0029398
-0.00099137
-0.00046365
0.0025398
0.00020512
-0.0031204
0.00072418
0.0013471
-0.00019449
-0.00018262
0.0029369
0.0033576
0.00036013
-0.0039995
0.0017035
-0.0064523
0.00057133
0.0021398
-0.0068354
0.0019502
-0.0046322
0.0019769
0.0035251
0.002739
0.014125
0.012726
0.0056611
-0.0017479
-0.0039494
-0.00052546
-0.0012757
-0.0033278
0.00026492
0.00017531
-0.0015293
-0.0026477
0.0012433
-0.0025043
0.0020749
0.00046689
0.0013793
0.00072004
0.0020274
-0.002663
0.0048649
-0.0012086
-0.00104
-0.0012558
0.00067774
-0.0017752
-0.00225
0.00053866
-0.0011259
0.0013982
0.0020813
0.0020439
-0.0043148
0.0040926
0.004221
0.00089493
-0.0073225
0.00094834
-0.00027589
0.0027301
0.014596
0.011816
0.0071864
-0.00011261
-0.0033761
0.0039873
-0.00033904
0.00019069
-0.00045134
0.0028346
0.0028828
-0.0045591
0.00063289
-0.00072985
-0.00063261
0.00046448
-0.0018525
0.00028735
0.003626
-0.0023754
0.00060991
0.00055586
0.002695
-0.0039259
0.00048993
-0.00089142
-0.0029699
-0.00047032
-0.00025229
-0.0025748
0.0036435
-0.0018738
-0.0014509
-0.0022398
0.0034249
-0.001705
-0.00039134
3.4606e-06
0.001611
0.0019211
0.014159
0.01269
0.0071523
-0.0023007
-0.002718
0.0022265
0.00051892
-0.00044207
-0.0027703
0.00021252
0.00034379
0.0011978
0.00073026
0.0017371
0.001393
0.00088125
0.00037737
-0.00051311
6.856e-06
0.00023618
0.0008972
0.001047
0.0026354
0.00013068
0.0035001
0.00084295
0.0030977
-0.0017323
0.0016103
-0.0022026
0.0063049
-0.0013412
-0.0053755
0.0045202
-0.00078839
-0.000635
-0.0033372
-0.00078557
0.0031889
0.0040304
0.012912
0.010882
0.011975
-0.0040941
-0.0059762
-0.0031506
0.0023507
-0.0014781
-0.00072969
0.001814
0.0017091
-0.0035109
-0.00086934
0.00091571
0.00065579
0.0026938
-0.00027363
0.00059316
-0.0036574
-0.0027835
-0.001239
-0.0033315
-0.00073182
-0.0018899
4.7489e-05
0.0030893
-0.0012511
-6.5895e-05
-0.00042794
-0.00053369
0.0073386
-0.0029782
-0.00082966
-0.0017871
0.0038393
0.00059575
-0.0044027
9.7418e-05
0.002748
0.0025508
0.013141
0.011223
0.0071154
-0.0017482
0.0015142
0.0006337
0.0027871
-0.0013878
-1.3797e-05
0.00033633
0.0014903
-0.0016339
-0.00023198
-0.00045391
-0.00029456
0.0013753
-0.0034927
-0.0031227
7.7597e-05
0.0015329
-0.00099944
0.0038653
-0.0019647
-0.0036987
-0.0035805
0.0051227
-0.00061679
-0.0016063
-2.7363e-05
-0.0039992
0.0086082
-0.0057875
-0.0032045
0.00063673
0.0018271
-0.00050718
-0.001583
0.0010359
0.00053815
0.0045059
0.012514
0.012037
0.0063482
-0.00061884
-0.0072864
0.0010017
-0.0011816
-0.002527
-0.0014548
-0.0031703
0.0011563
-0.0013021
0.00037644
-0.0016135
0.00052699
-0.0025635
0.002026
-0.0017178
0.0026766
0.0037185
-0.0052178
0.0014873
0.0024185
-0.00052353
-0.0060342
0.00022674
0.0058672
-0.0052103
0.00012741
-0.0012834
0.0075284
-0.0040118
0.0018255
-0.0061497
0.0046108
-0.0013764
-0.0035562
0.00218
-0.0018929
0.0045892
0.012884
0.013268
0.0074798
0.0003873
-0.0024854
0.0033604
0.0033107
-0.003648
0.0027778
0.0014009
0.002853
-0.00038543
0.002471
5.8118e-05
0.0021521
-0.0017344
0.0045079
-0.0020921
-0.0013462
0.00094385
-0.00038136
-0.00075621
1.0091e-05
-0.0020754
-0.00025744
0.0023075
0.0033875
-0.0040614
0.0018727
-0.00043354
0.0043281
-0.0096218
0.0057519
-0.0062993
0.0018686
0.0010315
-0.0028673
0.000431
0.0019164
0.0057258
0.012352
0.012832
0.0082877
-0.0013518
-0.0048812
0.0037203
0.00020019
-0.0047162
-0.0021768
0.0034393
-0.001287
-0.0016646
0.0029073
-0.0020869
0.0015739
-0.0027168
0.00076536
0.0018808
-0.004565
0.00044549
0.0020211
-0.0028962
0.00028829
-0.00017499
-0.0014671
-0.00035509
0.0030804
-0.0040404
0.0051155
-0.0064938
0.0062474
-0.00096031
0.0032886
-0.0039358
0.0015299
0.00043475
0.00066762
-0.0041943
0.0045162
0.0047204
0.012042
0.013059
0.006753
-0.0012506
-0.0088656
0.0049471
-0.002232
-0.0041878
0.0026225
0.0012554
0.00056493
0.0012239
-0.0016162
-0.0014245
0.0025732
-0.00056792
0.0010134
0.0019401
0.0047581
-0.0029312
-0.00080361
0.0004708
-0.0028491
-0.0001075
0.00084807
0.00031274
0.0011727
-0.0040143
-0.00050346
-0.0049714
0.0069178
-0.0036964
0.0027337
-0.001386
-0.0031171
-0.0014565
-0.00058158
-0.0019321
0.0035285
0.0045698
0.012035
0.012573
0.0097018
0.00040459
-0.0055005
0.0075495
-0.00080276
-0.0062612
0.00098036
0.0013926
-0.0022217
0.0010574
-0.0014227
-0.0024463
0.0023435
-0.0049296
0.0023733
0.001812
0.00045231
-0.001116
-0.00020239
0.00038649
0.00127
-0.00056029
0.0014009
-0.00038647
-0.00036581
0.0029195
0.0070289
-0.0050517
0.0083914
-0.0036272
0.0034341
-0.0024677
-0.0015874
0.00090075
-0.0017128
-0.00044059
0.00058698
0.0050504
0.011664
0.01187
0.011373
-0.0043182
-0.0030211
0.0017186
0.00075963
-0.0034908
0.00021048
0.0027729
-0.00033547
0.0024547
0.00098746
-0.002235
0.0044512
-0.00022107
0.0010275
-0.0045769
0.005072
0.0016627
0.0033521
-0.0013399
0.002651
0.00054672
-0.0015399
0.0028677
0.0021179
-0.0017685
0.0011843
-0.0028523
0.0028984
-0.0032236
0.0020825
-0.0042598
-0.0014796
0.00031074
-0.0022269
0.0026451
0.00077618
0.0050086
0.011905
0.013163
0.0097635
-0.00055596
-0.0089727
0.0049504
-0.0028442
-0.0016278
-0.0011249
0.0041941
-0.0012206
0.00062663
-0.0017871
-0.00080368
0.0023485
-0.0010756
-0.001735
-0.00050315
0.0022639
-0.0030696
-0.0022391
-0.0022438
3.2977e-05
-0.00066448
0.0023754
-0.0031544
0.0013605
-0.0041732
0.0022034
-0.00259
0.0043365
-0.0021543
0.0079169
-0.0069905
3.9121e-05
0.0048562
-0.0048755
0.0035386
0.001963
0.0044021
0.01263
0.013131
0.0059909
0.0020394
-0.0074986
0.0071375
-0.0030495
-0.0018357
-0.0020603
0.00053395
0.0022862
-0.0012168
-0.00080634
0.0036217
0.0021935
-0.0026525
-0.0035296
0.0020362
-0.0022324
-0.00074598
0.0010532
-0.0013887
0.00023297
0.00075435
-0.00094548
-0.0022704
0.00037383
-0.002479
0.00091934
-0.0026571
0.0033932
-0.0044287
4.0755e-05
-0.0024381
0.0011916
-0.0023189
-0.0037676
0.001119
0.000285
0.0021517
0.012641
0.012565
0.0069495
0.00078476
-0.005034
0.0023809
0.00050348
-0.00010172
0.0017106
0.0052844
0.0021049
-0.0025011
-0.00046182
-0.002111
-0.0024148
-0.0001187
-0.0018208
0.0011306
0.00022679
0.00036342
0.0015054
-0.00064609
-0.0020757
-0.0017619
0.002039
0.0020237
-0.0028436
0.0034602
-0.0024171
-0.00068539
0.0031224
-0.0022979
0.00027731
-0.0051563
0.0046693
-0.0049151
0.001886
0.0011184
0.0031266
0.0050174
0.013625
0.012781
0.0075743
-0.00076382
-0.0089554
0.0040121
-0.0015579
0.0017431
-0.0023201
0.0015597
-0.0049733
0.0029433
-0.0027905
0.00015807
-0.00079155
0.0022049
-0.00035059
-0.00039801
0.0021697
-0.0047503
0.0036309
-0.0049893
-0.00052424
0.00094376
-0.0040247
-0.0011266
-0.0055424
-0.00065025
0.0040296
-0.006612
0.0089901
-0.0033307
0.00031362
0.00050597
-0.0019697
0.0026391
-0.00034799
-0.003248
0.0011611
0.0034615
0.012748
0.012494
0.0055426
0.0047091
-0.0074677
0.0049871
-0.0015601
-0.0011765
0.00061277
0.00097172
-0.0015929
0.0009338
-0.0035826
0.0071623
-0.0080046
0.0049621
0.00090108
0.0057276
-0.0014113
-0.0022528
0.00128
0.0064691
-0.0068755
0.0054179
-0.0016238
-0.00074944
0.0025518
-0.00033035
0.0036179
-0.0016405
0.0019101
-0.0047718
0.0062261
-0.0017328
-0.0037324
0.0029506
-0.0042446
0.0033163
0.0017419
0.0040638
0.011448
0.012088
0.0061767
-0.0028858
-0.0041885
0.004172
-0.0027578
-0.0014742
-0.0011663
0.0064139
0.00099532
-0.0048577
0.0022786
0.0011108
-0.0052048
0.0033533
0.00034107
0.0035197
-0.0060129
0.00079209
0.00081171
0.002798
0.0016078
-0.0063078
0.0038098
0.0054817
-0.0015596
-0.0045247
-0.0008273
0.00053978
0.0030942
0.001494
-0.0018318
0.0025383
-0.00047152
-0.0012281
0.0027003
-0.0028064
0.0032039
0.0040666
0.012359
0.01227
0.0071571
0.0031396
-0.0074964
0.0039221
-0.00087611
-0.00041879
-0.0026757
0.0027712
0.00033858
-0.0040856
0.0030295
-0.0015211
-0.0031031
0.0016394
-0.0039385
0.0025955
-0.00057696
0.00088229
-0.0005941
-0.0015745
-0.00021538
-0.00083294
-0.00026142
-0.0063796
0.0022808
-0.00058805
-0.0012358
-0.0013136
-0.00073754
-0.0027251
-0.00013929
-0.00027024
0.0018584
-0.0020434
-0.0015565
-0.001167
0.0013664
0.0045716
0.011508
0.012968
0.0053339
0.0033709
-0.005329
0.00638
-0.0011441
-0.0043683
-9.1596e-05
0.002749
0.00024154
-0.00044226
5.0244e-05
0.00045203
0.00023028
-0.0015157
-0.00066733
-0.0040158
-0.0030376
-0.0014334
0.0028097
-0.00396
-0.00024134
-0.0022705
-0.0020187
0.0012446
0.0021206
-0.0048062
0.0036558
-8.136e-05
0.0023964
-0.0020767
0.002267
-0.0030543
0.00067516
-0.002034
0.0027548
-0.00078543
-0.0015715
0.0057075
0.011458
0.012395
0.0067933
-0.0011532
-0.0069077
0.0055078
-0.0014683
-0.0041744
-8.1811e-05
0.0064205
-0.00084232
0.00074522
0.0014518
0.0019057
-0.00088575
-0.00083957
0.0077311
-0.00035621
0.0021077
-0.0020069
0.0028834
0.002197
0.00015585
-0.00082809
0.003804
-0.0041937
0.0048313
-0.0017289
0.0043524
-0.0040745
0.0017997
4.8984e-05
0.00011713
-0.0033203
0.0016082
6.2015e-05
-0.0032031
-0.0019711
0.0039101
0.0053385
0.011265
0.012548
0.0063686
-0.0011157
-0.007522
0.0050425
2.9221e-05
-0.0049329
-0.0015351
0.0016514
-0.0025818
-0.0012002
0.0031564
-0.0023682
-4.3767e-05
-0.0020574
0.0039058
-0.0014886
-0.00025373
-0.0017964
-0.0014055
0.001476
-0.00087041
-0.00052657
0.0030759
-0.0034871
0.0038081
-0.0052036
0.0047126
-0.0021625
0.0022671
0.0014611
0.0008027
-0.0016904
0.0015569
-0.0014623
-0.0026363
0.0015228
0.00095319
0.0053324
0.011609
0.012831
0.0068553
0.0027071
-0.005868
0.0061156
0.00076906
-0.0076993
0.00096057
0.0032581
-0.00075456
-0.00053221
-1.9819e-05
-0.0040573
0.00039375
-0.0014698
0.0016487
0.00058241
0.0027029
-0.0014842
-0.0010548
0.0013137
0.0012879
0.0014302
-0.00382
0.00071833
0.0029499
-0.0022105
0.00034757
-0.0010657
-0.0017063
6.4178e-05
0.0017667
0.0014911
-0.00028762
-0.003676
-0.00093411
-0.0002877
0.0015265
0.0054031
0.010827
0.012641
0.0069418
0.0013386
-0.0095387
0.0014624
0.0024321
-0.0064834
0.0022811
0.00048928
-0.0001328
0.0025105
0.0037556
-0.00060856
-0.00050737
-0.0013741
-0.001165
6.6519e-06
-0.00080062
-0.00083939
0.00037
-0.0022849
-0.0017752
0.0010815
-0.0043527
-0.0035238
0.0022183
-0.00052085
0.0032612
-0.0013346
0.0017014
0.0017459
-0.0040136
0.0022596
0.0016494
-0.0029945
-0.00098348
-0.00079375
0.0022855
0.0054137
0.011262
0.012941
0.0052205
0.0027739
-0.003781
0.0029753
0.0021222
-0.0024251
-0.001276
0.0014221
0.00027887
-0.00021175
0.0029891
-0.0023955
0.00139
-0.00068734
0.0019406
0.0037846
-0.00078994
0.0011961
0.0013072
0.001997
-0.0055124
0.0037245
0.0002315
-8.7773e-05
0.0017362
-0.0021685
0.0051098
-0.0022436
-0.0014409
0.0036195
-0.00056169
-0.0010346
0.00059144
-0.0030536
-0.0017505
0.0013455
-0.00018489
0.0053432
0.012689
0.013265
0.0064254
-0.0014619
-0.0060609
0.0026541
-0.00067421
-0.0026455
0.0010111
-0.00084733
0.00091503
-0.0012983
0.0024261
-0.0054371
0.0036943
0.0013236
-0.0039677
0.0068722
-0.0023039
-0.0048567
0.0020444
-0.00044356
0.0014785
-0.0019831
0.00077687
-0.00053452
-0.00070826
-0.0012566
0.0039743
-0.0021489
0.00066841
-0.00099852
-0.0015266
-0.00039363
0.0067872
-0.0032948
-0.0048089
0.0012236
0.0030336
0.0036751
0.01182
0.012517
0.0063955
0.0011189
-0.0038379
0.0032892
-0.00079463
-0.0021798
-0.0035204
0.00065997
0.0023478
0.0009137
0.0038513
-0.0038052
-0.00083252
-0.00025032
-0.0045555
0.0042821
-0.0021421
-0.00011866
0.0028029
-0.00016127
-0.0025814
-0.00095076
-0.0038012
0.00080529
-0.0013778
-0.0031696
0.0033312
-0.0037612
0.00084624
0.002958
-0.003615
-0.0011823
0.0055506
-0.0022656
-0.0074765
0.001148
0.0029577
0.0033517
0.01233
0.013222
0.0068506
0.0017327
-0.0046939
0.0030641
9.891e-05
-0.0022283
0.0023479
-0.001968
0.0014809
-0.00013765
-0.0017954
0.00081048
0.0014607
0.00043654
-0.00023812
0.00045527
-0.00031064
-0.0006455
-0.0018998
0.0027169
-0.0014809
0.0004572
-0.0018313
0.0021757
0.0021228
0.00080679
0.0032001
0.00039575
-0.002848
0.0016348
-0.0039275
2.0716e-05
0.0033801
0.0040681
-0.0068768
0.0014034
0.0015155
0.0048138
0.013152
0.012057
0.0078922
-0.00023393
-0.0038935
0.00016337
0.0019656
-0.0037426
0.0016189
-0.0052905
0.0019883
0.001105
-0.0018959
-0.00044246
-0.0016242
-0.00068724
0.0035262
0.0015778
-0.0041176
-0.00099979
0.0018874
0.00094502
-0.004003
0.002189
-0.0011386
0.0018632
0.0015987
0.0019021
-0.00094767
0.0017495
0.00012009
0.0022909
-0.0014823
-0.0034338
0.00091395
0.0012596
-0.0086476
0.0013615
0.00070833
0.0029682
0.013541
0.013171
0.0065683
-0.0023642
-0.0045919
-0.0020172
0.0029874
-0.005137
0.0021205
0.0029879
-0.00034652
0.0019888
-0.0004419
0.0012604
-0.00065679
-0.0014695
0.00062478
0.0027113
-0.0027513
0.0023805
-0.00060734
0.00085253
-0.001861
0.00042243
-0.0017259
-0.0005063
-0.0021904
-0.0033133
0.0016041
0.0010136
-0.0006593
0.0026831
0.0010174
-0.0046087
0.0057307
0.0007947
-0.0032046
0.00041569
0.0011808
0.0030036
0.013616
0.012703
0.0092963
0.0020486
-0.0034558
7.5415e-05
0.00076761
-0.0064425
0.0054878
-0.0001989
-9.5419e-05
-0.00073415
0.00098549
-0.0005317
-0.0030687
-0.002993
0.00057431
0.0018456
0.00036361
-0.00020625
0.0005104
0.00027093
0.0028281
0.00037488
0.0013015
-0.0011898
0.00063852
0.0016482
0.0011092
0.00036029
-0.0018626
0.0028194
-0.0016628
-0.0037109
0.0011784
0.00091824
-0.0039036
-0.00056546
0.00019022
0.0050004
0.012381
0.01293
0.0065876
0.0012945
-0.0048044
0.0024589
0.0012835
0.00028313
-0.00039288
-0.0017062
-0.0021071
-0.0012179
0.0017038
-0.00061961
0.0012878
0.00071371
0.0029036
0.001752
-0.004212
-0.00041548
0.0024521
-0.0015893
-0.0014678
-0.0013368
-0.0023891
0.00033475
0.0016086
-0.0030596
-0.0022603
-4.7054e-05
-0.00053915
-0.0023609
-0.0010774
0.0025204
0.0012522
0.0032901
-0.0039582
0.0032084
-0.00092072
0.0048591
0.012844
0.013324
0.0080604
-0.00065455
-0.0020765
0.00087719
-0.0046304
0.0014657
0.0029671
-0.0011882
-0.00028584
0.0026502
-0.0017817
0.0040685
-0.00068722
-0.0042505
0.0053066
0.00024042
-0.0010095
0.002049
0.0020651
0.0027759
0.00031929
0.0015833
0.0030952
0.0019479
0.00048442
0.0028676
0.0060366
-0.00094749
-0.00014647
-0.0023855
0.00036511
0.0010067
-0.0031324
-0.0021866
-0.0065798
0.0041195
0.00085628
0.0028224
0.012165
0.013577
0.0088135
-0.0052047
4.6377e-06
0.0020626
-0.0023313
-0.0024923
0.0013101
-0.0010616
-0.0037376
0.0023161
0.00058088
-0.00044934
0.0026323
-0.003817
-0.00045351
-0.0010191
-0.00096573
-0.0021948
-0.00043251
-0.0032437
0.00042445
-0.00051416
-0.0038133
-0.0029559
-0.0024621
-0.0021255
-0.00056435
-0.00064922
-0.00029228
0.0014048
-0.0029347
0.0031336
-0.0030415
0.0033679
-0.0025486
0.0017608
0.00010995
0.004358
0.011598
0.014182
0.0061055
-0.0021246
-0.0022111
0.00054752
0.00021008
-0.0020112
0.00040229
0.0034823
-0.0031892
0.0025541
-0.0011751
0.00034739
-0.00073439
6.6912e-05
-0.0022608
0.0014543
-0.00099818
-0.00096974
0.001984
-0.0017821
0.00042013
-0.0010083
2.8671e-05
0.0023204
-0.00074555
0.00077182
-0.0017177
0.00025688
0.0016658
0.0027481
0.0015748
0.00054002
2.6317e-05
0.00060636
0.0021625
-0.00049536
0.00040604
0.0056388
0.012551
0.016208
0.0042061
-0.00055125
0.00047839
0.0013627
-0.00042047
0.00076387
0.00052241
-0.0011069
-0.00029694
-0.00040543
-0.00059155
-0.00064996
0.0005591
-0.00052174
1.5284e-05
-0.00031196
-0.00059786
-0.00061122
-0.0014459
-0.00098413
-0.00065966
-0.00047179
-0.0013809
-0.00015184
-0.0012502
-0.001632
-0.001742
-0.0036452
-0.0028331
-0.0049206
-0.0047054
-0.0041353
-0.0036765
-0.0043179
-0.0032384
-0.0040318
-0.0040702
0.00078148
0.01216
