-0.021034
-0.054667
0.0037152
0.11178
0.014573
-0.13987
-0.0087892
0.039834
0.030569
-0.034595
-0.074769
0.0038532
0.043368
-0.0095359
-0.13661
-0.025433
0.057478
0.049934
-0.085652
-0.077997
0.034603
0.079866
-0.035077
-0.14989
0.01333
0.080013
0.021174
-0.10082
0.018026
0.053572
0.072403
0.034324
-0.14824
0.035709
0.07967
0.048042
0.025797
-0.079038
-0.0096746
0.10945
-0.038438
-0.11949
-0.045231
0.084368
0.028889
-0.090598
-0.06385
0.013201
0.12159
0.014244
-0.148
-0.0046342
0.085525
0.073897
-0.063199
0.019002
-0.0024771
0.033256
0.0025885
-0.074542
-0.0052425
0.050823
0.013417
0.0096097
-0.074864
-0.025397
0.086481
-0.0553
-0.085049
-0.065528
0.095788
0.00093381
-0.080978
-0.10532
-0.032954
0.093819
-0.016488
-0.059327
-0.062359
0.097198
0.035931
-0.087381
