0.28123
0.0058595
0.00021273
-0.00091257
0.00052746
-0.0010027
0.0012511
0.0002341
0.00058927
0.0019153
0.0012039
0.0013842
0.00042135
0.002276
0.0017528
-0.00059523
0.0011098
0.0010356
-0.0011458
-0.001606
-0.00063907
0.00030037
0.00092578
0.00061491
-0.0002464
0.0022291
-0.00032419
0.0008911
0.0015954
0.00021586
-0.00089057
0.00070556
-0.00040594
-0.00029237
-0.0004324
-0.00025874
0.00096684
0.0011046
-0.00099275
-0.0001768
0.0052752
0.0046093
-0.0046945
-0.0011163
-0.0011153
-0.0016974
-0.003794
0.00045068
-0.0022919
-0.0019509
-0.0033437
-0.0034111
-0.0027832
-0.0040196
-0.00093208
-0.0017692
-0.0019746
-0.0018544
-0.0012813
-0.0034382
-0.00050692
-0.0017414
-0.003165
-0.0014504
-0.0015562
-0.0016451
-0.0026463
-0.0016959
-0.00070517
0.00047336
-0.00039893
-0.00026251
-0.00087795
-0.00060326
-0.0025058
0.00010628
4.6539e-06
-0.0003422
-0.0020294
-0.0035934
0.0043159
0.0047687
-0.0026976
-0.00050249
0.0011597
-0.0027819
0.0004989
0.0001185
-0.0012794
-0.0029479
0.00020336
-0.0015496
0.00057041
0.0024217
5.9726e-05
-0.0020038
0.00091356
-0.0022859
0.00074298
-0.0015246
-0.0015796
-0.00062784
-0.0022671
-0.00022813
-0.0042588
0.001117
-0.0021827
-0.0019514
-0.0043734
-0.0037965
-0.0012911
-0.0044829
-0.0032396
-0.00027255
-0.0011884
0.0017606
-0.0052627
-0.0019337
-0.00066443
-0.0018098
0.0054027
0.0058317
-0.0014258
0.001699
-8.2441e-05
0.00018964
0.0010697
0.0001524
0.00047149
6.0762e-05
-0.00011166
-0.00071963
0.00020408
-0.0015416
-0.0018245
0.00079317
-0.0001469
-0.0018979
-0.0017447
-0.0028226
0.0013027
-0.0021914
-0.0019121
-0.00073168
0.00063453
-0.0044286
0.00018463
0.0025436
-0.0036933
0.0052858
-0.0010315
0.0019066
-0.00040766
-0.0023027
-0.00010005
-0.001914
0.0021922
-0.0015853
-0.0011548
-0.0017085
0.0047173
0.0061255
-0.0018027
0.0020644
-0.0014223
-0.0013105
-0.0033327
-0.0013766
-0.00019222
-0.00065573
-0.0017042
-0.00030912
0.001917
-0.0021137
-0.0014302
0.0011728
-0.0030303
0.00088292
-0.00057787
0.0012458
0.00085618
-0.0010634
-0.0017804
0.00058262
0.0013516
-0.0019151
-0.0042889
0.00031311
-0.00097029
-0.0022747
0.00060909
0.0016243
-0.0019638
0.0045804
-0.00011401
-0.0010115
-8.4055e-05
-4.6594e-06
4.1561e-05
-0.0016474
0.0040885
0.0064677
-0.0017375
-0.0021443
0.00097975
0.000146
-0.00053677
0.00017252
-0.00042476
0.00091078
0.00091328
-0.0021097
-0.0015046
-0.0011363
7.3802e-05
0.00033152
-0.0015903
0.0011291
0.00096501
0.0017689
-0.0014764
-0.0002521
-0.0016785
0.00051284
-0.0027159
0.0040712
-0.0044444
0.0013888
-0.00045597
-0.0031618
0.0028725
0.0013722
-0.0057446
-0.00018076
-0.0013095
0.0013321
0.0020348
-0.00018785
-0.0017215
-0.0017513
0.0040179
0.004151
-0.0013161
-0.00044185
-0.0033476
-0.00084845
-0.0028173
0.00058778
-0.0011071
4.2358e-05
-0.0018319
-0.0016087
-0.00029844
-0.0009662
-0.00075527
-0.0022685
0.0014724
-0.00076059
-0.00068837
-0.0034261
-0.00045263
-0.0024248
0.0021142
0.00045509
0.0032069
-0.0023312
-0.003801
0.0012548
0.0038468
-0.0012688
0.0015369
0.0022902
-0.0040159
0.0022269
-0.0014079
-0.002928
0.0010962
-0.0014293
-0.00066098
-0.0013559
0.0035557
0.0067259
0.00024228
-0.00031956
0.0015951
0.00097055
-0.0014887
0.00093898
-0.00076178
-0.001804
-2.6307e-05
-0.0014366
-0.0025345
0.0032546
-0.003855
-0.0018777
-0.0021907
-0.002472
-0.00077601
0.0017081
0.0012021
-0.00092168
0.0021694
-0.002464
0.00099837
-0.0024648
-0.0030061
0.0034748
-0.001346
7.3736e-05
-0.0015689
-0.0027449
-0.00050958
0.00076307
-0.00068991
0.0017489
0.0002474
-0.00041594
-0.00064102
-0.0039193
0.0044108
0.0064019
-0.001763
-0.0020753
0.0022861
-0.0010914
-0.00077579
-5.0357e-05
-0.002282
-0.001881
0.0006286
-0.001189
-0.00087393
0.00069859
-0.00052382
0.0018364
-0.00070335
-0.0016342
-0.0025912
0.0017586
-0.0046251
-0.002309
-0.00047118
-0.0019457
-0.0017995
-0.0037012
-0.00084971
0.0023836
-0.00032175
0.0017072
-0.0023773
-0.00013349
-0.0012209
-0.002443
-0.0009555
-0.0035992
0.0026038
-0.00018199
-0.0016015
-0.0031777
0.0050307
0.0067263
-0.0013821
0.00057027
-0.0013145
-0.0023541
2.5016e-05
-0.00072886
0.00019918
0.0053036
0.00059296
-0.00044355
-0.00084288
-0.0013047
0.00070878
0.0013716
-0.0024021
0.0019871
0.00045632
-0.0030028
0.00018707
-0.00017053
0.0017042
-0.0013289
0.0023938
-0.00057735
-0.0016978
0.00083184
-0.00048911
-0.0032544
-0.0031088
0.0020564
-0.0020066
-0.00066522
-0.0010541
0.0011788
-0.0001816
-0.0015452
0.00018192
-0.0014433
0.0044869
0.0073613
-0.0024742
-0.0014494
-0.0057332
0.0026962
-0.0021774
0.0005338
-0.00049611
-0.0021409
-0.0023767
0.0018412
-0.001018
-0.002636
-0.00093721
0.00020947
-0.00022004
0.002381
0.0028285
-0.0026629
0.0029618
-0.0044006
0.0015309
-0.00023792
-0.00021272
8.569e-05
-0.0030024
0.0036142
0.00025787
0.003506
0.00074298
0.0059062
-0.0033442
0.0020962
-0.0029989
0.0014848
0.00056007
0.00076898
-0.00038361
-0.0020966
0.0036959
0.0067364
-0.0014745
-0.00021599
-0.0020738
0.0020598
9.8096e-05
-0.0013467
-0.00020576
0.0010844
-0.00055416
0.0003125
3.4899e-05
-0.00013015
-0.0012771
-0.0013076
-0.0011528
-0.0026957
0.00092425
-0.0012252
-0.0033444
-0.002008
-0.00069319
-0.0022972
0.0012409
-0.0015422
-0.0027201
0.0018297
-0.001126
-0.0031661
-0.0012559
0.0018214
-0.004815
-0.00070659
-0.002441
0.0024293
-0.0021337
-0.00062004
0.00055346
-0.0039028
0.0047966
0.0051513
4.9957e-05
-0.00073191
-0.0017708
-0.0018401
0.0023974
-0.00037254
-0.0019687
0.00026012
-0.0027178
-0.0034678
-0.00064406
-0.0030699
0.00020608
0.00012632
-0.00030042
-0.0026482
-0.0013553
0.0030336
-0.0019565
-0.00018187
0.00022708
-0.00064401
-0.0052394
-0.00054974
-0.00039965
0.00088977
-0.0023843
-0.0034364
-0.0018553
-0.00029374
-0.0027325
-0.0032601
-0.00053114
-0.00026216
-0.001602
1.9807e-06
-0.00057668
-0.0037475
0.0050328
0.0061574
-0.00023965
-0.00011944
-0.0019752
0.00059672
0.0028819
-0.0041616
-0.0022877
0.001487
0.0039218
-0.0043723
0.0034913
8.3699e-05
-0.002357
0.00038316
-0.0024442
2.6824e-05
-0.0058046
0.0024091
-0.0045235
0.00016444
-0.00031558
0.0020297
-0.000606
-0.0025053
-0.0012717
0.0037531
0.0010986
-0.00021585
0.00017516
0.0033837
0.00042472
-0.0017667
0.0020278
-0.000565
0.0011909
-0.002813
-0.00090798
-0.0033528
0.0049219
0.0057064
-0.00041344
-0.0022812
0.0011654
0.00013105
3.9038e-05
-0.0010595
0.00084104
-0.0012264
-0.00042542
-0.0066293
0.002243
-0.0021934
-0.0021885
0.0019236
0.00021647
-0.0019106
-0.00061268
0.00051697
-0.00019834
0.00050352
0.0016633
-0.0026725
-0.0020531
0.0021672
-0.0038578
-0.00037597
-0.00038386
-0.0032048
-0.00021634
7.8264e-05
-0.0019453
-0.0020216
0.0019189
5.7732e-05
-0.00037626
0.0011643
0.00031365
-0.00081189
0.0033483
0.0060278
-0.00033794
-0.0022914
0.0008761
-0.0018131
0.0022347
-0.0045347
-0.0019209
-0.0013097
0.0021542
-0.00077157
0.00123
0.0030426
-0.0025553
0.0006231
0.00089095
0.0008144
0.0013075
0.00097959
-0.0017187
0.00086092
-0.0019986
0.000609
0.00025163
-0.0012109
-0.0010517
0.00055283
-0.00013963
0.0011778
-0.0021686
0.0010865
0.0025043
-0.0044965
0.001126
-0.0014652
0.00036341
0.0010072
-0.0013434
0.0010233
0.0028708
0.0057365
-0.0028684
0.00056372
-0.00034679
0.0037007
-0.0014129
-0.0023015
0.0032979
0.0027737
0.0017655
-0.006079
0.001407
-0.0020312
-0.003161
-0.0013526
0.0010188
-0.00014522
-0.0029557
-0.00075941
0.0008799
-0.00064836
-0.00094153
0.0041635
-0.00067287
-0.00085594
-0.0045769
5.3017e-05
0.0023872
-0.0018883
0.0012841
-0.0032467
-0.0019201
-0.0027819
-0.00011626
-0.0033602
-0.00050082
-0.0018523
-0.00065794
-0.0020592
0.0027565
0.0061286
-0.0031384
0.0012522
-0.0011395
0.0017262
-0.0012492
-0.0027495
-0.0024525
0.00076806
0.00038195
-0.0011241
-6.7939e-05
0.002657
-0.0019565
-0.00082139
-0.00092
-0.0021725
-0.0014395
-0.0012816
-0.00086646
-0.0022607
-0.0010658
-0.0010994
-0.00040123
-1.6946e-05
-0.0078352
0.0043221
0.0010969
-0.004443
-0.0033755
-0.00027832
0.0038992
-0.0014021
-0.00054858
0.0013272
0.0012435
-0.00033484
0.00057709
-0.0029808
0.0036223
0.0058476
-0.0027052
-0.00099202
-0.0023132
0.0004474
-0.0033384
0.0017788
-0.00083649
-0.0014545
0.0016845
-0.00385
-0.0021837
0.0003519
-0.0040275
0.0024357
-0.0013387
0.0013189
-0.0015059
0.0010203
0.00095023
-0.0043211
-0.0035252
0.00072825
-0.00062009
0.0055255
-0.0033388
0.002801
0.00027178
0.0039083
-0.0038637
-0.0008486
-0.0013564
-0.0015097
-0.00045824
0.00020179
-0.0018134
-0.0012927
0.0001732
-0.002687
0.0038381
0.0058862
-0.0011029
0.0024987
-0.0013915
0.0018606
-0.0018091
0.0009782
0.00025305
-0.0024457
0.0013337
-0.0013063
0.0012531
0.00035121
-0.0020655
0.001377
-0.0011183
-0.0026747
-0.0028568
0.0036919
-0.0012599
0.0018342
3.5672e-05
-0.00015831
-0.0011628
-0.00052568
-0.0070962
0.002812
-0.0013116
-0.0003426
-0.00097357
-0.0034636
0.001539
-0.0016947
0.00097343
-0.0014179
0.0031337
5.3775e-05
0.00024046
-0.0017502
0.0039058
0.0051174
-0.0015201
-0.0030552
-0.0014371
0.0012507
-0.0018964
-0.0019283
-0.0010229
-0.00040804
-0.0013337
0.00059154
-0.0026869
2.7084e-05
-0.0020064
-0.0024265
-0.00035715
-0.0019935
-0.00011977
0.00085879
-0.0013371
0.00091301
-0.0032287
-0.0025044
0.00096905
0.00047102
-0.0028496
0.00027171
-0.00053985
-0.00066804
0.0017142
0.0025774
-0.0037745
-0.00013321
0.00022658
-0.002021
-0.0013168
-0.0022948
-0.00052971
-0.0026604
0.0048574
0.004931
0.00094032
-8.347e-05
0.0027606
-0.0018207
-0.00024803
-0.00043964
-0.00060406
0.0016293
-0.0036197
0.0014303
-0.0020069
0.0022808
-0.0024981
-0.0020962
0.0027727
-0.00064956
-0.00091894
-0.001275
0.0038568
-0.0061708
-0.00010088
0.003096
0.00050397
-0.00013979
-0.00026032
-0.00033784
-0.0054768
0.00033465
0.00094881
0.0021918
-0.0019499
-0.00064398
0.00057795
0.00011613
0.00016618
-0.0010514
-0.00036887
-0.0037677
0.0046861
0.0034919
-0.0016425
0.00014898
0.0010269
-4.168e-05
0.00029408
0.00015387
0.00039481
-0.0015622
1.0773e-05
-0.0022777
-9.2711e-05
0.0017402
-0.002466
0.001056
-5.7603e-05
0.0026161
-0.0065703
-0.003244
0.0060688
-0.0069268
0.0010783
-0.0017631
-6.0122e-05
-0.00038218
0.0025774
0.0026525
-0.0041127
-0.0012682
0.0038829
-0.0020284
0.0022328
-0.0038881
0.0031694
-0.00011785
-0.0033613
0.0015763
0.00017941
-0.003016
0.0041702
0.0046107
-0.0014757
0.00068892
-0.00011125
-0.001248
-0.0017233
-0.0017356
-0.00058586
0.00032616
0.00095648
-0.0011148
0.00055848
-0.00052508
-0.0019455
0.00057064
-0.00065962
-0.0033746
-0.0016701
-0.001002
0.0027832
-0.0032462
0.0007089
-0.0026689
-0.00096266
-0.00297
-0.00018784
0.0022078
-0.0054868
-0.0012159
0.00015354
-0.0044006
-8.2943e-05
-0.0013986
-0.00061923
-0.0017867
-0.0014805
0.00077468
-0.00047024
-0.0018977
0.0044608
0.0048773
-0.0013162
-0.00022799
-0.001631
0.0013582
-5.4317e-05
0.00089643
-0.0015448
0.00019928
-0.0026459
0.00040237
-0.00060177
-0.0025579
0.00058568
2.3287e-05
0.0025151
-0.0011773
0.0010938
0.00028294
0.0030548
-0.0044153
0.0011582
-0.001946
0.0022657
-0.0043793
0.0016904
0.0038875
-0.0076692
0.0025333
0.0041736
-0.00026035
-2.1118e-05
-0.003026
-1.1408e-05
0.0024212
-0.0018877
0.0023854
-0.0011393
-0.0011525
0.0039789
0.0055299
-0.00058697
-0.00075665
-0.0018178
0.0010901
-0.001393
0.00048706
-0.00086108
0.00054838
-0.0015116
-0.0010149
0.00070731
-0.0033824
-0.00182
0.0024452
-0.00066266
-2.7009e-05
-0.0016393
-0.0010897
0.00055637
-0.00018135
-0.00041033
0.001134
3.7987e-05
-0.003371
-0.0011066
0.0057325
-0.0024809
-0.0045034
-0.00036927
-0.0031755
0.0015562
-0.0018858
-0.0027915
-0.00058292
-8.9639e-06
-4.9944e-05
7.7328e-05
-0.001291
0.0044524
0.0065442
-0.0030404
8.9585e-05
-0.0013026
0.0013036
-0.0025179
0.00019522
-0.0028107
-3.2009e-05
0.00093381
-0.0048155
0.0057917
-0.0019567
-0.00078322
3.9412e-05
-0.0002145
-0.0030223
-0.00065997
0.00042018
9.6476e-05
-0.0041815
0.0024582
0.0021614
-0.00082573
0.0009946
-0.0051062
0.0022667
-0.0023253
-0.0005693
0.00601
-0.00142
-0.00163
-0.00084962
9.093e-05
-0.0017672
0.00017674
0.00029338
-0.0012377
-0.0032138
0.005491
0.0068533
-0.0024607
0.00079812
-0.0014983
0.0022308
-0.0023351
-0.00033585
-0.0021382
-0.0003679
0.00212
-0.0022379
-0.002581
-0.0030088
0.00010819
0.0015144
-0.0013117
-0.0026753
0.0032313
-0.0025516
0.0014797
-0.004827
-0.0019829
-0.00024141
-0.001373
-0.00011678
0.0017295
6.5495e-05
-0.0023633
-0.00028574
0.0030456
-0.005227
-0.0004781
-0.001858
0.0025225
0.00053078
-0.0020687
0.0016683
-0.00294
-0.003013
0.0048785
0.0068233
-0.0034491
0.0010433
-0.00079972
-8.769e-05
-0.00025452
0.00092587
-0.00045084
-0.0024204
0.0024404
-0.0032337
3.2549e-05
-0.001808
-0.0005436
0.0013784
0.0023649
-0.0044221
0.002025
0.0010579
-0.0017819
2.7742e-05
-0.0012384
0.00035013
-0.00021392
0.00033773
-0.00046912
-0.0011263
-0.0016546
7.7063e-05
0.0016721
-0.0025469
0.00070451
-0.0026369
0.00021722
-0.0011766
-0.0023335
0.0017317
-0.0021607
-0.0013705
0.0053318
0.0071197
-0.0028944
0.00092549
-0.00056317
-0.00070813
-0.0018119
-0.0011591
-0.0016107
-0.0014297
0.0046872
-0.0042953
0.00016945
0.00031674
-0.0043915
0.0011821
-0.0024301
-0.0020244
0.00019555
0.0013534
-0.0031276
-0.00063526
-0.00048689
-0.0017905
-0.00014309
-0.00041934
-0.0041158
0.0017136
-0.0016389
-0.001852
0.0023454
-0.0023774
0.00081761
-0.0026646
0.00018462
0.0018224
1.9045e-05
0.00025011
-0.0020811
-0.0026665
0.0047403
0.0070668
-0.0037798
-0.00085941
0.0015641
4.7857e-05
-0.001343
0.002344
-0.0010474
-0.0028268
0.00083492
-0.0032557
-0.00045002
0.00043182
-0.0027385
-0.00045818
0.0032475
-0.0032888
0.0015194
-0.00037929
-0.0016542
0.0020667
-0.003741
-0.0010881
-0.0016123
0.001204
-0.004185
0.0017125
-0.001674
-0.0023789
0.0025529
-0.0014309
0.00087231
-0.00049979
-0.0013805
-0.0018502
0.00022679
0.0012511
-0.0014043
0.00090321
0.0052448
0.0065161
-0.0028399
-0.00021111
-0.00031353
0.00073303
-0.0043311
0.0035965
-0.0034597
-0.00048646
0.0025255
-0.0018035
0.0010515
0.00043311
-0.0012617
0.0017692
0.00069809
-0.0035065
0.00043249
-0.0021898
-0.00065248
-0.0015294
-0.0001739
0.0012186
-0.00074706
0.0012137
-0.0012589
0.00052352
-0.0035485
-0.0020739
-0.00027623
-0.0020116
-0.00053799
-0.0033579
-0.00054928
0.00093079
-0.0026551
-0.00067879
-0.0019346
-0.0019114
0.0046638
0.0051248
-0.0016175
0.0014308
-0.0024844
0.001345
-0.00133
0.00018263
-0.0026671
-0.0010622
0.00038523
-0.0010898
0.00093432
-0.003138
-0.0022049
-0.00021498
-0.0027122
0.0011505
0.0024906
-0.0023033
0.00032216
-0.0016918
-0.001747
0.00056122
-0.0011788
-0.00058021
0.00060838
0.0010163
-0.0029992
0.0018029
0.0011267
-0.0013768
0.00045942
-0.0027268
-0.00084965
-0.00039444
0.00077326
-0.0014033
0.00075887
-0.0029221
0.0040148
0.0059137
-0.002115
7.7437e-05
-0.0018543
-0.0016707
0.0015342
-0.00045206
-0.0008096
-0.0023804
-0.00014443
-0.00061058
0.0019363
0.00028108
-0.0014035
-0.0036324
-0.00079878
-0.0040963
0.0020102
-0.0014633
-0.0012318
0.00052572
-0.0011845
-0.0035346
0.0031461
-0.00097663
7.0724e-05
-0.0026358
-0.0012668
0.00060594
0.00050163
0.00024043
-0.0020907
0.00011134
-0.00066642
-3.0872e-05
0.0011937
-0.0018001
-0.00075991
-0.00094246
0.0047742
0.0044384
-0.0022776
0.0036008
-0.0010712
-0.00027292
-0.0012254
0.00084036
0.0016718
-0.003795
0.00022607
-0.001737
0.0013374
-0.00067397
-0.0011519
0.00096092
0.0038948
8.2379e-06
-0.001699
0.0022452
-0.0025165
0.0012284
-0.00087042
0.0016135
-0.0016116
-0.0038484
0.0024964
-0.0024284
-0.0013315
0.00098106
-0.0029415
0.00023058
-0.001687
0.00020384
-0.0019904
-0.0024478
-0.0023631
0.001363
-0.0020976
-0.0006882
0.0028676
0.0051569
-0.00036554
-0.0014273
-0.00029952
0.00054136
-0.00091817
-0.0024343
0.00087497
-0.0011508
-0.002979
-9.8479e-05
0.0018523
0.00088172
-0.0027878
-0.0020362
0.00098301
-0.0012674
-0.00082159
-0.00023794
-0.0023374
0.0017456
-0.0028282
0.0010476
-0.0033654
0.0040436
-0.0026145
0.0022391
-0.0029332
0.0010341
7.797e-05
9.7711e-05
-0.0010337
-0.00032917
0.0007516
0.0014224
0.0014832
-0.00043971
0.00037092
-0.0016362
0.0040564
0.0055479
-0.0013803
8.878e-05
-0.0020848
-0.0026211
-0.0003851
0.00084179
0.0006851
-0.0027834
-0.0010327
-0.0018024
-0.0019816
-0.00057631
-0.0017037
-0.00044393
-0.00025721
-0.0010392
0.001464
-0.0023242
0.001039
-0.0033693
0.0021294
-2.2569e-05
-0.00099543
-0.0012513
-0.00072009
0.00053747
-0.002355
-6.7986e-05
0.00059157
-0.0011815
0.0014788
-0.0013886
-0.001482
-0.0006728
0.0011533
-0.0014695
-0.00078531
-0.0020052
0.0043977
0.0057291
-0.0011695
0.0010149
-0.00020718
0.0022933
-0.0011333
0.00026607
0.00075168
0.0030302
0.0017461
0.00014438
0.00035658
0.001275
-0.00011721
0.00094833
0.00016166
1.3787e-05
0.0002957
0.00071857
-0.0016534
-0.0011195
0.0016541
-0.0023618
0.00057728
0.00085357
-0.00086256
0.002969
-0.00057972
-0.00025372
0.0024662
-0.0012353
0.001292
0.00083417
0.0011713
0.0011428
0.00096572
-0.00029794
-0.00034805
-0.0017649
0.0048163
0.004135
-0.0025004
-0.0032481
-0.0027161
-0.0026363
-0.0020231
-0.0029011
-0.0025113
-0.0043078
-0.0033758
-0.0029972
-0.0025274
-0.0017782
-0.0032688
-0.0010267
-0.002304
-0.0021791
-0.0025653
-0.0040506
-0.0023089
-0.0023372
-0.0026177
-0.0035869
-0.0018694
-0.0022593
-0.0039604
0.00054969
-0.0045072
-0.0031182
-0.0031235
-0.0042669
-0.002111
-0.0022525
-0.0051797
-0.001572
-0.003716
-0.0026659
-0.001639
-0.004817
0.0040752
0.0042021
-0.0016788
-0.0014114
-0.0015579
-0.0016704
-0.00143
-0.0015858
-0.00081126
-0.00083541
-6.3562e-05
-0.0014596
-0.0010564
-0.0017573
-0.0023795
-0.0024636
-0.001073
-0.0017975
-0.0012833
-0.00048947
-0.0014907
-0.0011697
-0.00063083
-0.00075955
-0.00079029
-0.00053029
-0.00070234
-3.6457e-05
-0.00021131
7.9276e-05
0.00013195
0.0020225
0.0016931
0.0014279
-6.3972e-05
0.0016125
0.00012024
0.00020947
0.001847
0.00044111
0.0059759
