-0.37388
-0.015831
-0.05037
0.22864
-0.024578
-0.18739
-0.10656
0.056989
0.0089065
0.059612
-0.018143
0.06669
0.077055
0.0086094
-0.035203
0.011471
0.010694
0.044039
0.021166
0.07769
0.065935
0.027015
-0.092112
-0.065961
0.02039
0.052914
-0.048215
0.11065
0.071954
-0.058949
0.085618
-0.065632
-0.031148
-0.086026
0.079449
-0.028923
0.069723
0.078251
-0.013764
-0.05013
-0.015872
0.098962
-0.0073924
-0.027789
-0.034252
0.091314
0.11137
0.0043544
-0.023412
-0.10468
0.014745
-0.035553
0.041015
-0.11304
0.19814
0.072458
-0.02842
0.049863
0.032134
-0.12627
-0.039818
0.058578
0.068824
0.066312
0.082587
0.010612
-0.089441
0.044855
0.077473
0.032837
-0.050728
0.0043981
0.075915
0.097146
0.13245
-0.12766
-0.060927
-0.02467
0.075857
0.01242
-0.09447
0.13779
