1.0847
-0.010594
-0.011354
-0.013025
-0.011313
-0.013189
-0.013357
-0.011563
-0.013765
-0.012666
-0.013112
-0.012231
-0.011587
-0.012523
-0.010432
-0.011765
-0.010269
-0.013544
-0.011118
-0.014155
-0.011551
-0.011911
-0.0096044
-0.0082128
-0.011263
-0.011379
-0.0071796
-0.012017
-0.010599
-0.0086672
-0.010016
-0.010904
-0.010754
-0.0074211
-0.0087711
-0.0072007
-0.0082096
-0.0066989
-0.0098958
-0.0070249
-0.0070968
-0.0029852
-0.00077903
-0.00082724
-0.0034318
-0.0028513
-0.0040834
-0.0024685
-0.0036774
-0.002605
-0.004178
-0.00034212
-0.003896
-0.0044033
-0.0053289
-0.0044023
-0.0016986
-0.0049802
-0.0048402
-0.0025607
-0.0021318
-0.0042591
-0.001157
-0.0053068
-0.0048136
-0.0044649
-0.00056935
-0.005471
-0.0012948
-0.0034072
-0.0020464
-0.0028305
-0.002659
-0.0016338
-0.0054991
-0.0030546
-0.0034771
-0.00073864
-0.0022214
0.0017536
-0.0029647
-0.0034502
0.0020121
0.0031369
0.0019267
0.00025734
0.0032892
0.0015901
-0.000529
0.0033722
-0.0010528
0.00035259
0.00234
-0.00069163
0.0043638
-0.001464
-0.00011396
0.0043619
-0.00043813
0.0005201
0.0012314
-0.002761
0.0043987
-0.00076026
-0.0031064
-0.00052162
0.00064099
-0.00020794
0.0037591
0.00081904
0.0018037
0.003471
-0.0032904
0.0014266
-0.0026645
-3.6503e-05
-0.0025885
-0.00033924
0.001972
-0.00034506
-0.00016747
-0.0011795
-0.00096242
0.0022616
-0.0012793
-0.0028329
-0.00061563
-0.00054525
-0.0018472
0.00032583
-0.00095933
-0.00071849
0.00042181
-0.0054747
0.0050818
-0.0054954
0.0027085
0.0019321
5.5735e-05
0.001508
0.0027425
-0.0033617
-0.00026982
0.00025567
0.00053539
0.00040618
-0.0014165
-0.0058097
-0.0029508
-0.0010536
-0.003769
0.00026472
-0.00057263
-0.003665
-0.00015235
-0.00084943
-0.0016122
-0.0023236
0.0011866
-0.0012668
1.451e-05
-0.0010211
-0.0025211
0.0019958
-0.0003579
-0.0017545
4.9428e-05
0.00047487
0.0024637
-0.0053722
-0.00062257
-0.00060247
0.0006744
-0.0034009
0.0038159
-0.003307
-0.0023783
-0.002897
-0.004444
0.00074304
-0.0022184
0.00092064
-0.0039923
-0.0015542
-6.263e-05
0.00013164
-0.0018239
0.00013787
5.596e-05
-0.0048924
0.0015994
-0.00041754
0.00088755
-0.00075519
-0.0001396
-0.0025417
-0.0019304
0.0014397
-0.00078012
-0.0015429
-0.00066761
-0.0018772
-0.00073771
0.001578
-0.001628
-0.0015622
-0.0013681
-0.00094664
-0.0001304
-0.0058539
0.0013028
-5.1097e-05
-0.00043511
-0.0034568
0.0011167
-0.002393
0.0004256
0.0026785
-0.0021629
0.0021252
-0.0020436
0.00019032
-0.0015257
0.0052212
-0.0018118
0.00057883
-0.0070209
0.0013846
0.0041841
-0.006875
0.0053165
-0.0029867
-0.0034046
-0.0021862
-0.00097833
-0.0030083
-8.0982e-05
7.1613e-05
0.0015415
-0.001572
0.00015323
-0.002385
-0.00022713
0.00050263
-0.00025941
-0.0020296
-0.0035546
0.00036147
-0.0017505
-0.0027259
-0.0010608
-0.0020018
-0.0010505
-0.004201
0.0017817
-0.0023104
0.0020017
-0.0026262
-0.0059244
0.00074434
-0.0016457
-0.0026241
-0.0041673
0.0011235
-0.0051563
0.00044129
-0.0026619
-0.0010729
0.0027935
-0.0037177
0.0015059
-0.001538
0.0010629
-0.004244
0.00010246
0.00055278
-0.0031727
-0.00010352
0.0004267
-0.0010423
0.0011457
-0.0013163
0.00051982
-0.00039002
-0.00043283
-0.00036907
-0.0017535
9.4875e-05
-0.00045525
-0.0005987
-0.0023091
-0.0017143
0.00015866
0.0031424
-0.0021217
8.8448e-05
-0.0041825
-0.00056943
0.00064409
0.0041154
0.0020482
-0.0022598
-0.0017034
0.00146
-0.00029547
0.0015884
-0.0027035
-0.0024949
-0.0017157
-0.0040984
-0.0014656
0.001325
-0.0019434
-0.0010672
-0.0023918
0.00073219
-0.0055541
0.0016718
-0.00017939
-0.0032102
0.00063324
-0.0032419
0.00095799
0.0010684
-4.5376e-05
-0.0016243
-0.00066725
-0.00063744
0.00049715
-0.0039311
0.0032227
-0.0021364
0.0016759
-0.0016706
-0.0031649
0.0022596
-0.0026487
-5.4792e-05
-0.0001957
-0.0038108
-0.007567
-0.0025661
-0.0067903
-0.0032434
-0.0071201
0.0015021
-0.0027091
-0.0013272
0.0035954
-0.0047249
-0.0014776
0.0044652
-0.0016831
-0.0016215
-0.0033311
0.00045566
-0.0035593
0.00010323
0.0016713
-0.0016922
0.0042019
-0.0019102
-0.00024012
-0.0015677
0.00046167
-0.0012265
-0.00057818
0.0001465
-0.00084005
-0.0020886
-0.00041952
-0.0059196
0.00061893
-0.0019561
-0.0031877
-0.0033836
-0.0014915
-0.003949
0.0016901
-0.0031117
0.0038147
-0.00076928
-0.0017645
0.0034722
-0.0040488
0.006023
0.0013006
-0.0064447
0.0021785
-0.0076073
-0.003408
0.0019793
-0.00091301
0.00047536
-0.0027023
0.00090949
-0.0044237
0.00091777
-0.0025117
-0.0017065
0.0010447
-0.0011794
0.00053302
-0.00034833
-0.00066355
-0.00097855
-0.0001496
-0.0010262
-0.0024365
0.00017723
-0.0011033
-0.0012787
-8.7252e-05
-0.0037765
-0.0033173
-0.002904
0.001079
-0.0018894
-0.0015641
0.00052607
0.0039717
-0.00055728
-0.0057367
0.0037807
-0.0050412
-0.00027219
0.0021713
-0.00070185
0.0032207
-0.0015271
-0.0054532
0.0031408
-0.0024741
-0.00012464
-0.0065473
0.005706
-0.0042408
0.0021226
-0.0014924
-0.0015453
0.0014794
-0.0019684
0.0016907
0.00069602
-0.001189
0.00065923
-0.0035965
0.00024215
0.00015312
-0.0019302
-0.0023039
-0.0018856
-0.0010368
0.0035693
0.00090056
0.0016794
-0.00090993
-0.0020079
-0.0027188
-0.00074556
-0.00035577
-0.0028537
-0.0033192
0.0044501
-0.0081834
0.0014991
0.0025546
0.00034521
-0.00048854
-0.0013618
-0.007723
0.0045488
9.2609e-05
-0.0016918
-0.0054592
-0.0014315
-0.0068008
0.0053641
-0.00058963
-0.0021632
0.0020087
-0.0027648
0.0027228
-0.00064891
-0.0020379
-0.00084971
-0.0039338
0.0031325
0.00013853
-0.003064
0.00033531
-0.0040712
-0.0020656
-0.0022872
0.0012728
0.004255
0.0028883
-0.0017195
-0.0027957
-0.0020126
-0.0023042
0.0018297
-0.003809
0.008419
-0.0054061
-0.0023407
-0.0029478
0.0023345
-0.0048166
-0.0003762
-0.0011481
0.00014491
0.00076057
-0.00028251
0.0016888
0.0017444
-0.0059376
0.0023183
0.00025109
-0.0025061
0.0011561
-0.0039073
0.0013372
0.0024566
-0.0015836
-0.0014139
-0.0054462
-0.0027777
0.0003286
0.0011911
-0.0032807
0.00020922
-0.00040931
-0.0024568
-0.0080219
-0.0051421
-0.0013901
-0.0021042
0.00047433
0.0013673
-0.0017771
-0.0032566
-0.0040172
-0.0021497
-0.0059556
0.0018478
0.0017391
-0.0017624
0.0028893
-0.0058386
0.00041565
0.00032267
-0.0058325
0.00070826
-0.0016576
0.0050093
-0.0059783
-0.0029048
0.00069493
-0.0013173
0.0017612
-0.0025414
0.00083772
0.0028318
-0.00098167
-0.00080155
-0.0011186
-0.001514
0.0037694
-0.0039914
-0.0039578
-0.0007763
0.0036149
0.0031101
-0.0013363
-0.00065969
-0.0009165
-0.00021089
-0.0012717
0.0052525
0.00099993
-0.0038063
-0.0017408
-0.0017462
-0.0001127
0.0022443
-0.0015154
-0.0038915
0.0012328
-0.0063771
0.0030493
-0.00023287
-0.0020196
0.0044369
-0.0040335
0.00063739
-0.0033564
0.0021457
-0.0011926
0.00012979
0.0018959
-0.0010674
-0.0019928
0.0017999
-0.0036054
0.0007276
-0.0047414
0.0022981
-0.001003
0.00071125
-0.0027487
-0.0018828
0.0013907
-0.0051667
-0.0029052
0.00073218
0.00059382
-0.0024317
-0.0015949
-0.00069598
0.0013489
-2.1279e-05
-0.0046972
0.0033283
-0.0033281
-0.0022243
0.00063751
-0.0027803
0.0085797
-0.0050524
-0.0013226
0.0010744
-0.0046298
-0.0010484
-0.0038255
0.0015291
-0.0043076
0.0010298
0.00041674
-0.0013333
0.002201
0.0016336
-0.0044439
-0.00073189
-0.0015132
0.0023309
-0.0042651
-7.3312e-05
-0.0036784
0.0040667
-0.0011513
0.00097095
-0.0025693
0.0035357
-0.0036938
0.0018276
-0.00077175
-0.0056772
0.00052643
-0.0033213
-0.0046144
0.00088507
-0.0053843
0.0017383
-0.0070756
0.0061129
-0.0039933
-0.0042075
0.0016008
-0.0083199
-0.0027558
0.0034684
-0.0028942
-0.0050388
0.0007225
0.0027767
-0.0061268
0.00091843
0.003307
-0.001948
0.0011305
0.0026182
-0.0028066
0.0043816
0.0018419
0.0059773
-0.0052884
-0.0038392
-0.00023489
-0.0011507
-0.0022617
-0.00031907
-0.002098
-0.0025756
-0.0022822
-0.0038638
-0.0051075
-0.0014233
0.0027492
0.00091112
0.0024553
-0.00056911
-0.0051384
0.0040765
-0.00042463
0.0011233
0.0023777
-0.00016114
0.00076811
-0.0023531
-0.00074428
0.0024621
0.00079367
-0.00094272
-0.0032373
-0.00040446
-0.0023269
-0.00062467
0.0020113
0.0002998
0.00076791
0.00065944
-0.0043142
0.0013212
-0.0042414
0.0029354
-0.0031256
-0.0045711
0.00049364
0.0018947
-0.0024092
0.0013697
0.0022311
0.00059647
-8.804e-05
0.00036406
0.0038255
0.0018433
-0.0046456
-0.00018
0.0013518
-0.0010984
-0.0046112
0.0049875
-0.0057151
-0.0016554
-0.0031644
0.0040661
-0.00071971
-0.00037915
-0.0054193
-7.2377e-05
-0.0017965
-0.002674
0.00033804
-0.0048498
-0.0013677
-0.0029216
0.0022558
-0.0017367
-0.00036534
0.00088948
-0.0034736
0.0026505
-0.0047479
0.0015581
-0.0051675
0.0014634
-0.0027895
0.0035713
-0.0096326
-0.00017661
0.00055617
-0.0058427
0.00098597
0.00073963
-0.0027088
-0.0038401
-0.0022566
-0.0011751
0.0036279
-0.00068394
-0.0056069
0.0023117
-3.0208e-05
0.00044398
-0.0015486
-0.0035462
-0.0061241
-0.00057814
-0.001935
-0.0030087
0.0057985
0.0010829
-0.0045547
0.0030626
-0.0011182
-0.0019381
0.0068337
-0.0017041
0.00098091
0.00010615
-0.0022045
0.0018027
-0.0043772
0.0035713
-0.00039275
0.00080566
-0.0017163
0.0018011
-0.0048423
0.00081108
-0.00038491
-0.0013683
-0.0010371
-0.0037255
-0.0078795
0.00021319
0.0025962
-0.0053936
-0.0036246
0.00022191
-0.0053011
0.003937
-0.0078735
-0.0044926
0.0040937
0.0039112
-0.0037234
0.0011428
0.001296
-0.0056513
0.0030736
-0.0046594
-0.0026893
0.0025602
-0.0033038
-2.0269e-05
-0.0014969
-0.0024939
0.00039155
-0.00045618
-0.0010314
-1.1762e-05
-0.0019587
-0.005036
-0.0012248
-0.0049991
0.003392
-0.00048338
-0.0031956
0.0002857
-0.0053386
0.0016298
-0.0019214
-0.0017734
0.00029866
0.0013723
-0.00084683
-0.0019309
-0.0031948
-0.00069048
-0.00027588
-0.0060882
-0.0018517
0.0020504
-0.0008509
-0.003611
-0.0096281
0.0060449
0.002598
-0.005006
0.001539
-0.0030223
-0.0051908
-0.0023967
-0.0068002
0.00031556
0.0017824
-0.0006012
0.00075934
0.00030593
-0.0011285
0.0024746
-0.00082341
-9.4502e-05
-0.0019629
-0.0019674
0.0012823
-0.0007699
0.00062432
-0.00032531
0.0010694
0.0013997
-0.0016167
-0.0024054
-0.00026226
0.0025232
0.004797
-0.0014702
-0.0014767
0.0017707
0.002964
-7.4935e-05
-0.0050245
-0.0024411
0.0020359
0.0038349
-0.0064284
-0.003124
0.00038001
-0.0040231
0.0010838
0.0010992
-0.00043326
0.00082385
-0.0016978
0.00043643
0.00041221
0.0015775
8.2765e-05
0.0010753
-0.0027663
-0.0016981
-0.0039126
0.0022997
-0.005272
0.00059045
0.00069929
0.0025907
-0.0040252
-0.0036495
-0.00029467
-0.00068213
-0.0016206
-0.0043034
-0.006117
-0.0020657
-0.00116
-0.00023232
-0.00032246
-0.0038712
-0.0012198
0.0021628
-0.0019883
0.0017644
0.00031134
-0.0030607
-0.0076693
0.0023167
-0.0028946
-0.00018362
-0.0014731
0.0037858
-0.0026906
-0.00033722
-0.0015447
0.0013228
-0.001001
7.3738e-05
-0.00044647
0.00046852
-0.003176
0.0016354
-0.0013949
0.00167
-0.0033456
-0.0020023
-0.00068043
0.0064994
-0.0073637
0.0018797
0.00076685
-0.0032184
0.0033427
-0.0021855
0.0014063
-0.00043072
-0.00061155
0.00077658
0.0012081
-0.0065553
-0.0011655
0.00094995
-0.0011783
-0.0014888
0.0059244
0.0022063
-0.0037081
0.0010617
0.001223
0.00019337
-0.0059484
0.0030695
-0.00379
-0.002072
-0.0024877
-0.0025825
0.0013973
0.00064735
-0.00057521
-0.00050505
-0.0034007
0.0032201
-0.00061081
-0.0026821
-0.0017002
-0.0026844
-0.0021458
0.0019086
-0.0060461
0.00089158
-0.0018694
0.00090799
-0.0023346
-0.0046459
0.0018866
-0.00033947
0.00043348
-0.0013931
-0.0014666
-0.00069978
0.0013544
0.0016313
-0.0014285
-0.0062352
-0.00026017
-0.0054149
-0.0044898
-0.00073377
0.00029457
0.0028012
-0.0031245
-0.0012074
-0.0046436
-0.00091748
-0.0030667
0.0016182
-0.001868
-0.00058014
0.00080413
-0.00012759
-0.0034914
0.0015535
-0.0030516
0.00027515
-0.00050385
0.00097967
0.0002024
-0.00015084
-0.0030443
-0.0022597
0.00052551
-0.0013498
-0.001948
-0.001037
-0.0026632
6.9797e-05
0.00091585
-0.006073
0.00026003
-0.0021784
-0.0037771
0.001199
-0.0047137
0.0014519
0.0041335
0.0010766
-0.006101
0.00085538
-0.0013271
0.001801
-0.0021394
0.0014186
0.0045105
-2.3991e-05
-0.0031263
0.0015334
0.0019499
-0.00013601
5.532e-05
0.00074842
-0.0017296
0.0023007
-0.0033259
0.0014373
-0.0036349
-0.0013602
-0.0032592
0.00184
-0.00076577
-0.0061197
0.00041468
0.00071407
0.0016511
-0.0032843
-0.00071248
0.0019924
-0.0026576
-0.0029715
-0.0063037
0.0043775
0.0022303
-0.0040958
-0.0033903
-0.00099207
-0.0022382
-0.0007315
-0.0051935
0.0003666
-0.001206
-0.0034017
-0.0012051
-0.0009048
-0.0019096
-0.00074936
-0.0015476
-0.0021863
-0.0022046
0.0013875
0.0016302
0.002102
-0.0047986
0.0022894
-0.0008978
0.0016034
-0.0027754
0.0021431
-0.0053095
0.0045832
-0.0014122
0.00041736
0.00091315
-0.0023179
0.0010662
-0.0018371
0.0018755
-0.0040206
-0.0015188
0.0035738
-0.0041977
-0.00283
0.00032208
0.001077
-0.0018384
0.0033724
-0.0036816
-0.0022819
-0.0025966
-0.0025055
-0.00044865
0.0012896
-0.0055239
-0.00027838
-0.0017825
-0.0019968
-0.0059524
-4.7231e-06
-0.0020443
-2.5318e-06
0.0024982
0.0018263
-0.0032102
0.0011379
-0.0026176
-0.0032598
-0.0017005
-0.0031288
-0.0055519
0.0016993
-0.0040591
-0.0015095
-0.0014985
-0.0012512
-0.004463
-0.0016699
-0.0031647
0.00078037
-0.0032072
0.0005967
0.00024942
-0.00088047
0.00060993
-0.0028784
0.0037746
-0.0023055
-0.0024876
0.0013107
-0.0001152
-0.0032641
-0.0032055
0.0018424
-0.00064344
0.0020154
-0.0034988
-0.00026728
-0.00060781
0.0037556
-0.0028018
-0.0025522
0.0034336
0.0014283
-0.0029925
0.0019897
-0.0014355
0.00044767
-0.00030923
-0.0022039
0.00034182
-0.0014323
0.0023071
0.00033052
-0.0031574
0.0042077
-0.0023298
-0.0025834
-0.0023404
0.005567
-0.0040597
0.0033288
-0.0019796
-0.002661
-0.001053
-0.0003629
0.002996
-0.0038912
-0.00092287
-0.0017857
0.0017555
-0.0029498
0.0032358
-0.0010788
-0.0045455
0.0036951
-0.0056026
0.0016346
-0.003275
-0.0013536
-0.00086834
0.00013056
0.00015894
0.001906
-0.0058329
0.0041752
-0.0012508
0.0013218
-0.00087953
-0.00034376
-0.002628
-0.00090925
-0.00059545
0.001344
0.00086258
-0.0034521
-0.00031643
-0.00054921
-0.0029498
-0.00013647
-0.0048401
-0.0044152
0.0022036
-0.0029567
-0.0013817
0.001641
-0.0055367
-0.0010621
0.00076305
-0.00021971
0.00074301
-0.0044053
0.00062786
-0.0044792
-0.0015982
0.0018462
-0.0048414
0.00042124
-0.0017284
-0.00030509
-0.0013894
0.0014598
0.00051709
0.00052713
-0.0036168
0.0027555
-0.0056723
0.0014688
-0.007921
-0.0022276
-0.0024887
-0.0014359
-0.004063
-0.0012517
-0.0024675
0.0010593
-0.00066283
-0.003342
-0.0026604
0.00060942
-0.0040427
0.0012818
-0.00051917
-0.0034164
-0.0045912
-0.0019704
-0.0032357
-0.0061961
-0.0034763
0.0025906
-0.001804
-0.0035982
0.00023228
6.1897e-05
-0.00025288
-0.00069082
-0.0038855
-0.00084372
-0.0023259
-0.0012803
-0.0018542
0.00054076
9.8827e-05
0.0010769
-0.0036911
0.0037066
-0.0018894
0.0025696
-9.7493e-05
0.00031628
0.00069012
0.0013571
-0.0026665
1.7871e-06
-0.0028909
0.0019614
-0.00051978
0.0014746
-0.00098632
0.0014908
-0.00018093
0.00014849
0.0014271
0.0012394
-0.0011126
0.00036148
0.0018858
-0.0019567
0.00052642
0.0013499
-0.0030762
-0.0042243
0.0017885
-0.00080318
-0.00039626
0.005012
-0.0030538
-0.00072657
-0.0028112
0.0011606
0.0018898
-0.0013081
0.0018839
-0.00045064
1.2621e-05
0.0021838
-0.00063641
-0.0021714
-0.0011435
0.00021503
-0.0028161
-0.00087379
-0.0022598
0.0010017
0.00097689
-0.00064014
-0.0018829
-0.0017836
0.0022359
-0.002995
-0.0024282
0.00024739
-0.0014935
-0.0017447
-0.0019704
-8.0779e-05
-0.0041399
-0.001323
0.0016119
-0.004443
-5.4732e-05
-0.0041988
0.0013062
-0.00025211
-0.0035174
0.00069958
-0.0047108
-0.00054757
-0.0018921
-0.0023777
0.00046654
-0.002628
0.0012538
-0.0011954
0.00040615
-0.00068884
-0.002125
-0.0018217
-0.0027593
0.00062776
-0.0020258
-0.0027347
-0.0024666
-0.00066721
-0.0020449
0.0019454
-0.0017528
-0.0018782
0.0011937
0.0012779
-0.006033
0.00071106
-0.0027714
-0.0018511
-0.003204
-0.0027828
-0.00012753
-0.00082329
-0.0003357
-0.0023388
-9.1581e-05
-0.0030578
0.0020365
0.00088534
-0.0010729
-8.1184e-05
-0.00038018
-0.0011772
-0.0029449
0.0011488
-0.00017486
-0.00012806
0.0017293
-0.0004266
-0.0022716
0.0023561
-0.0043494
0.0013313
-0.0025569
0.0010955
-0.00083928
-0.0025275
-0.0013722
-0.00094935
-0.0032376
0.0037786
-0.0024064
-0.0024945
0.0010254
0.00070568
-0.0019972
0.00082048
-0.0021945
0.00061201
-0.0014578
-0.0048753
0.00048089
-0.0007909
-0.00097784
0.00033403
-0.0024312
-0.00024422
-0.0022116
-0.00088872
-0.0021119
-0.0016794
-0.00039767
-0.00019911
-0.0040451
0.0018346
-0.00028429
-0.00067783
0.0018341
-0.0013861
0.00057768
0.00204
-0.0013441
0.0028373
-0.00014752
0.0012154
-0.002821
0.002099
-0.00188
-0.00032296
-0.00089671
0.0043646
-0.00083097
0.0022222
7.1513e-05
0.0018403
-0.00027517
0.0018412
0.0021386
0.0025504
0.00083567
0.00026407
0.0044437
0.00040095
-0.00058973
0.0028306
-0.0047857
0.0023383
-0.0001865
0.0018805
0.0013319
-0.00201
0.00022661
-0.00089281
-2.3638e-06
0.0013025
-0.0026022
-0.00013748
0.00055585
-0.0012616
0.0024394
-0.0010169
-0.0044806
-0.0020105
-0.0027039
-0.0010403
-0.0028252
-0.001603
-0.0052549
-0.00020367
-0.0053952
-0.0026391
-0.0061999
-0.002747
-0.0013634
-0.0048645
-0.0019859
-0.0032841
-0.0059604
-0.0026125
-0.00356
-0.006827
-0.0038141
-0.0042155
-0.001922
-0.0022198
-0.0040335
-0.0022838
-0.0041523
-0.0029214
-0.0036542
-0.0023584
-0.0036915
-0.0042976
-0.0042835
-0.0023408
-0.00050205
0.00041396
0.00069731
-0.0095748
-0.011019
-0.013147
-0.013304
-0.012442
-0.012144
-0.010965
-0.010601
-0.013082
-0.010253
-0.011072
-0.012681
-0.010886
-0.00945
-0.012872
-0.01283
-0.011641
-0.010999
-0.01222
-0.0098081
-0.0112
-0.0073511
-0.0082557
-0.0092052
-0.0098566
-0.0090417
-0.0070759
-0.010863
-0.0068972
-0.0086445
-0.00724
-0.0057707
-0.0066399
-0.0080442
-0.0080888
-0.0081534
-0.006379
-0.010628
-0.0079163
-0.0050896
