0.10627
0.072501
0.03077
-0.10892
0.033139
0.053597
0.051949
-0.036263
0.0047914
0.058689
0.022492
-0.0034055
-0.069246
0.053075
0.029568
0.011401
-0.03995
0.023414
0.043473
-0.033827
-0.027955
0.0021752
0.036248
-0.044349
-0.030677
-0.021953
0.031708
-0.0039521
0.047184
-0.0040937
0.0026965
0.0048405
-0.01848
0.0058024
0.0069963
-0.0023168
0.02899
0.012531
-0.030166
-0.0026886
0.023476
0.025713
-0.025241
-0.00036194
0.0078798
0.01623
-0.091284
-0.058014
0.0024268
-0.0084876
0.028824
-0.0855
-0.0059395
0.0046747
-0.074713
0.033102
-0.012298
-0.016553
0.052317
-0.02019
-0.018546
-0.016198
0.049998
0.05112
0.010691
-0.027652
0.0087403
0.023487
0.038934
-0.034719
-0.045619
0.029017
0.01931
-0.070709
-0.031509
0.088238
-0.024392
-0.025969
-0.054798
-0.03963
-0.0032088
-0.083655
