0.85027
0.0028245
-0.0042552
-0.0033368
-0.0028895
-0.0035471
-0.0072576
-0.0071457
-0.00051566
-0.0036338
-0.0023442
-0.0024089
-0.0027398
-0.0019245
-0.0010254
0.00022437
-0.00043277
-0.0016193
-0.00032343
-0.0024561
-0.0022193
-0.0026092
-0.00061259
-0.0022772
-0.0037711
-0.0002116
0.00028433
0.00056135
-0.0027052
-0.0025179
-0.002644
-0.0028819
-0.00343
-0.003427
-0.0010779
-0.0028456
-0.003859
-0.0026788
-0.002406
-0.00080612
0.004386
0.0015946
0.00090091
3.7211e-05
-2.6947e-05
-0.00099574
-0.0015366
0.0010857
-0.00018108
-0.00021275
-0.0001126
0.00067309
0.00042724
-0.0019921
-0.0025182
-0.0017047
-0.003228
-0.0031071
-0.0035643
0.00080158
0.0007769
-0.0047878
-0.0049869
-0.0033547
-0.0043042
-0.0026045
-0.0017072
-0.0036633
-0.003018
-0.0021354
-0.001553
-0.00064302
-0.00024691
-0.0013939
-0.002687
-0.0015644
-0.0011518
-0.0022121
-0.0030366
-0.0010353
0.0056151
0.0029727
0.001389
-0.0009314
-0.0010254
-0.0014668
0.00029102
-0.0016954
-0.0029476
-0.0031022
-0.0042963
-0.003792
-0.0025892
-0.0030377
-1.32e-05
-0.0017021
-0.0018283
-0.00069235
-0.0015825
-0.0042588
0.00092595
0.0033284
-0.0007941
-0.001145
0.00070035
-0.0025005
-0.000647
-0.0014361
-0.0013406
-0.00065925
-0.0011329
-0.00081065
-0.00064483
-0.00088027
-0.0017307
-2.0045e-05
-0.002959
-0.00087038
-0.0015157
-0.0031722
0.0060695
-0.00066092
0.0015065
-0.0017408
-0.00091523
-0.00063345
-5.9002e-05
-0.0015629
2.674e-05
0.00029113
0.0010299
-0.00079653
-0.0031076
0.00060183
-0.0012992
-0.0021987
-0.0023814
-0.00063764
-0.0044468
-0.0013746
-0.0033433
-0.0016823
-0.0018486
-0.0016597
-0.0018498
-0.0016223
-0.0034307
-0.001268
-0.00051074
-0.0025542
-0.0026644
-0.0012228
-0.00058098
-0.00092637
-0.0031244
-6.785e-05
-0.0019611
-0.00022904
0.0004805
-0.0019376
0.0062861
0.0022212
0.00046956
-0.003088
-0.002177
0.00015389
-0.0019436
-0.0012438
-0.0012646
-0.0018421
-0.0012335
-0.0017061
-0.00021613
-0.0013853
0.0021288
-0.0017181
-0.001234
-0.0038381
0.00047466
-0.0021739
-0.0009901
-0.0016925
-0.0022371
-0.0017449
-0.0022749
-0.00088406
-0.0008288
-0.0015319
-0.0020453
-0.00031048
-0.00060754
-0.0015225
-0.0018468
-0.0034416
-0.00066493
-0.00095289
-0.0013401
-0.002216
-0.0025621
-0.0011467
0.0048288
0.0017269
-0.0011212
-0.0021947
-0.0014035
0.00055846
0.00022265
-0.0022708
0.00030504
-0.00032416
0.00059466
-0.0004796
0.00085232
-0.00029186
-0.003185
-0.0041775
0.0023819
-0.0055185
0.0014101
-0.0021068
-0.00062049
0.00024316
-7.331e-05
-0.0016063
-0.0014835
-0.0025167
-0.002525
0.00062131
-0.0011886
-0.0017109
-0.0022628
-0.0017652
-0.0014593
-0.0018676
-0.0011122
0.00064033
-0.0023461
-0.0018816
-0.0021174
-0.0014216
0.0040896
0.0033839
-0.00048075
-0.0024811
-0.00030064
-0.0046864
4.4332e-05
-0.0073976
0.0019689
-0.0020609
-0.0010118
0.0020177
0.00079088
-0.00093765
-0.0040209
-0.00042418
-0.0044356
-0.0022042
0.0012168
-0.0031173
-0.001758
-0.00019771
-0.00097678
-0.0015448
-0.00023601
-0.0026843
-0.00077703
-0.0021123
-0.0019337
-0.00033727
-0.0016046
-0.00078234
-0.0010523
-0.00083198
-0.0013125
0.00011826
-0.0013529
-0.0016137
-0.0020024
-0.0015101
0.0043917
0.0014829
-0.00082654
-0.0043627
0.0021096
0.0024861
-0.0030603
-0.0017341
-0.0029394
-0.0018106
-0.0041266
-0.0036704
-0.0044844
0.0035136
-0.0013346
-0.00037546
-0.0020761
-0.00086159
-0.00095896
-0.0030933
-0.0019468
-0.0013339
-0.0025508
-0.0012674
-0.00068039
-0.0020617
-2.4301e-05
-0.0011181
-0.00092811
-0.0015939
-0.00034975
-0.0012937
-0.0020068
-0.00094872
-0.0030638
0.0012593
-0.0031361
-0.0045763
0.00085165
-0.00081524
0.0062998
0.0030384
9.0251e-05
-0.0041658
-0.00015015
0.00065923
-0.00082898
-0.0043169
0.001097
-0.0023875
-0.00031636
-0.00097226
-0.0022914
-0.00031835
-0.0060818
-0.00037716
0.0011872
-0.0021673
0.0019817
7.6561e-05
-0.0040988
0.0012403
-0.0021908
-0.00076779
-1.2722e-05
-0.0001744
-0.0025496
-0.001519
-0.001852
-0.0013424
-0.0020189
-0.0020171
-0.00080457
-0.00076632
-0.0010331
-0.00072517
-0.00066222
-0.0044184
0.0010269
-0.0046698
0.0051278
0.0028342
0.00050247
-0.0039107
-0.00067499
0.0012607
-0.0017674
-0.0039887
-0.0019799
-0.0030019
-0.0011267
-0.002636
-0.0017621
0.00019765
0.00025391
-0.0045881
-0.001687
-0.0039753
-0.00064761
0.0013102
-0.0013291
-0.00011702
-0.0018
-0.0022668
-0.0012427
-0.0021646
-0.00056626
-0.0017175
-0.0012942
-0.0020953
-0.0011543
-0.0016533
0.00041643
-0.0018224
-0.001651
0.0014951
-0.0030565
-0.0049391
0.0012654
-0.00066845
0.0046547
0.0034655
0.00046346
-0.0050264
-0.0025503
0.0034004
-0.0009682
-0.00039249
0.00025198
-8.3396e-06
-0.0016058
-2.1615e-05
-0.0040571
0.00053318
-0.0026156
-0.00098655
-0.002268
-0.003386
0.0003377
-0.0042659
-0.0023309
-0.0038174
-0.0020831
-0.0028941
-0.001645
-0.0012489
-0.002566
-0.00028999
-0.00095155
-0.001586
-0.00059184
-0.0013402
-0.0020677
0.0004655
-0.00046397
0.0010327
-0.0053715
-0.00094932
-0.0014686
-0.0019155
0.0036927
0.0035918
-0.00031889
-0.0032988
-0.0044714
0.0029575
-0.0015163
-0.0019111
0.00092673
-0.0011
-0.0021284
-0.00036472
-0.0010107
-0.0015391
-0.0025842
0.0010729
0.00039346
-0.0047638
-0.0011924
-0.0025648
0.0038368
-0.00018348
-0.0040743
-0.00051045
-0.0024828
-0.0016435
-0.0024733
-0.00026537
-0.00062314
-0.0029377
-0.0025433
-0.00076375
-0.0013884
-0.0032125
-0.00064653
-0.0039914
-0.0010208
0.00034784
-0.0018243
-0.0010903
0.0041458
0.0045923
-0.0025956
-0.0012132
-0.0034682
0.00071851
-0.00029378
-0.0049201
-0.001882
-0.0038975
0.00026095
-0.0044331
-0.00088553
-0.001913
-0.0030496
0.0027898
-0.0029191
-0.004312
-0.0032288
0.003598
-0.0030378
-0.0058482
0.0063102
-0.00028668
-0.0001149
-0.0021673
-0.0015966
4.5297e-05
-0.00092446
-0.0012949
-0.0013016
-0.0011138
-0.0033919
-0.0013491
0.0026499
-0.0035912
-0.0011674
-0.00037336
-0.002542
-0.0017717
0.0060731
0.0069239
-0.0010122
-0.0023302
-0.002889
-0.00052603
0.003399
-0.0018883
-0.0022562
-0.00027812
0.00098932
-0.0019606
-0.00081569
-0.0013083
-0.0053396
-0.0025873
0.00030023
-0.0043826
-0.0014681
0.0038748
-0.0084839
0.0032613
-0.0010352
-0.0044539
-0.0030463
-0.00065974
-0.0031239
-0.00081003
-0.0015665
-0.0007228
-0.00052332
-0.0012587
-0.00057217
0.0012059
-0.0035474
-0.0016191
-0.0014493
-0.002205
-0.00088141
-0.0047219
0.005166
0.0040012
-0.00076319
-0.0028658
-0.0024521
-0.0023691
0.00095928
0.0011699
0.0013486
-0.0020875
-8.3118e-05
-0.0033042
-0.0027641
0.0044965
-0.0087598
-0.0035053
0.0024844
0.0018073
-0.0012751
-0.0026041
0.001952
-0.0022855
-0.0019682
-0.0017051
-0.0018926
-0.0017443
-0.0051226
-0.0021898
-0.0052559
-0.0029025
-0.0024748
-0.0024539
-0.0020847
-0.0036785
-0.0021299
-0.002064
0.0030637
-0.00060864
0.0016166
0.0005448
0.0044776
0.0043449
-0.0022445
-0.0042053
0.0015675
0.00021944
-0.0031801
-0.002488
-0.0020623
-0.0026773
-0.0003911
-0.0020802
-0.0039988
0.0036613
-0.0010755
-0.0034322
0.0016735
-0.0024798
0.001217
-0.0032264
-0.0016319
-0.0070537
-0.0020639
-0.0028495
0.0015634
0.0012246
0.0025602
0.0039874
0.0023819
0.0048033
0.00044281
0.0028255
-0.0013485
0.00030197
0.0011985
-0.002766
-0.0017536
-0.0015541
-0.0025117
-0.0048177
0.0048506
0.0030661
-0.0020271
0.0017572
-0.00076162
-0.0042153
-0.0017497
-0.00095663
0.0011396
-0.0033553
-0.0020189
0.00067106
-0.0068274
0.0073788
-0.0019657
-0.0010179
0.0025375
-0.0037156
0.002369
0.00055315
0.00060639
0.0031164
0.0025748
-0.0017007
-0.0054461
-0.0016372
-0.0061236
-0.002121
-0.004351
-0.0013719
-0.0053558
-0.0050775
-0.00072476
-0.0037458
-0.00051127
-0.0013359
-0.00081898
-0.0023916
1.4612e-05
-0.0033305
0.0061768
0.00070585
0.0034008
-0.00021466
-0.0032342
-0.0003618
-0.0021793
-0.0023117
-0.0014844
-0.00041333
-0.0020715
-0.00079416
-0.00067595
-0.0023993
-0.001266
0.0011309
-0.0060745
-0.0024751
0.0013238
-0.006768
-0.0056162
-0.0056444
0.0024386
0.0037153
-0.0017747
0.00070758
-0.0042167
0.00015152
-0.0019107
-0.0013042
-0.00063797
-0.0031536
0.0014377
-0.0019567
-0.0021273
0.00034223
-0.0025773
-0.0011726
-0.00096291
-0.0045274
0.0070212
0.0028827
0.0024327
-0.0035406
-0.0027657
-0.00089154
-0.00030028
-0.0014443
-0.0013117
-0.00032536
-0.00096752
-0.0022996
-0.0017142
0.00056371
0.00030831
-0.0088677
0.0005278
0.0035503
-0.0040555
-0.00014513
0.003101
-0.00027978
-0.006735
-0.0015973
-0.0023288
-0.00052948
-0.0015528
-0.00062489
-0.00012205
-0.0010582
-0.0025233
-0.00096471
0.00067498
-0.0027176
-0.00032515
0.00052049
-0.0023969
0.0001193
-0.0024607
-0.0027761
0.0068651
0.0030211
-0.00025397
-0.0007699
-0.0016793
-0.00089764
-0.0032767
-0.00035897
-0.0015856
-0.0018466
-0.00193
-0.001293
-0.00093743
-0.0005969
0.00056471
-0.0065888
0.0031266
-0.0030845
-0.0050618
0.0015056
-0.0063907
0.0042587
-0.0023744
-0.0032502
-0.0013084
-0.0024733
-0.0026056
-0.0017513
-0.0016604
-0.002916
-0.0007559
-0.003005
-0.0013999
-0.0043224
-0.0011079
-0.00067845
-0.0031819
-0.0013259
-0.0027949
-0.0041147
0.0062715
0.004476
0.00034312
0.00026867
-0.0020035
-0.00094561
-0.0030283
-0.0019341
0.00058568
-0.0010688
-0.00071647
-0.00060848
-2.2573e-05
-0.0021706
-0.00318
-0.0050173
0.0034613
-2.8761e-05
-0.004446
-0.00030419
0.0026208
0.00026748
-0.0022524
0.0011965
0.0010894
-0.0026139
-0.0010262
-0.00080776
-0.0011046
3.0066e-05
-0.001498
-0.0014204
-0.00033553
0.00037106
-0.00084025
-0.0012021
0.0013094
-0.0030742
0.0011897
-0.0038206
0.0068247
0.0072389
-0.003045
-0.0063056
-0.0030419
0.00049148
0.0025133
0.0012899
0.00015386
-0.0031608
-0.0017524
-0.0010359
-0.00078236
-0.0039253
-0.0022558
-0.0016457
-0.0014893
0.0026578
-0.0035395
-0.0018228
-0.0037094
-0.00287
-0.0012213
-0.0011347
-0.0022979
-0.0024031
-0.00026086
-0.002771
-0.0032668
-0.00094476
-0.00077843
-0.001679
-0.0030442
-0.0024971
-0.0028591
-0.0051484
-0.0018199
-0.0067136
-0.0022456
-0.0045884
0.0081232
0.002826
-0.002192
0.0029337
-0.0023143
0.00034551
-0.0039747
-0.0031904
-0.0023669
-0.0025666
-0.00072206
-0.00021059
-0.0027232
-0.0017524
-0.0012693
-0.00089024
-0.0019085
-0.002782
-0.0010082
-0.0026968
0.00075591
-0.0018007
-0.0038738
-0.0019228
-0.0037767
-0.00090177
-0.00042853
-0.0045719
-0.0036588
-0.0034482
-0.0037039
-0.00094097
-0.0032056
0.00054629
0.0022066
0.0028731
0.0045345
0.0041243
0.0041979
-0.0010714
0.0060507
0.0058742
-0.0027196
-0.0042793
-0.004436
-9.0612e-05
-0.00039641
-0.0021386
-0.0021732
-0.0026779
0.00097581
-0.0017511
-0.0039446
-0.00014013
-0.0024481
-0.00042549
-0.001268
0.0018632
-0.0013111
-0.004473
-0.001166
-0.0065062
-0.0028655
-0.0006844
-0.0041655
-0.0041103
-0.000502
0.0021122
0.0013122
0.0062986
0.0049274
0.002722
-0.00087502
-6.1136e-05
-0.0023103
-0.0042101
-0.0023673
-0.0050178
-0.0033006
-0.0077317
0.0068931
0.0048262
-0.0027763
0.0023915
0.00049243
0.0021223
-0.0009828
-0.0048651
0.0016489
-0.00097324
-0.0019214
-0.00351
-0.002411
-0.0049597
-0.0024805
-0.0019751
-0.005739
0.0023599
-0.0053465
-0.0029882
0.0035434
-0.0011439
0.0044557
0.0011259
0.0020061
0.0023722
-0.0017153
0.0002491
-0.005063
-0.0047067
-0.0042013
-0.0052869
-0.0021165
-0.0023012
-0.00087229
-0.0011656
-0.00072334
-0.0014153
-0.00050856
-0.0022293
0.0072148
0.0035045
0.00039905
-0.0036145
-0.0055122
-0.0038434
-0.0049132
0.0013271
-0.00094026
-0.0043572
0.00023283
-0.0020589
-0.0013736
0.00073996
0.0028561
0.0027209
0.0030806
0.0014757
-0.0013661
0.00051114
-0.0030449
0.0036123
-0.0034759
-0.0076641
-0.00109
-0.0018638
-0.002614
-0.0009767
-0.0016829
-0.0021236
-0.00065982
-0.0010842
-0.0018098
-0.0013677
-0.0008557
-0.00076197
-0.00012223
-0.0028844
-0.0011247
-0.0041971
0.0067542
0.0021113
0.00062011
-0.0015908
-3.3192e-05
-0.0003211
0.0015715
-0.00028478
-0.0029048
-0.00036436
0.0028994
-0.0021827
-0.0022358
-0.0031934
-0.0021047
0.0006404
-0.0081275
-0.0057127
0.0041902
-0.0085423
0.0041215
-0.0053766
-0.0054462
0.0037013
0.00094958
-0.00086068
-0.0016671
-0.00055764
-0.0017957
-0.0015479
-0.00066097
-0.0018945
-0.00098892
-0.0012658
-0.0019502
-0.0025997
-0.0008637
-0.0049118
0.00065435
-0.0031079
0.0056349
0.003884
0.0013967
-0.00059201
-0.0013737
-0.0018466
0.0016955
-0.0023299
-0.003151
-0.00050871
-0.00029362
-0.0058198
-0.00096465
-0.0022876
-0.0019867
0.0041085
-0.0011673
-0.0042496
0.00092283
-0.0035603
0.00297
-0.0048922
0.0045358
-0.0025363
0.00097056
-0.0047816
-0.0034089
0.00046029
-0.0026981
-0.0011856
-0.0012704
-0.00086305
-0.00085834
-0.0010686
-0.00075673
-0.0013432
0.00035374
-0.00025726
-0.00075908
-0.005274
0.0074516
0.0018528
-0.0031579
0.00010534
-0.002383
8.979e-05
-0.00012057
-0.00046645
-0.00099456
0.0002955
0.00011043
-0.0050174
0.0051979
-0.0067392
0.0019724
-0.0019194
-0.001322
0.00054676
-0.00048444
-0.0061224
-0.0029403
-0.0044055
-0.0051094
-0.0017091
-0.0058835
-0.0012265
-0.0010731
-0.0019291
-0.0021227
-0.0011696
-0.0022176
-0.0027327
-0.0020643
-0.0040445
-0.0019459
-0.0026689
-0.0031327
-0.0039214
-0.0078454
-0.0043317
0.0077833
0.0028362
-0.0030334
-0.004395
0.00091258
-0.0023123
0.00037536
-0.0059639
0.00078759
-0.0011167
-0.003364
-0.0053428
-0.000348
0.0032869
0.00034456
-0.0039322
-0.00010398
0.0030807
-0.0048947
-0.0015355
0.0060236
0.00047232
0.0031456
0.00021868
-0.0028192
-0.00069629
-0.0021377
-0.00056353
-0.0035199
-0.0021037
-0.001362
0.00012587
-0.00093126
0.0010074
0.0010497
0.0026542
0.003471
0.0010695
0.004765
0.0014526
0.0069903
0.0059659
0.001161
-0.0052362
0.0001995
-0.0029288
0.00030926
-0.0038451
0.0040193
-0.0017058
-0.0062205
0.0013287
0.0029852
-0.0033739
-0.0027708
-0.001521
0.0012719
0.0014452
-0.0066538
0.0019586
0.0017314
-0.0088497
-0.0026671
-0.00078094
0.0015182
0.00063562
0.00098748
-0.00024798
0.0011547
-2.6614e-05
0.00050196
-0.00060251
-0.001983
-0.0012596
-0.0027506
-0.0020895
-0.0043913
-0.0056828
-0.0025535
-0.0078832
0.008417
0.0046889
-0.00044231
-0.0012015
2.1923e-05
-0.0030122
-0.0024363
-0.0024931
0.0019664
-0.0014412
-0.006171
0.00053342
-0.0017737
-0.0078922
0.00010927
-0.0023856
-0.0011694
-0.0018443
-0.00013463
-0.0015685
-0.0018392
-0.00044532
0.0024456
-0.0024807
-0.0049892
-0.005771
-0.0052719
0.00084713
-0.001447
-0.003785
-0.0020818
-0.00014853
-0.0024334
-0.0012631
-2.5271e-05
-0.00030608
0.0001021
0.00082363
-0.00186
-0.0060014
0.0079335
0.0026388
-0.0017255
-0.0012162
0.00052157
-0.0020094
-0.004342
0.00013986
-0.00047148
-0.0023576
-0.0034008
-0.00012442
-0.0065997
0.00016439
0.0021298
0.0028737
-0.0063001
0.0015629
-0.0038023
-0.0054954
-0.00058232
-0.0023473
-0.00036301
0.0021165
0.0039203
0.0021719
-0.0037852
-0.0026578
-0.0014172
0.00072221
-0.0017783
-0.0023121
-0.0018633
-0.0047735
-0.0041726
-0.006869
-0.0040641
-0.0044843
-0.0028541
0.00024212
0.0064836
0.0052544
-0.001549
-0.0010968
0.00022774
-0.00014944
-0.00059484
0.0003616
-0.00065755
-0.007306
-0.0037196
-0.0039125
0.0040691
0.00031398
0.0024067
-0.0037689
-0.0027317
0.001699
-0.0059795
0.0040876
-0.0039676
0.0014205
-0.0050209
-0.0081724
-0.0010996
0.00026551
-0.0014692
-0.0041769
-0.0072933
-0.003494
-0.004249
-0.003425
-0.0014643
0.0027332
0.00040808
0.0026181
0.0062499
0.002458
0.0035003
0.002651
0.0044063
0.0047776
-0.0042409
0.00079372
-0.0042297
0.001361
0.00084242
-0.0036769
0.0034098
-0.0015414
0.0028927
0.00072192
0.0025755
-0.0048102
-0.00048726
-0.0016198
0.0023419
0.0044679
-0.0034574
0.00074771
-0.0070675
-0.0030823
-0.00081699
-0.0047924
-0.0047611
0.00019635
0.00041619
0.0066358
0.0044457
0.0044812
0.0045486
0.0023467
0.0019229
0.00064945
-0.0022059
-0.0059127
-0.0060026
-0.0085145
-0.0075559
-0.0054063
0.0062127
0.0037303
-0.00064869
-0.0013046
-0.00079433
-0.0036175
-0.0024106
-0.0044859
0.0017477
-0.0031326
-0.0030349
-0.0023303
-0.0058387
-0.0064371
-0.0050166
-0.0045807
-0.0062478
-0.0014646
-0.0021171
0.00094067
0.0035383
0.00059097
0.0026859
0.003836
0.0027412
-0.00093239
-0.0045607
-0.0032451
-0.0069053
-0.0034793
-0.0052547
-0.0023837
-0.0029841
-0.0028355
-0.0031594
0.00105
0.0041128
0.0015482
0.0023457
-0.00088128
0.0067821
0.0036993
-0.00020324
0.00025152
-0.00060895
-0.0035138
-0.0014887
-0.0016383
0.00044163
-0.0028272
-0.0055207
0.00038043
0.00057321
0.0030486
0.0020702
0.0010946
0.0024167
0.0021723
0.00016089
-0.0039245
-0.0007385
-0.0035106
-0.0022456
-0.001241
-0.00025061
-0.0022747
-0.0018409
0.00012641
-0.0001538
-0.0012114
-0.0013301
-0.0016168
-8.9189e-05
-0.0010166
-0.00075206
-0.0027532
-0.0010904
-0.00089755
-0.0079301
-0.00061819
0.0040635
0.0023431
-0.00084499
-0.0012844
-1.2682e-05
-0.00074289
-0.001446
-0.00047216
0.0021188
-0.0049267
0.00021457
0.0019381
-0.00095532
-0.0057816
-0.0033552
-0.0037167
-0.0035548
-0.0034305
-0.0038674
-0.0010805
-0.001372
-0.0040256
-0.0014246
-0.0029649
-0.0017584
-0.0020509
-0.0018827
-0.0022788
-0.00015349
-0.0027943
-0.0011147
-0.0012423
-0.0040983
-0.0016726
-0.0031915
-0.00025912
0.0021056
-1.9494e-05
0.00091236
-0.00091026
0.005077
0.0027596
0.00079594
-0.00054265
-0.0005321
-0.0013832
0.0018681
-0.00087584
0.00074063
0.00043111
-0.00010018
-0.0013164
-0.00056367
-0.0034594
0.0010952
-0.0011177
-0.00094062
-0.00092085
-0.00040565
-0.0010888
-0.0034945
0.00061878
-0.0012711
-0.0015352
-0.0011196
-0.0014261
-0.0026772
-0.0018989
-0.0018245
0.00030652
-0.0013515
0.00021729
-3.6344e-05
-0.00066488
-0.00011346
-0.0017514
-0.0038818
-0.002211
-0.0021973
-0.0034088
0.0064858
0.006555
-0.00010507
-0.0012735
-0.0039236
-0.0021369
-0.0063461
-0.005614
-0.0048105
-0.0015312
-0.0026869
-0.002436
-0.0031975
-0.001169
-0.003358
-0.0033985
-0.0030659
-0.0042514
-0.0037051
-0.004773
-0.0035523
-0.0032084
-0.0028529
-0.00097109
-0.0033734
-0.0024896
-0.0018532
-0.0016058
-0.0031118
-0.0042503
-0.0030904
-0.0029865
-0.0040774
-0.00059793
-0.0020697
-9.6133e-05
-0.00073147
-0.00034458
-0.0013741
-0.0031163
0.0069946
