-0.23862
-0.090747
-0.033804
0.01329
-0.02751
0.12074
-0.067378
-0.0555
-0.016132
-0.049882
-0.0085615
-0.0059515
0.039768
0.0003879
0.016909
-0.021477
-0.03181
0.00030287
0.018442
0.092632
0.010979
-0.0067051
-0.02292
0.068502
0.042183
-0.048336
-0.045715
0.059943
-0.073599
0.045265
0.070089
0.0033198
-0.00034923
-0.012406
0.072395
0.043741
-0.055046
-0.04714
0.031365
0.072412
-0.017665
-0.06316
-0.019931
0.075826
0.028672
-0.049565
0.10881
0.018536
-0.033821
-0.0712
0.064327
0.035053
0.0046791
-0.09546
0.046293
-0.023723
0.063142
0.073722
-0.0054606
-0.03139
0.0125
0.032167
0.025879
-0.04579
-0.022301
0.053755
0.1011
-0.0086098
-0.047449
-0.0059042
0.025791
0.049451
-0.048271
0.047889
0.02322
0.071357
-0.056109
0.0085151
-0.0035014
-0.007152
-0.072665
0.015555
