-0.10323
-0.11365
0.0050355
0.10815
-0.060403
0.019213
-0.051475
0.03568
-0.024796
-0.10231
-0.088403
0.037882
0.090618
-0.012645
-0.1343
-0.021181
0.08261
0.029204
-0.07708
-0.092569
-0.025792
0.1143
-0.0068363
-0.10818
-0.060096
0.071005
0.043623
-0.065923
-0.039785
0.12864
0.050706
-0.061611
-0.04935
0.035799
0.12686
-0.01593
-0.067829
-0.062384
0.072335
0.075482
-0.059968
-0.074073
-0.024461
0.12318
0.00042184
-0.073006
-0.06001
-0.1025
0.099778
-0.023997
0.048634
-0.13884
0.039572
0.035675
0.0058054
0.034776
0.053967
-0.038569
-0.079669
0.11507
0.018736
-0.087071
-0.0696
-0.0093708
0.054681
-0.015465
-0.03689
-0.059797
0.17594
-0.039718
-0.13324
-0.062407
0.065399
-0.0095126
-0.17085
0.050157
-0.044906
0.21605
-0.16085
-0.20542
-0.061885
0.083483
