-0.24877
-0.051772
0.015255
0.13425
0.01815
-0.089136
-0.018097
-0.039081
0.04127
-0.03725
-0.041061
0.062156
0.046748
0.046187
-0.085822
0.017874
-0.034106
0.075525
-0.022007
-0.08294
0.074471
0.063009
0.044803
-0.08911
0.037778
-0.0031192
0.079877
-0.07551
0.01776
0.083999
0.027616
0.10701
-0.15076
0.047787
0.017589
0.1352
0.041401
-0.02604
0.068044
-0.004552
0.088697
-0.077437
0.026833
-0.020034
0.12476
0.011145
-0.070004
0.11626
0.056917
0.088317
-0.14277
0.090138
0.037754
0.13492
-0.076782
0.023214
0.064078
-0.017684
0.10139
-0.19158
0.042966
0.076321
0.12457
0.042442
-0.0042463
0.031618
-0.096192
0.067597
-0.039282
0.017226
0.013185
0.087479
0.015495
-0.051191
0.070579
-0.037409
0.05678
-0.12272
0.066241
0.097247
0.079005
-0.079864
