0.63794
-0.0064597
-0.010529
-0.01062
-0.0093425
-0.010372
-0.010647
-0.0097762
-0.0093142
-0.010606
-0.010039
-0.010766
-0.0098604
-0.011561
-0.01042
-0.0098407
-0.010636
-0.010107
-0.011001
-0.0099413
-0.0090945
-0.0094247
-0.0083595
-0.009049
-0.0087309
-0.0074782
-0.0092042
-0.007947
-0.0087304
-0.010506
-0.0071698
-0.0078486
-0.0090431
-0.0081696
-0.0087542
-0.00814
-0.0079662
-0.0061698
-0.00691
-0.0081284
-0.003046
-0.00016733
0.00023114
-3.7131e-06
-0.0011537
-0.00045874
9.3681e-05
-0.00016101
-0.0001915
-0.0029985
-0.00093331
-0.00079854
-0.0010543
-0.00062518
-0.0011227
-0.001881
-6.2354e-05
-0.0028077
0.00043994
0.00046003
-0.0020446
-0.0042015
-0.00064111
-0.0036153
-0.0010243
-0.0018005
-0.0015923
0.0019817
-0.0012132
-0.001423
-0.00059344
0.00067635
-0.0021658
-0.00034809
-0.002807
-0.00079291
0.00024713
-0.0013362
-0.0024985
-0.0044886
0.0010584
-0.00013663
-0.0012696
0.00025557
-0.00054973
0.001889
-0.0010667
-0.0001046
-0.00017886
0.00011318
0.00050844
-0.0011286
-0.00032984
0.00053157
0.00044525
-0.00059274
0.00076924
-0.0016727
0.0012426
-0.00015374
0.00041741
-0.0016001
0.0055954
0.0011469
0.0020128
0.00019537
-0.00025599
0.0010941
0.0012231
-0.00061953
-0.0011634
0.00038057
0.001063
0.0013481
0.0019855
2.7782e-05
-0.0015308
0.00071677
0.0024895
-0.0026753
0.00081833
-0.0004114
-0.0010948
0.0001101
-0.00051787
0.0010646
-0.001299
0.0016613
0.00089959
-0.00092371
0.00041584
9.0414e-05
-0.00010622
-0.0019981
-0.0013826
0.0029787
-0.00045826
-0.0014458
-0.00043627
0.0012048
-0.0017604
-0.0025716
-0.0018725
-0.0024796
0.0013021
-0.0041463
-0.0034364
-0.0015414
-0.0042639
0.00031489
0.00012962
0.00035978
-0.0024862
-0.0032755
0.0047677
-0.0038052
0.0013484
-0.00020796
0.0019948
-0.0033934
0.001118
-0.00020091
-0.00064423
0.0013278
-0.00086967
0.0018703
-0.0016026
-0.0014637
0.00054709
-0.00010226
-0.00072417
1.2847e-06
-0.0016026
0.0015854
-0.00083821
0.0006584
-0.0018861
0.0024506
-0.0024995
-0.0019983
0.0011081
-0.002018
0.002102
-0.0010666
0.0025521
-0.003776
-0.0013529
0.0021058
0.0020534
-0.0020174
0.0017924
-0.00020505
-0.00074624
-0.00040727
0.0015434
-0.0056308
0.0014234
-0.0003009
0.0029941
-0.0050943
0.00070878
-0.00032697
-0.0019659
-0.00075119
-0.0026958
-0.00070054
-0.00090439
-0.0012637
0.0013611
-0.001496
0.0017159
-0.00035873
-0.0022319
0.0033884
-0.00060512
0.00015661
0.00066438
-0.00049442
-0.0018872
1.3177e-05
0.00067435
-0.0075533
0.0049399
0.0009772
0.0014227
0.0048488
0.0025918
-0.0013312
0.002838
-0.0017279
0.0021896
-0.0037422
0.0036828
-0.003508
0.00096457
0.00043129
0.00070711
-0.0013906
0.0054595
-0.0047192
0.00084579
-0.0012071
-0.0010339
0.00097612
-0.0021893
0.0015846
-0.0010671
0.00040584
-0.00091058
-0.0040002
-0.00066016
-0.00025342
0.001508
-0.002723
-0.0023538
-0.0010766
0.0011043
-0.00042816
0.0030255
-0.003104
0.0015437
-0.0021195
0.0022551
-0.0028178
-0.0014546
-0.0017845
-0.0019963
-0.0049737
0.0021071
-0.0053886
0.0018198
-0.00071368
0.00058113
-0.0015482
-0.00017086
-0.0018669
5.134e-06
0.00078241
0.00032164
-0.0039524
0.00077074
-0.00070034
-0.00048236
0.0017803
-0.00058532
-0.0017394
-0.0046257
0.0018666
0.00076822
-0.0021411
-0.00020376
-0.0013713
3.2272e-06
-0.00028144
-0.00018075
0.00063139
-0.00069298
0.00037102
-0.00035373
0.00031425
-0.00015516
0.0010306
-0.00099015
-0.0012018
-0.0014394
0.0024563
-0.00069415
0.00059345
-0.0013185
-0.00079128
5.8696e-05
-0.0041126
0.00066793
-0.0022268
-0.0015432
2.0364e-06
-0.0017677
0.0015697
0.001785
-0.0036938
0.0010923
-0.0014124
-0.0022458
0.00064062
0.0010434
-0.00050722
3.5818e-05
0.0031917
-0.00070099
-0.0006033
0.0005715
-0.0025333
0.00076177
0.0017192
0.0024031
-0.002078
0.00029217
-0.0006972
-0.0033762
-0.00071048
2.1771e-05
-0.0027988
-0.0034492
4.1533e-05
-0.0016173
0.00010929
-0.0013234
0.0011959
-0.0010829
0.0039498
-0.0017203
-0.00010997
-0.0014185
0.00032133
0.0028461
-0.0012102
-0.00095326
0.0017268
0.0025993
-0.0048246
0.001178
-0.00095871
0.0021177
0.0025409
-0.0013451
-0.0020238
0.00044563
0.0011066
-0.00022518
-0.00022385
0.0020816
-0.0012239
0.00060952
-0.0013724
-0.0020441
-0.0019048
-0.003533
-0.0011707
0.0007959
-0.0017994
0.0013553
0.00081193
-0.0015357
0.0024435
-0.00017705
0.0041677
-0.00463
-0.00038167
-0.0027968
0.0002487
-0.0035739
0.002944
-0.0028349
-0.0016971
-0.0020431
0.00015632
-0.001427
0.00069214
0.0015182
-0.0039693
0.00043589
-0.00178
-0.0017404
-0.0003583
-0.0011018
0.0012441
-0.0040384
0.00055537
-0.00063793
-0.0035579
0.00093444
-0.0021747
-0.00010555
-0.0018251
-0.00035874
-0.00087261
0.0015928
0.0035802
-0.0010441
-0.0011803
-0.001441
-0.001337
0.0018507
-0.00052299
-0.0055024
0.0036938
-0.0012706
0.002871
-0.0062778
0.008966
-0.002308
0.0038597
2.7128e-05
-0.0004507
-0.00030773
0.0021511
-0.00053992
0.0010041
0.0013144
-0.0041612
0.0010115
-0.0020893
-0.00028001
0.0021497
-0.00072651
0.0013699
-0.0022189
0.0018579
0.0012025
-0.0024514
0.0019758
0.00070421
0.0021965
-0.0017363
0.0018728
-0.0022681
-0.0015707
-0.0015506
-0.00097942
-0.0016248
0.00087155
-0.00081573
7.1669e-05
-0.002583
0.0018543
-0.0030022
-0.00032877
0.0041513
-0.0061774
-0.0021666
-0.0046012
0.0022999
0.0018457
-0.0032906
-0.0011348
-0.0024964
-0.0014164
0.00094035
0.0025735
-0.0051895
0.0016925
-0.0024434
0.00097874
0.002059
-0.0013797
0.0026888
0.00014205
-8.724e-05
-6.9213e-05
-0.0013073
0.00058972
-0.0013307
0.0016025
0.00033835
0.0013262
0.0019418
-0.00047206
0.0017699
0.00049619
0.0041659
-0.002443
-0.0019134
-3.6079e-05
0.00018754
0.002032
-0.0011867
-0.0055305
0.0018553
-0.0027783
7.7935e-05
0.0024162
0.00010476
0.0010223
-0.0014177
-0.00082651
0.00096438
-0.00097194
0.0012262
0.0027795
-0.0059326
0.0015367
-0.0023545
-0.0014587
0.0017213
-0.0054073
0.0014517
-0.0016657
-0.0037886
-0.0022503
0.0012386
-0.00040473
-0.00262
0.00050788
-0.00176
-0.0047873
-0.0024186
0.00046468
0.00084225
-0.0029199
0.00056
-0.0048065
-0.0010103
0.00050746
-0.0026461
-6.9179e-05
0.0059979
-0.0035121
0.0015864
-0.0046792
0.0033515
-0.0023582
0.0024774
-0.00036696
-0.002128
0.00035028
0.0017716
-0.0018365
0.00267
0.0034372
-0.0058156
0.00071582
-0.0036869
-0.0017384
0.006268
0.00023569
0.0021801
-0.0035507
-5.9673e-05
0.0013421
-0.00012612
0.00054712
-0.00073806
0.00034341
-0.0012215
0.0028897
-0.00057855
0.0028805
-0.00033311
-0.0027325
0.0015472
0.0023677
-0.0041423
0.0062597
-0.002918
-0.0022145
-0.00070401
-0.0059901
0.0045227
-0.00059088
0.00050379
-0.0057922
0.0010149
0.0019523
-0.001717
0.00015807
-8.721e-05
-0.0022372
0.0010535
0.0065289
-0.005366
-0.0003247
-0.0015177
0.00082572
-0.00046963
0.0011042
-0.0032332
0.00019997
-0.0037483
0.0037562
-0.0028141
-0.0013569
-0.004788
0.0016149
-0.0012503
-0.0013111
-0.0048557
0.0010882
-0.0023078
0.00051606
0.0010001
0.0010367
-0.00043038
-0.0027637
-0.0028813
-0.004408
0.002516
0.00069823
0.00084391
-0.0013867
0.0038886
-0.0055069
-4.3147e-05
-0.00056604
-0.0055221
0.0009154
-0.00010673
-0.0037064
0.00096583
0.00084595
-0.0031281
-0.00019816
-0.0021423
-0.0014213
0.0013121
0.00043552
-0.00024781
-0.00095326
-0.0050632
0.0034469
0.0010187
0.0022009
-0.0035384
0.00042591
-0.000627
-0.0037033
-0.0015199
0.0030193
-0.00066658
-0.0012664
-0.0035019
0.0047051
-0.0036003
0.0011451
-0.00098471
-0.00024972
-0.0012004
-0.00045232
-0.0019682
-0.0027616
0.0023466
-0.0020175
0.0044704
8.5127e-06
-0.00018771
-0.0017203
0.00029855
-0.00018697
-0.00060482
0.0045817
-0.0053521
-1.8312e-05
-0.00080305
-0.00049246
0.0016428
-0.0015673
-0.0004103
-0.0012472
-0.0032914
-0.0015165
0.0041165
-0.00021952
6.842e-05
0.00031647
0.0012717
0.0014684
0.0003627
-0.00068827
-6.3907e-05
-0.0043309
-0.0013357
0.0026295
-0.0025493
-0.00014451
-0.0029195
0.0010666
0.00098778
-0.0022855
0.00017756
-0.001666
0.00012168
-0.0054748
-0.0015474
0.00077635
-0.0066461
0.003558
0.0005409
0.00048977
0.0010616
0.0063358
-0.0030566
0.0010658
-0.0012789
-0.0026382
0.00077908
-0.0041728
-0.0013453
-0.00040969
0.0016895
-0.0038971
0.00098094
-0.0015429
0.00011577
-0.002345
-0.0021149
0.0017335
-0.00044236
-0.00015765
-0.001454
-0.00097391
0.00028044
-0.0027345
-1.8885e-05
-0.0038301
0.0033031
-0.0023678
0.0014629
-0.00198
0.00322
-0.0010429
0.0038958
-0.0016188
0.0037093
0.00074016
0.00053655
0.00048576
-0.00052053
-0.0020571
-0.0039409
-0.0033234
-0.0036723
-0.0007429
-0.00097003
-0.0031094
0.0057436
-0.0027529
0.00047123
0.00092878
-0.0028287
0.0034776
0.0041351
-0.00018558
2.2934e-05
0.00024034
-0.00090914
0.0029215
-0.00395
-4.8193e-05
-0.00024163
0.0018173
0.0051312
0.0018915
-0.00080123
-0.0070825
0.0012449
0.0010932
-0.0031782
-0.00091954
-0.0010329
0.0017743
-0.0023314
-0.0033009
0.0016937
-0.0017608
0.0010363
-0.0010566
0.0005816
0.0030761
0.0034263
0.0065561
-0.0048959
0.00049286
-0.0012001
-0.0011995
-0.0011477
0.0027049
-0.0016963
0.00056861
-0.0014438
-0.0026624
-0.00023588
-0.0027851
-0.0014822
0.00088363
-0.0018489
0.00053626
-0.001703
-0.0029959
-0.0011979
-0.0012042
0.0014393
-0.0043772
-0.0019887
0.0016114
0.00099243
0.0026745
-0.0020694
-0.00019672
0.0012418
-0.0020317
-0.002344
-0.0038659
0.00082348
-0.0021879
0.0011548
-0.0026215
-0.0025168
0.00050094
-0.0012825
-0.0027129
-0.003501
0.0017326
-0.0017453
-0.0013396
0.00050004
-0.00069348
0.00082661
0.00013807
-0.0024413
-0.0011245
0.0016678
0.0015779
-0.0024649
-0.0017419
-0.0021531
-0.0037611
0.0062661
0.00068148
0.0010135
0.0009161
-0.00021916
0.0023172
-0.0015392
-0.0018026
-0.002616
-0.0030752
-3.8423e-05
-0.0037577
-0.00049147
-0.0025485
0.003629
-0.0024606
0.0029446
-0.0015274
0.0017141
-0.002857
0.00036998
0.002898
0.0042929
0.0025014
-0.004781
0.0013471
-0.00207
-0.0021319
0.0034198
-0.0024215
-0.00070255
0.00055556
0.00063431
-0.0031365
0.0030418
0.0003829
-0.0014495
0.0047019
-0.0003949
-0.0040739
-0.0012694
0.00024086
-0.003613
-3.8854e-05
-0.005121
0.0015934
-0.0031365
0.0045401
0.0014556
-0.00021964
-0.002117
0.0026714
-0.00053764
0.0014096
0.0019817
-0.0001969
0.00053351
-0.0029836
0.0028985
-0.0011114
0.00051094
-0.0021849
-0.0027563
0.0025974
-0.006296
0.0018416
-0.0020511
-0.0015964
-1.3068e-05
-0.0013739
-0.001349
0.00062785
1.7789e-06
-0.0010256
0.0047644
-0.0016484
-0.0015387
0.0028722
-0.0022479
0.0031126
-0.0022717
-0.0012358
0.0017549
-0.00074832
-0.002239
-0.0011156
-0.0016099
0.00052297
-0.0074376
0.001476
0.0022497
0.00031092
0.00024816
0.00050517
-0.0030509
-0.0013255
-0.00077474
-0.0049218
-0.0026851
-0.0019743
5.79e-05
0.0030713
-0.00065553
0.0014501
-0.0047596
0.001386
-0.0018264
-0.0015752
0.0013908
-0.0013062
-0.00021506
-0.00044291
-0.0039518
0.00062735
0.00044607
-0.0033301
-0.0002744
0.00035215
-0.0044237
0.0036225
0.00014941
-0.0037491
0.0034515
0.0026311
-0.0038182
0.00045525
-0.001265
-0.001412
0.00087478
0.0032804
-0.0056504
-6.813e-05
0.00016826
-0.0042404
0.0051188
0.0011129
0.00095239
0.001152
0.0042804
0.00045138
8.1759e-05
-0.00018768
0.0027075
0.0025626
-0.001566
-5.8345e-05
-0.00037762
-0.0042969
0.0053363
0.00024239
0.00098042
-0.0011778
-0.003648
0.0009947
0.002135
-0.00255
-0.002449
-1.5588e-05
-0.0022514
0.0002624
0.00025835
-0.00080552
0.0030375
-0.0045327
-0.0025229
-0.00011398
0.0027144
0.0016321
-0.0020933
0.0015859
-0.0011678
-0.00088151
0.0019246
-5.6924e-05
-0.0019786
-0.00069617
-0.0018238
-0.0018552
0.00061952
-0.0022265
-0.00086789
-0.0031386
-0.0026284
0.00034621
-0.002838
-0.00031978
-0.00070773
-0.0049653
0.0018141
0.0028007
-0.0022278
-0.0022503
-0.00084029
0.00099693
0.00047944
0.0016228
-0.0011032
0.00078163
-0.00054134
-0.0013295
-0.00075428
-0.00076136
0.00036893
-0.0011714
0.00019897
-0.0026112
-0.0015179
0.00035797
-0.00068711
-0.0014368
0.0024202
-0.0037618
6.4014e-05
-0.00021743
-0.0035745
-0.0017388
-0.00051938
-8.9167e-05
-0.00142
-0.0024891
0.00071856
0.00088373
0.0026502
0.0047278
-0.0027899
0.00078829
-0.00064281
-0.0025387
0.0013487
0.00071091
-0.00032224
-0.00049869
-0.00071832
-0.0010583
-0.0015975
0.0018501
0.00088923
0.00018275
-0.0012948
0.0020794
-0.00072723
0.00089737
0.00058577
-0.0021546
0.002724
-0.00082358
-0.0012721
-0.00048728
0.0020819
-0.0036033
2.5016e-05
0.001438
0.00090649
-0.0021915
0.0018418
0.00046833
0.00097156
0.001784
-0.00020119
0.0019472
-0.0018811
0.0018301
-0.0017801
-0.00089238
-0.0030236
0.00095535
-0.0015563
-0.0026484
0.00053133
-0.0024836
-0.00042699
0.0015234
-0.00085036
-0.00070101
0.0013923
0.00038414
-0.0029618
-0.0013795
-0.00082929
0.0030625
-0.0031439
0.004523
-0.0043096
-0.0028523
-0.00012777
0.0010521
-0.0014152
-0.0050136
0.0028646
-0.0061157
-0.00042962
-0.0022591
0.0015683
-0.0011459
0.0016145
-0.0014047
-0.003925
0.00079751
-0.0046178
-1.3466e-05
0.0004427
5.607e-05
0.00080871
0.0023723
-0.0018655
-0.00063868
-0.0020869
-0.0013935
0.002027
-0.0014479
-0.00104
-0.0014952
-0.00063351
-0.0021233
-0.0009477
-0.0011547
-0.00073464
-0.0014146
-0.0029561
-0.0029135
-0.0025478
-0.00072632
-4.143e-05
0.0031656
-0.0010758
0.00012364
-0.00041608
-0.0026108
0.0025902
-0.0014612
0.0010066
0.0031467
-0.0020718
-0.0029725
-0.0023854
-0.00074541
0.0010463
-0.00047603
-4.2574e-06
0.0010011
0.00045422
-0.0024803
0.00076282
0.00014159
-0.0031319
0.00059425
-0.0014515
-0.0008568
0.0012014
-0.0029191
0.002021
-0.00062664
0.0017075
7.0688e-05
0.0026199
-0.0013115
-0.001218
-3.9035e-05
-0.00068982
-0.0011538
-0.00011024
-0.0022489
0.0022708
-0.00067349
-0.0032747
0.0021431
-0.00064759
-0.0017334
0.0041728
-0.0012681
-0.00096852
0.0013071
-0.0013365
0.0012881
-0.00035914
-0.0027082
0.00066815
9.9534e-05
-0.00098457
-0.001021
-0.0020603
0.00050168
0.00052408
-0.00082172
-0.0030046
0.00067
-0.0012015
-0.0027435
0.0023334
-0.0014346
0.0016438
-0.0024719
-2.8389e-08
-0.00070732
0.0015048
0.0032912
-0.0021202
-1.8058e-05
0.0034982
-0.0030104
0.0010246
0.00017872
-0.001639
-0.00041809
0.0018114
-0.00012964
-0.0011761
-0.0014216
-0.0001363
-0.0022119
-0.0021994
0.0015303
-0.0058582
-0.0016592
0.0032959
-0.0036823
0.001393
0.0008535
-0.0027881
0.0015609
-0.00060874
-0.00047428
0.001334
0.0017422
-0.002762
0.00078268
-0.0026489
-0.0025742
0.00072377
-0.0027988
0.0010762
-0.0019386
-0.001964
-0.0011631
-0.0014392
-0.0027262
-0.0026174
-0.0012158
-0.0023053
-0.0040998
0.0020808
8.5252e-05
0.0011857
0.0039865
-0.0037241
-0.0013021
-0.002848
0.00012274
0.0015815
-0.0016772
0.0015771
0.0062684
-0.0032194
-0.0019705
0.0030283
-0.0016863
-0.00014102
0.0022324
-0.0017757
0.0010392
-0.00076051
-0.0013861
0.0016599
-0.00079581
-0.0026902
0.00078371
-0.0021734
-0.00065973
0.0034764
-0.00022974
0.00044397
4.2435e-05
0.0012552
-0.0025214
0.00045394
-0.00043215
0.002154
0.00084357
0.0013149
8.4643e-05
0.0018293
-0.00021227
-8.0582e-05
-0.0029003
-0.0022458
0.0018111
-0.0025037
5.5445e-05
-0.0042284
4.1237e-05
-0.00061686
-0.00084925
-0.003194
-0.0017678
-6.619e-05
0.0004478
-0.0015744
0.00068103
-0.0032018
0.0005722
-0.00078865
-0.0008335
0.0011023
-0.0013832
-0.0020194
0.00040533
-0.0024718
-0.0014664
0.0026418
-0.0022078
-0.00024961
-0.0018537
0.0011223
0.00011808
0.00030416
-0.0011706
-0.00078408
0.0009963
0.0014149
-0.0020571
0.0043466
0.00019706
-0.0026996
-0.0019586
7.8221e-05
-0.00017304
-0.00035971
-0.0041731
0.0017958
-0.0021128
0.0019422
0.00059938
-0.00012238
-0.0032223
0.0030689
-0.0012561
0.00083432
0.00094141
-0.0011303
0.00022547
-0.0012007
-0.0030604
0.00051232
-0.0006679
-0.0012241
0.00034739
-0.00078433
0.0010985
-0.0014038
0.00053492
0.0014832
-0.0019876
-0.0008739
-0.00067007
0.00043409
-0.001167
0.00053952
-8.2618e-05
0.0030788
-0.0043866
-0.0022127
-0.001997
-0.0028521
0.00117
-0.0015171
0.0039744
0.0018009
-0.0030521
0.0024091
-0.0014567
0.00064745
-8.548e-05
-0.0026394
-0.002415
0.0015
-0.0048247
-0.0021793
-0.0015828
-0.00041716
-0.0009676
0.00065245
0.00035815
0.0019712
0.0012042
-0.0019928
0.00046941
-0.0014832
0.00052478
-0.00057134
-0.0007893
0.0029731
-0.0030858
0.00063976
-0.0017247
0.00067307
-0.00068059
0.00018671
-0.0022843
-0.0037983
0.0004169
0.0032794
-0.00023071
-0.0023979
-0.0014019
-0.0032377
0.0010735
-0.0038074
-9.6844e-05
0.0010901
-0.0033372
-0.00099546
0.00056824
0.003105
0.0012719
7.9609e-06
-0.00099763
9.1205e-05
0.00076031
0.0032361
-0.00046873
-0.00099666
0.0025092
-0.00049607
-0.00011272
-0.00029488
0.00042412
-0.0013242
-0.0017491
0.0017835
0.0033603
0.0039972
0.000134
0.0024287
0.0015978
0.0032787
0.00087698
0.00094956
0.0024643
0.0024094
0.00062595
0.0020164
0.0029497
0.0040497
0.0044507
0.0019134
0.0013314
0.001944
0.0041253
0.0047694
0.0046589
0.0030606
0.0032193
0.00080143
0.0013248
0.0018342
0.0012802
0.0022964
0.0030488
0.0017372
0.0018867
0.0007467
0.0012707
0.00087203
0.0025811
-0.00022409
0.00020768
-0.00040462
-0.0010178
-0.0030195
-0.003633
-0.00091264
-0.002947
-0.0039184
-0.0030475
-0.0011741
-0.0030352
-0.0012586
-0.0012292
-0.0033477
-0.003805
-0.0022
-0.0023845
-0.0037383
-0.0020372
-0.0023419
-0.0026142
-0.0014055
-0.0043786
-0.0042507
-0.0043196
-0.0039826
-0.0042389
-0.0021243
-0.00096485
-0.0022923
-0.0037325
-0.0029532
-0.0037177
-0.0034704
-0.00072142
-0.0025591
-0.0029986
-0.0019105
-0.0017973
-0.0030897
0.00090456
-0.0079067
-0.011194
-0.011103
-0.012116
-0.010691
-0.011671
-0.011136
-0.011129
-0.011031
-0.011884
-0.012325
-0.012589
-0.012164
-0.011826
-0.011197
-0.012348
-0.012059
-0.011841
-0.010195
-0.0097883
-0.0094683
-0.0094214
-0.0095511
-0.0088914
-0.0091952
-0.0096737
-0.0084116
-0.0091784
-0.0088403
-0.0073741
-0.0072738
-0.0083715
-0.0081737
-0.0087023
-0.0076462
-0.0087305
-0.0081465
-0.0086912
-0.008416
-0.0040531
