1.1
-0.012041
-0.0082441
-0.006601
-0.007931
-0.0079932
-0.0082605
-0.0083976
-0.0089133
-0.0098339
-0.0094551
-0.01003
-0.0090956
-0.0092317
-0.0082071
-0.0087442
-0.0091749
-0.0094841
-0.0095892
-0.0085597
-0.0093396
-0.010636
-0.011739
-0.013451
-0.013628
-0.010766
-0.010803
-0.012428
-0.010873
-0.010135
-0.0098257
-0.010335
-0.010355
-0.010547
-0.011372
-0.010511
-0.012511
-0.011724
-0.01217
-0.0091221
-0.017049
-0.0060709
0.00088554
-0.00016212
-0.00036924
-0.00076221
-0.00032182
-0.00033584
-0.0001909
8.734e-05
0.00089187
0.00056763
0.001429
-0.00024599
-0.00014029
-0.0010364
-0.00053074
0.00057669
-0.0001045
-0.00073094
-0.00022656
0.0013667
0.0012792
0.0028953
0.00064662
-0.00022234
0.0010822
-2.7627e-05
-0.00084011
0.00027337
0.0015486
-0.0022836
0.00079714
5.8679e-05
0.00078421
0.0022335
0.0003112
0.0012584
0.00019308
0.0031078
-0.008435
-0.0070392
0.00017102
-0.0006392
-0.00033457
-0.00061
-0.0014037
-0.00089201
0.0022486
0.00013404
0.00025324
-0.0020952
-0.00084431
-0.0014936
0.00023446
0.0013095
0.00096073
0.00028312
-0.0014826
-0.0010776
-0.0008496
-0.0010485
0.00055819
0.00066253
-0.000604
0.0023031
0.00080735
0.0024312
0.0045941
0.0034144
-0.0018902
-0.0029751
0.0035791
0.00039799
0.002069
-0.00030246
0.00084906
0.00072284
0.0011808
0.0020452
-0.010225
-0.0082359
0.00067293
-0.0010053
0.00057785
-0.00090628
-0.00083461
-0.0011647
0.0011454
-0.00023741
-0.001515
-0.00076646
-0.0012506
-0.0004766
-4.8361e-05
-0.0016221
-0.00085155
-0.0013288
0.00051936
0.0018592
-0.00020194
-0.0024359
3.8054e-05
-0.0025656
-5.9869e-05
-0.0020175
-0.0061665
0.0014735
-0.0044916
0.0024578
-0.0069413
-0.0026654
-0.0031305
-0.0017554
0.0021587
-0.0033439
-0.00092544
-0.00061207
0.00030747
0.0012188
-0.010463
-0.0080018
0.0010895
-0.00090573
0.00016266
-0.00091332
-0.00064769
-0.00108
0.0015625
-0.0039351
-0.00021255
-0.00045161
5.207e-05
-0.0019873
-0.00088725
-0.00077126
-0.0010333
-0.0012905
-0.00091192
-0.00040432
0.00069402
-0.00019403
-0.00013906
-0.0037461
-0.00099389
-0.0011855
-0.0031773
0.0002897
0.00087454
0.0012571
0.00069978
0.0021111
-0.0014989
-0.003764
-0.0004875
-0.0019073
-0.00019033
-0.00029163
0.00036679
0.0012317
-0.0098931
-0.0073417
7.6929e-05
-0.0012752
-0.00098411
-0.00072769
0.00063298
-0.0027808
-0.00074147
0.0015367
-0.00021465
-0.0023739
0.00017242
0.00076718
0.00083063
-0.0004977
-0.00093887
-0.0010131
-0.0003284
-0.0050534
-0.0018167
-0.0032764
0.00080981
0.00086934
0.002728
-0.00041332
0.00072122
-0.0016791
-0.0010645
-0.0015164
-0.0046203
-0.0010516
0.0037755
9.5306e-05
-0.0017079
0.0029215
-0.00077099
-0.00070431
0.0012603
0.0022768
-0.0092625
-0.0072645
0.00015883
-0.00045954
-0.0023926
0.00081476
-0.0014768
-0.0040086
-0.00011664
-0.0032415
0.00087922
-0.00024975
-0.002735
-0.0045876
-0.0037409
-0.00055369
-0.0023901
-1.0906e-05
0.00026708
-0.0017799
-0.0021044
-0.0019334
0.00055687
-0.0011732
-0.0027331
-0.0010038
-0.0031665
-0.0014206
0.00059977
0.0024637
-0.0014837
0.00025738
-0.0068669
-0.0038037
-0.0014934
-0.00034101
-0.0020448
-0.0023263
-0.00012161
-0.00039521
-0.0097117
-0.0073206
0.00074528
-0.0028572
3.7769e-05
-0.00059633
-0.0012641
0.00077069
0.003022
0.00010357
-0.0025064
0.00061128
-0.0021552
0.00057789
0.0021629
-0.00079451
-0.0011705
-0.0005357
-0.00088295
-0.0015039
0.0016041
-0.002399
5.3934e-05
-0.0026025
-0.0020071
0.0010024
-0.0021223
0.00041614
-0.00022797
-0.00062504
0.00035436
-0.0011793
0.0016989
0.00076777
-0.0030331
0.0016998
4.2146e-05
-0.00154
-0.00039875
0.0013365
-0.0090406
-0.0074126
-0.00044099
-0.0020752
0.0035255
-0.0014966
-0.0048195
-0.002827
-0.0047621
-0.0014368
-0.00023115
-0.0012871
-0.0017009
0.0015239
-0.0018251
0.00029098
-0.0012069
-0.00041588
-0.00050142
-0.00040596
-0.0045894
-0.005299
0.00038179
-0.0021607
-0.00068222
0.00036462
-0.0017133
0.0013952
0.001578
-0.0013743
-0.0045215
-0.001163
0.0014727
-0.0045231
0.00054765
-0.000369
-0.0018239
0.00026032
0.00052192
0.00091124
-0.009061
-0.0073232
2.0454e-05
-0.00030395
0.0010121
-0.0031515
0.0051085
0.0012627
0.0047399
0.0019604
-0.0017596
-0.0020959
-0.00082306
-0.0027578
-0.0026465
-0.00091281
-0.0019016
-3.2718e-05
0.00021149
-0.00047154
0.0017535
-0.0019049
-0.001047
0.002976
0.00095425
0.00035395
-0.0035461
-0.00062978
0.00085772
-0.0010163
-0.0024215
-0.0037469
0.0014144
-0.0079615
0.00095489
-0.00082531
-0.00038262
-0.0017546
0.0015926
0.0038777
-0.010873
-0.0083978
0.00064317
-0.0017083
-0.0008555
-0.0031219
-0.0027825
-0.0045202
-0.00038334
-0.0062714
-0.00086701
0.00064174
-0.0011407
-0.002264
0.00013156
-0.00064017
-0.00091704
0.00024934
0.0002943
-0.001108
-5.3405e-06
-0.0016316
0.0019043
-0.0015455
-0.0030325
7.5846e-05
-0.00082806
0.00013814
-0.00062921
0.0012451
0.0027048
-0.0015022
0.00058825
-0.0033976
0.0048495
-0.0011069
-0.0005542
-0.0011611
0.0020237
0.0017217
-0.01131
-0.0084371
0.0026342
-0.0021046
0.001159
0.00034857
0.0012164
-0.00088282
0.0010353
0.001132
0.0001928
0.00046465
-0.0015169
0.0021399
-0.0014045
0.0006692
-0.0014917
-0.0022317
0.00025144
-0.00099469
0.00066117
-0.0022422
-0.002207
-0.0016669
-0.00086065
-0.00232
-0.0030902
0.0001184
-0.00082465
-0.003403
-0.006534
-0.0011302
0.0012139
-0.0053943
0.0015685
-0.00010918
0.00042477
-0.00033409
-0.0013532
0.0015902
-0.011514
-0.008175
0.0011683
-0.0026839
0.00054869
-0.0032262
-0.00079185
-0.0029137
2.7331e-05
-0.0022084
-0.00048848
0.00026988
0.0015486
-0.0046038
0.0010742
-0.0019415
0.00079207
0.00078574
0.00046726
-0.0016754
0.00047564
-0.0021934
-0.00098433
-0.00058569
0.0004019
0.00022303
-0.0012191
-0.001476
-0.0024206
0.0014222
-0.0019125
-0.0010443
0.0018627
-0.0025842
6.3052e-05
-0.0028272
0.0019038
-0.00016919
0.0036891
0.0018229
-0.012862
-0.0075646
-0.00029485
9.8231e-05
-0.0011168
-0.0017983
2.9989e-05
-0.0019867
0.0020349
-0.00059596
-0.0013577
-0.00035887
-0.00066705
0.0014467
-0.0027124
-0.0032538
-0.0009238
-0.00016616
-0.0015824
0.0018578
-0.0016348
-0.0049689
-0.0029315
0.0010797
-0.0010648
0.0023256
-0.0042135
0.0027276
0.0027194
0.0043941
-0.0013013
-0.0046543
0.0025894
-0.0035109
0.0010758
-0.00055191
-0.007248
-0.0061227
0.00027873
-6.1688e-05
-0.010672
-0.0081671
0.0005282
-0.0015528
5.4154e-05
-0.0013258
-0.00071607
-0.00028297
-0.00042612
0.00031808
-0.0020007
0.0011034
-0.0049503
0.001972
-0.00093847
-6.0088e-06
3.268e-06
0.00050711
0.00016913
-0.0019483
0.0014789
0.00038977
0.0045156
-0.0033298
-0.0055556
-0.0018897
-0.0057258
0.00056959
-0.0057201
-0.0055617
0.00022906
-0.0027733
0.0016579
-0.0032807
0.0028336
-0.0025899
0.003495
0.0029861
0.00051524
0.0022846
-0.01233
-0.0078271
-0.00089431
-0.00052509
7.9124e-05
-0.0027987
-0.0018726
-0.0026684
-0.0027122
-0.0014006
-0.00065271
0.000164
-0.0026462
0.00014281
0.0017367
0.0024546
-0.0026908
-0.001986
-0.00053265
-0.0026162
-0.0010244
-0.0031249
0.00064901
-0.0015561
0.002181
-0.0017617
0.0022269
0.00048415
0.0048426
-0.00071825
-3.4427e-05
-0.0023343
0.0023936
-0.0011483
-0.0027664
0.003738
-0.0037158
-0.0067408
0.0012742
0.0023855
-0.010664
-0.0078022
0.0013343
-0.0021007
0.00097761
-0.00046887
0.001215
0.00093609
0.0036633
0.0014314
-0.0031341
0.0030308
-0.0008246
-0.0017703
-0.0028944
-0.0056826
-0.0012505
-1.2207e-05
0.0012344
-0.0019616
0.002494
-0.0013623
-5.6909e-05
0.0014572
0.0024165
0.00023832
-0.0012728
0.00049473
-0.0012087
-0.0018407
-0.00036935
-0.00070071
0.00069112
-0.002616
-0.0021454
-0.0014238
0.0032305
-0.0017547
-4.5874e-05
0.0015998
-0.012168
-0.0085521
-0.00015281
-0.0035254
0.0016588
-0.0023968
-0.0016919
-0.00303
-0.0030173
-0.0025558
0.00011444
-0.0052973
-0.0016119
-0.0025224
-0.0019283
0.001867
-0.0022592
-0.00015261
-0.0011591
-0.00070452
-0.0032388
-0.0081348
-0.00053072
-0.0011285
-0.0033635
-0.0044672
-0.0025922
-0.004313
0.0031687
-0.0027467
-0.0039866
-0.0034291
0.0034038
-0.0062357
-0.0020481
0.0033032
-0.005464
-0.0027728
0.0026284
0.0007387
-0.011141
-0.00851
-0.00094006
-0.0036712
8.6071e-05
-0.0034268
-0.00097237
-8.4312e-05
0.0018807
0.00027765
0.00023529
0.0039214
-0.0036935
0.00079203
-0.00079002
-0.0027498
-0.0012058
-0.0011434
0.00059058
-9.8087e-05
0.00095208
0.0022012
-0.00073518
0.0019539
0.0055783
-0.0038207
-0.0018168
0.0010228
0.00033378
-0.0014081
-0.0012795
0.0023409
0.0026777
-0.0018931
-0.0016602
0.0015151
0.0022217
-0.0012959
0.0024065
0.0020578
-0.010697
-0.00863
0.00023121
-0.0014445
0.0015579
-0.00058068
0.0021803
-0.00066775
0.0015423
0.0010861
-0.0038051
0.0026773
0.0023193
-0.0019503
-0.00042999
0.00080988
-0.001271
-0.00028134
-0.0014828
-0.00017055
0.0014986
-0.0046526
-0.0020373
0.0011242
-0.0002915
-0.00011044
0.0013858
-0.0011575
0.0016362
-0.0030364
0.0033674
-0.00057128
-0.00011472
-0.0014048
-0.00043234
-0.0013697
-0.00054498
-0.0022627
0.00023522
0.001697
-0.011923
-0.0097138
0.00086991
-0.0039279
-0.0029139
-0.0029854
-0.0037145
-0.002683
-0.0013644
-0.0038394
-0.0039037
0.00014455
-0.003371
-0.0012986
-0.00094897
5.4355e-06
-0.00070528
0.00080191
0.0015574
-0.0021371
0.0007417
-0.0023217
0.00035159
0.00054641
-0.00018161
-0.0022671
-0.0007595
0.002499
0.00065885
-0.0065473
-0.0046855
-0.0039682
-0.0057484
-0.0047617
0.0020947
0.0011631
-0.0073763
-0.0034545
0.0031732
0.0027569
-0.012798
-0.0090276
0.00062876
0.0020231
0.0024333
0.0022965
0.0032798
0.00010667
0.0037992
0.0024763
0.0002719
-0.00067575
1.1141e-05
-0.0011002
-0.0024037
-0.0036029
-0.004029
-0.0022835
-0.0012817
-0.0031171
-0.0017306
-0.0042135
-0.0019566
-0.00082629
-0.0012193
-0.00027741
0.0010436
-0.00041822
-0.00011734
0.0021799
0.0018191
-0.0030738
0.0053491
-0.002715
0.0019053
-9.4086e-05
0.0045978
-0.0034467
0.0010722
0.0023001
-0.013228
-0.0094302
7.7896e-05
-0.0022129
-0.0040779
-0.0047663
-0.0018508
-0.0029553
-0.0051247
-0.0019801
-0.0010639
-0.00072992
-0.00019671
0.00070684
-0.0015842
0.0035763
0.0012787
0.00095163
0.0018329
0.00021827
0.0021558
-0.0036701
0.0028477
0.0027741
-0.0011571
-0.0041691
-0.0033726
-0.0041003
-0.0010792
-0.0026063
-0.00046686
-0.0035133
0.0036559
-0.0062349
-0.00032337
0.0013404
-0.0030844
-0.0026225
0.0031091
0.0022914
-0.012934
-0.0086872
0.00040002
-0.0038265
0.0033954
0.0023393
-0.0017683
-0.00061002
0.00022574
8.0133e-06
-0.0034292
0.00081807
-0.0011099
0.00053919
-0.0011184
-0.0019937
-0.0022085
-0.0014079
0.0015906
-0.0022309
0.00060594
-0.0055135
-0.00079659
-0.0016409
-0.00031322
-0.00089863
0.001083
0.0015122
0.00055787
-0.0028187
-0.0015049
-0.00072215
0.0055805
-0.0037817
0.0023078
0.00021411
-0.0020343
-0.0059082
0.00037311
0.001903
-0.012691
-0.0079591
-8.4956e-05
-0.005607
-0.0033147
-0.0036177
-0.0055486
0.0014272
-0.0015032
-0.00056281
0.00024097
0.00074608
-0.0026227
-0.0010681
-0.00011
-0.0014012
0.002105
-0.0012686
0.00045533
-0.001562
0.002307
-0.00154
-0.0021942
-0.00033979
0.0011494
-0.001549
-0.00036294
-0.0030153
-0.0025448
-0.0024364
-0.0017556
-0.00020825
0.0031064
-0.0059997
0.0019845
-0.0029691
-0.00072874
0.0023515
0.001503
0.0034147
-0.012554
-0.0087761
0.00066724
0.0030792
0.0023511
0.0045593
0.0035365
0.0035307
0.0019677
-0.000458
-0.00029279
-0.0030743
-0.0013607
0.0017712
-0.00023942
-0.0015675
-0.0018277
-0.0012598
-0.0032041
-0.00027348
-0.0010155
-0.0054072
0.0017322
0.0012009
0.00029335
-0.003303
0.0018838
-0.00077535
-0.0010691
-0.00096851
-0.00074756
-0.0044554
0.0021232
-0.0020397
0.0027768
0.00081938
-0.0041767
-0.0056726
0.0028246
0.002041
-0.012128
-0.009779
0.002344
-0.0053342
-0.0055875
-0.0045227
-0.0015672
-0.0059146
-0.0034095
-0.0065461
-0.0015909
0.00032181
-0.0022293
-0.0027547
0.00060614
-0.00097648
-0.00079417
0.00072474
0.0012569
0.00021672
0.00091704
-0.001668
-0.0023979
0.0011897
0.00076191
0.00011688
-0.0024941
-0.0036648
0.0018823
-0.00084468
-0.0031761
-0.0039066
0.004297
-0.0048728
-3.4514e-05
-0.0024643
0.0003297
0.00399
0.0014779
0.0020553
-0.010369
-0.010155
0.0016108
-0.0019449
0.0027908
0.0042026
0.0020676
0.00036657
0.0020822
0.004311
0.00023913
0.00032766
-0.0020707
0.0015407
-0.0020491
-0.0026767
-0.0027585
-0.0026645
-0.00020634
-0.00084982
-0.00068688
-0.0034098
-0.00063853
0.0010045
0.0012348
-0.0042116
-0.0032745
0.001761
-0.00065904
-0.00063436
0.00036005
-0.00062679
0.0023512
-0.0050457
0.00058456
0.00049831
-0.0069218
-0.004378
0.00028813
0.002201
-0.010133
-0.0093773
0.0033409
-0.0052365
-0.003524
-0.0033866
-0.0065015
-0.0059563
-0.0029969
-0.0043597
-0.0027373
0.0019678
-0.0013562
-0.0011539
0.0019869
0.00046687
0.00068272
-0.00050386
0.0013255
-0.00056225
0.0026904
-0.003569
-0.0040854
0.00040549
-0.0026647
-0.00041109
0.0024421
3.8104e-05
0.0020588
-1.4747e-06
-0.0034158
-0.0047268
0.0028967
-0.0012177
0.0010598
-0.002688
0.0021044
0.0012703
0.00060338
0.0012335
-0.009454
-0.0090615
0.0015783
0.0002024
0.0021425
0.001482
0.0057567
0.0016775
0.0034728
0.0011713
0.0016357
1.5779e-05
0.002049
-0.0021281
-0.0020799
-0.00023376
0.00033822
-0.00018363
-0.0021453
-0.0036849
-0.0035209
-0.0040278
-0.0013423
-0.0022269
0.00037835
0.00052438
-0.0014625
0.0011921
-0.0065733
0.0012234
0.00044331
-0.0022366
0.0038591
-0.003231
-0.0033516
0.0024159
-0.00027411
-0.0022244
0.001322
0.00047933
-0.0096745
-0.0082442
0.0024177
-0.00015609
-0.0050739
-0.0038811
-0.0044629
-0.0041061
-0.0062891
-0.0041665
0.0034185
-0.0021863
-0.0023572
-0.0013661
-0.0013543
-0.0020538
-0.0029107
0.0018937
0.00097279
0.0026351
0.0024574
0.0041296
0.0028671
0.00041566
0.0023135
-0.00016828
-0.0020325
0.0018007
0.0027318
-0.0057056
-0.0017512
-0.0032277
0.0015396
-0.0043267
0.00097365
-0.00056472
-0.00090509
-0.0023677
-0.00042393
0.00015288
-0.010252
-0.0075426
-0.00019879
-0.0020507
0.0042276
0.001493
0.0028673
0.001414
0.005345
-0.001574
-0.0031761
0.00085649
-0.00010138
0.0010517
-0.00088108
0.0015393
0.0013387
-0.0043563
-0.0019882
-0.0016897
-0.003155
-0.0059741
-0.0038491
0.0014312
-0.0013033
-0.0011584
-0.00072698
-0.00072357
-0.0058688
0.0012665
-0.0023504
-0.0043225
0.0020703
-0.0039755
0.0018925
-0.00069898
-0.00059808
-0.00073006
0.00068563
0.0012598
-0.010991
-0.0076569
0.00038741
-0.005179
-0.0032945
-0.0015368
-0.0025819
-0.0012669
-0.0029564
-0.0056113
-0.0024188
0.0014031
-0.00063781
-0.0014226
-0.0012812
0.0017898
-0.0029166
-0.0027016
0.0020298
-0.0023711
-0.0027921
-0.0010809
0.0040135
0.0013627
-0.0030034
-0.00066968
-0.00039739
-0.0013189
0.0030729
-0.0038178
-0.0045717
0.0008075
0.0031884
-0.00090685
0.0010735
2.175e-05
-0.00080517
-0.00063226
0.00027388
0.0018559
-0.010096
-0.0070296
0.00027231
0.00096238
-0.00097916
-0.0014261
0.000367
-0.00038967
0.00066056
-0.00079966
-0.0012511
-0.0010724
-0.0024571
0.00048733
-0.0032861
-0.0023181
-0.00039927
-0.0017734
0.001192
0.0021308
0.002528
-0.0034391
-0.0024049
-0.00021608
-0.00031238
-0.00045604
-0.0034884
-0.00049885
-0.0020323
0.00031215
0.0020994
-0.0010048
0.0036095
-0.0029584
-0.001603
-0.00028262
-0.00032004
-0.00261
0.0012521
0.0017918
-0.010346
-0.0064782
-0.0018302
-0.0016595
6.7751e-05
-0.0016547
-0.0012805
-0.0026697
-0.0023461
0.002612
-0.0029992
-0.0054546
-0.00095528
0.00057557
-0.0012262
-0.0004464
0.0010226
-0.0018191
0.00041293
-0.0026099
0.00039397
-0.0020153
-5.1814e-05
0.00054598
-0.0019072
-0.0023702
-0.0027923
0.00014148
0.001791
-0.00085624
-0.0038597
-0.0016895
-0.005408
-0.0026999
-0.0007093
-0.0012922
-0.0012534
-0.0022253
0.0015801
9.1596e-05
-0.010215
-0.0074465
0.00091505
2.1128e-06
0.00084588
0.00087449
0.00052602
-0.00050662
-0.00016117
-0.00057007
0.0027214
0.002664
-0.0017943
-0.0030292
-0.0023408
0.0010897
0.00047569
-0.001759
-0.0010202
-0.0038946
-0.00021148
-0.006199
-0.0022378
-0.00083158
-0.00045371
0.00044265
0.00018544
0.00064346
-0.001059
-0.00069865
-0.0008204
5.9114e-05
0.0040975
-0.00080393
-0.00071833
-0.00091993
-0.00010307
-0.00030938
0.0008068
0.0015871
-0.010764
-0.0075257
0.00030759
-0.00089788
-0.00060421
-0.00053196
-0.00077455
-0.00086501
-0.00071684
-0.0010699
-0.0020154
-6.6914e-05
0.002289
0.0014623
-0.0012154
-0.0045452
-0.004667
-0.0014243
-0.00047718
-0.0036508
-0.0010513
-0.00076301
0.0012766
0.0012618
-0.00055892
-0.0014022
-0.00012395
0.00039673
-4.0874e-06
-0.0034293
-0.0029918
-0.0027326
0.0016564
-0.0015589
-0.00081576
-0.00049436
-0.00096921
-0.0013801
-0.00014305
0.001592
-0.010609
-0.0074467
0.00026766
-0.00082465
0.00039132
-0.001621
-0.0001784
-0.00053558
-0.00074318
-0.00030081
-0.00047499
-0.001849
-0.0014679
0.00081817
0.00052841
-0.00038978
0.00042619
-6.1341e-05
0.00032148
8.1557e-06
-0.00039349
-0.0024923
0.00054884
-0.00115
-0.0012088
-0.00097818
-0.0011165
-0.0017423
-0.00069954
0.00023459
0.0008805
-0.0017709
0.0035481
0.00096791
0.00052127
0.00077562
0.0010498
0.0006529
0.0017146
0.002686
-0.011202
-0.0063994
0.0008618
-0.00059909
0.00051066
-0.00068492
0.0015797
-9.7585e-05
-6.3305e-05
0.00040677
0.00046887
0.00071539
-4.3795e-05
-0.00036301
0.0016278
0.0016976
0.0022106
0.0017617
0.0021847
0.0013808
0.00061877
-0.00029396
0.0020897
-0.00047886
0.0016198
0.0015445
0.0024555
0.0012149
0.0023549
0.0021242
0.0001094
-0.0002418
0.00054573
0.0011582
-0.00015385
-0.00031816
0.00088743
0.00017312
0.00065334
0.0033409
-0.0089032
-0.012342
-0.0070426
-0.0083959
-0.0091375
-0.008925
-0.0099889
-0.010043
-0.0098403
-0.010032
-0.0098714
-0.010137
-0.01054
-0.011391
-0.011548
-0.011809
-0.013201
-0.013311
-0.012394
-0.012681
-0.010847
-0.012046
-0.012623
-0.012904
-0.013052
-0.013782
-0.013975
-0.013326
-0.013235
-0.013156
-0.012423
-0.012233
-0.013538
-0.013178
-0.012995
-0.012645
-0.012606
-0.013432
-0.013238
-0.010246
-0.018711
