-0.35136
0.032302
0.0072052
-0.019355
-0.055764
0.079739
0.014277
-0.018798
-0.041147
0.0024801
0.046151
0.044533
-0.00066627
0.029406
-0.016004
0.066571
-0.011663
0.023821
0.015424
0.00072094
0.01353
0.015339
0.05948
-0.034435
0.021387
-0.0071201
0.052185
-0.0057884
0.0014907
0.079954
0.051694
-0.00038596
-0.059755
0.041237
0.060622
0.047289
-0.020884
-0.00073324
0.060746
0.020621
0.052441
-0.094809
0.061143
0.0051236
0.080923
-0.01967
-0.0025439
0.051593
0.04611
0.078008
-0.11951
0.063166
0.017317
0.10546
-0.01932
0.0098012
0.10573
0.080027
0.085568
-0.14308
0.05284
0.0071333
0.13381
0.034587
0.023792
0.096104
-0.0054577
0.06992
-0.048183
0.069514
-0.071357
0.11811
0.014961
0.021178
0.12329
0.025712
0.068664
-0.083513
0.11289
-0.054045
0.11619
-0.0080075
