1.2522
-0.017481
-0.0099608
-0.0087543
-0.0097809
-0.0089638
-0.0087582
-0.007744
-0.0059206
-0.0084965
-0.0081866
-0.007611
-0.008513
-0.0073425
-0.0078988
-0.0079478
-0.0064429
-0.008197
-0.0063495
-0.0060394
-0.0067017
-0.0071218
-0.006395
-0.0060193
-0.011039
-0.007981
-0.0093577
-0.0079795
-0.0093787
-0.0077067
-0.0081639
-0.0054339
-0.0038386
-0.0029527
-0.0027298
-0.0038234
7.0944e-05
-0.00063363
-0.0024297
-0.00074052
-0.0014771
-0.01248
0.0013334
0.0015171
0.0020669
0.0018167
9.176e-05
-0.0021395
-0.0022733
0.00061682
-0.0013119
-0.0016701
-0.0020119
-0.0011138
-0.0020527
-0.0023877
-0.001525
0.00048424
0.0011592
-0.0002557
5.692e-05
-0.0016605
-0.0006322
0.0011037
-0.00034744
-0.0010446
-0.0031268
0.00090049
0.0015212
0.0014379
-0.0017506
0.0026834
0.00037401
-0.0017801
-0.0016548
-0.0021838
0.00055075
-0.003218
-0.0013302
-0.0041619
-0.0079702
-0.011154
-0.0041552
-0.0047259
-0.0026557
-0.0023962
-0.001418
-0.00026233
-0.0045815
-0.00029953
0.00042897
-0.0053207
-0.0012839
0.0013259
0.00079525
-0.0010096
-0.00077406
0.00086964
-0.00039752
-0.0037673
-0.0020964
-0.0040707
0.00043366
-0.0016529
-0.0016226
-0.0011113
-0.0019317
-1.3472e-05
-0.0023749
-0.0027767
-0.0040756
-0.0039287
-0.0024717
-0.0041939
-0.0001276
-0.0029278
-0.00089251
-0.0021337
-0.0015836
-0.0053874
-0.0023417
-0.011704
-0.0016631
0.001418
5.0975e-05
0.0027235
0.00028804
-0.0031957
-0.0018181
-0.0013006
0.00042186
0.00076232
0.0020281
-0.0037855
-0.00019306
-0.00056686
-9.6498e-06
-0.0014029
0.00078871
-0.0022344
0.0012624
-0.0015938
-0.00094518
-0.00078372
-0.0005689
-0.00034903
-0.002226
-0.00012029
2.791e-05
-0.0010256
-0.0020207
-0.00062585
-0.00056623
-0.0021823
-0.00050686
-0.0014246
0.00024891
-0.00086138
-0.0010579
-0.0035323
-0.0024342
-0.011932
-0.0023819
-6.4245e-05
0.00018693
-0.0030063
-0.0057747
0.00090375
-0.0045833
-0.0018648
-0.00079901
-0.00068253
-0.00080808
-0.0021878
-0.0032035
-0.0019297
-0.0039862
-0.0029382
-5.732e-05
-0.0014603
-0.0040632
-0.0034941
0.0011588
-0.0016544
-0.0026449
-0.0015003
-0.0023669
-0.0049761
-0.00059356
0.0007531
0.00093434
0.0025437
-0.0026044
-0.0036961
7.6326e-05
-0.0033426
-0.00011381
-0.0020025
-0.00114
-0.0036421
-0.0020669
-0.011705
-0.0036299
-0.0026431
0.0007434
-0.0045019
0.0057864
-0.0015369
-0.0028051
0.003328
-0.0027976
-0.0039171
-0.0019562
-0.00040923
-0.00049755
-0.0021767
-0.0029804
0.00015548
0.00051337
-0.0031056
-0.002293
-0.0004046
7.4573e-05
-0.0025567
0.00039444
-0.00037318
0.0022102
0.00076393
0.0032068
-0.001894
-0.0039322
0.00072029
0.0013251
-0.00124
0.0029904
-0.003521
-0.00081412
-0.00090341
-0.0010969
-0.004321
-0.00046373
-0.01194
-0.0012849
-0.0004299
-0.00202
0.0011288
-0.0034904
-0.00072413
-0.0023588
-0.0021794
7.4448e-05
-0.0020744
0.0011255
-0.00094522
0.00019888
0.0012583
0.0010041
-0.0011104
0.00049911
-0.0027289
0.0012916
-0.0029505
-0.0013859
-0.0031059
-0.0044601
-0.0025799
-0.0020226
-0.00031407
-0.0023245
-0.0043066
-0.0025482
-0.00052654
0.00044315
-0.0046922
4.4619e-06
-0.0040931
0.00030483
-0.0014838
0.00034888
-0.00592
-0.0018552
-0.012367
-0.0027157
0.00045342
0.0039193
-0.0024285
0.00069829
-0.00025987
0.0011949
-0.0005974
-0.00052802
-0.0010514
-0.00013435
3.1812e-05
-0.00038751
0.0014757
-1.0662e-05
-0.0014236
-0.00033366
-0.002066
0.0012593
0.00019532
-0.00013762
0.0022017
-0.00083639
-0.0010667
-0.0027712
-0.001713
-0.0010364
0.0011424
-0.00022025
-0.00070831
7.1217e-05
-0.0029734
0.0011108
-0.0022743
-0.00063
0.0011312
-0.0026968
-0.0034519
-0.0032465
-0.011772
-6.3608e-06
0.00010783
-0.0049793
-0.004338
0.0012477
-0.0033178
-0.003639
-0.00065657
-0.0014867
-0.0015802
0.0027492
-0.0036469
-0.0024339
-0.0017655
-0.0027234
-0.0027074
0.00049539
-0.0021804
0.00028808
-0.0017859
-0.00046617
-0.0014372
-0.0022968
-0.0016606
0.00060128
0.0037455
0.00096516
0.0013895
-0.0053635
-0.00057118
-0.00065401
-0.0014271
0.00078987
-0.0020232
-0.0032796
0.0012206
-0.00012102
-0.0042434
-0.0034594
-0.010149
-0.0049863
-0.0021931
0.00095787
-0.0019312
-0.0043216
0.00085385
-0.00073853
-0.0011863
-0.00070655
-0.0002006
-0.0010002
0.0013069
0.00032421
0.0016735
0.00015007
-0.0026452
0.0032177
-0.0038249
0.0003677
-0.00094165
0.002289
0.00010179
0.00016965
-0.0034316
0.00048548
-0.0020239
-0.00083909
0.0020055
-0.0015833
-0.0027615
-0.00011575
0.0011557
0.0013022
-0.0014483
-0.00087216
-0.001694
0.0035488
-0.0051497
-0.0035665
-0.011947
-0.0010302
-0.00047038
0.0031331
-0.0018287
0.00085814
0.0019079
-0.0038739
0.00075227
-0.0027333
-0.0009888
-0.0021363
-0.0038524
-0.0041082
-0.0045791
0.0011374
-0.00039012
0.00063926
-0.0016604
0.0002683
0.0018176
1.587e-05
-0.0022219
-0.0035732
-0.00027909
0.0016085
-0.002322
-0.0045653
0.00089655
-0.001485
-0.0026518
-0.0044198
-0.0044733
0.00041893
-0.0032418
-0.00043917
-0.00076119
-0.00058352
-0.0077571
-0.0014765
-0.010921
-0.0045079
-0.0029201
-0.00017924
-0.004176
-0.001822
-0.0019125
-0.002802
0.00070289
-0.0014762
0.00041994
-0.001664
0.00066505
-0.00038821
0.00091573
0.00020197
-0.0048332
-0.0037338
-0.0022334
-0.0014249
-0.003582
-0.0026743
-0.0027203
-6.9019e-05
-0.0047488
-0.00018073
0.0012018
-6.3844e-05
-0.00043516
-0.0012707
0.0021083
-0.0017486
-0.001911
-0.00091091
-0.0058254
-0.0020258
-0.0015057
-0.001711
-0.0064476
-0.0014607
-0.010112
-0.0041102
0.00011724
0.0015509
-0.0022852
0.0031981
-0.0046029
-0.0019312
0.00086186
-0.0022706
-0.0016042
-0.0010158
-0.0040947
-0.00128
0.00089988
-0.00024576
-0.00041548
0.00082193
-0.0012736
-0.0018727
-0.0023854
0.0024652
-0.00033449
-0.0027001
0.00078223
-0.0032797
-0.0017883
0.00053242
0.0029905
-0.001213
0.0018959
0.0026799
-0.0027852
0.0025542
0.00041785
-0.00291
0.00082755
0.002019
-0.0081268
-0.0022972
-0.010215
-0.0046247
1.6457e-05
-0.0050519
-0.0016872
0.0025222
0.0022387
-0.00010137
0.0012619
-0.0052236
0.00044509
-0.00039984
0.0008363
0.0019244
-0.0018769
-0.0016629
-0.0022886
-0.006034
-0.0030327
-0.00131
-0.0042489
-0.0039825
-0.0056452
0.00072288
-0.001754
0.00034895
-0.0017365
-0.003902
0.0001538
-0.0033557
-0.0067324
0.0021456
-0.0031538
-0.0044097
0.0053817
-0.00021105
-0.00063471
0.001647
-0.0072355
-0.0030144
-0.012381
-0.0022533
0.0034098
-0.0012127
-0.003121
-0.002423
-0.001673
-0.001633
-0.0026243
-0.00048646
-0.00013264
-9.275e-07
-0.0029933
0.00030313
-0.00019412
0.0050478
-0.0030525
0.0014539
0.0050991
0.0023619
0.0013646
0.0036117
-0.00022089
-0.00095036
0.001693
0.0019469
-0.0018376
-0.0023684
0.0023887
0.003297
-0.0019455
0.0023167
-0.0011457
-0.0053187
0.0022234
-0.003243
-0.0022515
0.0023074
-0.0072139
-0.0029232
-0.0101
0.00036666
-0.0025757
0.0013271
-0.0037761
0.0029793
-0.00091122
-0.0017196
-0.00033777
-0.0029385
-0.00099369
-0.0036796
-0.0014929
-0.0033829
-0.0011091
-0.0015949
-0.0033301
-0.0020229
-0.0011158
0.00080376
-0.0017234
0.0015989
-0.00057069
-0.0019967
-0.0039717
-0.00063026
-0.00086825
-0.001828
-0.0022626
-0.0026328
-0.0043271
-0.0014782
-0.001583
-0.00063864
0.0040218
-0.001075
-0.0021062
0.00086429
-0.0070238
-0.0030578
-0.011899
-0.0011868
-0.0011181
0.00013175
-0.0035031
0.0015114
-0.0028364
-0.0031026
0.0034716
-0.0020681
0.0015012
0.00064733
-0.0014266
0.00027384
-0.0022312
-0.0020553
0.0010417
-0.002832
0.0013669
-0.0020034
-0.0052173
0.0037239
-0.0048385
-0.00050178
-0.0026528
0.00069572
0.0023764
-0.0021815
-0.0011286
0.0022673
0.0042779
-0.0011715
-0.00015728
-0.000149
-0.0010052
-0.0045296
0.0024895
0.003549
-0.0082876
-0.0029816
-0.011379
-0.0031466
-0.0034299
0.0010467
-0.0035384
-0.002629
-0.0020963
0.0020617
-0.0029498
-0.0029588
0.00055852
-0.00072478
-0.0025759
-0.00041922
-0.0025122
-0.0009055
-0.0036657
-0.002319
-0.0022326
-0.001902
-0.0050089
0.0026559
-0.00082448
-0.0015554
-0.0024105
-0.0028543
-0.0013463
-0.004212
0.00027758
-0.0049906
-0.0011724
0.00016871
-0.0028485
-0.0036717
0.00057838
-0.0034858
0.0024945
0.001648
-0.0065202
-0.0031166
-0.011848
-0.0015032
0.0010683
0.00084173
-0.0025932
-0.0012737
-0.0017179
-0.0010213
-0.0004339
-0.0018327
-2.0177e-05
-0.0011821
-0.0013051
-0.0034811
0.0005069
6.1042e-05
-0.0032327
-0.0016481
-0.00075782
-0.0007277
-0.0012478
-0.0024755
-0.0020278
0.0018467
-0.0011913
-0.00089736
0.0040063
-0.00065228
0.00044398
-0.00026332
-0.0017657
-0.0035907
0.0015258
-0.0014399
0.00063507
-0.0002838
-0.0033687
0.0006226
-0.0065233
-0.0029548
-0.012719
-0.0021649
-0.0020827
-0.003246
-0.00014842
-0.00031901
-0.0017119
-0.00030383
-0.0017819
-0.00077499
0.0023282
-0.0029867
-0.0022957
0.002691
-0.0019844
0.0022027
-0.00023429
-0.0028074
0.0009394
0.0026754
-0.0032585
0.0010827
-0.001682
-0.0029718
0.00077057
-0.0030812
-0.0009597
-0.0022013
-0.00033725
0.0030159
-0.0028823
-0.0025979
-0.0035742
-0.0028182
0.0011782
1.8121e-06
-0.0023964
0.0052241
-0.0069713
-0.0033647
-0.012246
-0.0033252
9.0295e-05
0.0048267
-0.0030228
0.00086257
-0.0023508
-0.0010659
-0.0014427
-0.00014715
0.0003514
0.0010489
-0.00036635
0.00057751
-0.00053207
0.0023725
-0.0037128
-0.00089657
-0.0021421
-0.002108
-0.0021209
-0.00099152
-0.00060192
-0.0025162
0.0011505
-0.003247
0.0021669
-0.0031146
-0.0017267
0.0011925
-0.00011624
0.00056644
-0.0027827
-0.00033729
-0.0055968
0.0018944
-0.0043519
-0.0019263
-0.0064716
-0.0012353
-0.01212
-0.0012569
-0.0030333
-0.0010819
-0.0024867
-5.0646e-05
-0.003297
0.00038552
-0.0027212
-0.0045543
0.00042173
-0.0023813
-0.0020497
-0.0022477
2.4785e-05
-0.0012653
-0.00065609
5.9197e-06
0.0043279
0.0014555
-0.0019852
0.00085899
-0.00017369
-0.0039131
0.00057373
-0.00082724
0.0011828
0.0020249
-0.0022733
-0.0038514
-0.0032958
-0.0053841
-0.00044197
0.00096859
0.0009267
0.004628
0.00053184
0.0024802
-0.0082183
-0.0037551
-0.012306
-0.0027146
0.002434
-0.0009201
-0.0038356
-0.0013429
-0.00028583
0.00067434
-0.001435
-0.00069636
-0.0028724
-0.00021649
-0.0023394
-0.0020223
-0.0013808
-0.00011993
-0.0037957
-0.0054271
-0.0028734
-0.0018355
-0.00039508
0.003231
-0.00085325
0.0010966
-0.0026021
0.00044469
-0.0015073
0.00025842
-0.0040672
0.0060809
-0.0044873
-0.00077841
-0.00075695
-0.0019267
-0.0012326
-0.0051249
-0.0010411
0.0011387
-0.007233
-0.0035445
-0.012282
-0.0023804
-0.0021388
-0.0001148
0.0011486
0.00082906
-0.0019142
-0.00086061
0.0010887
0.0005098
0.003602
0.0029129
0.0023955
0.0031824
-0.0024068
0.00060895
-0.00067582
-0.0013083
0.0021369
0.00032262
-0.0055694
-0.0012862
-0.0066966
0.001892
-0.0017894
0.00020668
-0.0011776
-0.00024681
-0.0049713
0.0019317
-0.0086489
0.0043712
-0.00527
-0.00099916
-0.0023001
0.003218
-0.0011957
-0.00090656
-0.006519
-0.0061551
-0.010901
-0.002593
0.0016635
-0.0040478
-0.0034771
-0.0014627
-0.0028353
-0.0035457
-0.00073174
-0.0044314
-0.0012753
-0.0045961
-0.0019798
-0.0026566
-0.0025266
-0.00064421
-0.0014606
-0.0061417
0.00036687
0.0010057
-9.5296e-05
0.0012363
-0.0019444
-0.0017314
-0.0012136
-0.0029678
0.0036621
0.00014685
-1.7146e-05
0.0014805
0.0029918
0.0017599
-0.0017313
-0.0029074
0.00071918
0.00055748
-0.0031584
0.003873
-0.0040082
-0.0055801
-0.011539
-0.0055804
0.0033318
-0.0010596
0.0001316
-0.00061713
-0.002881
0.0015556
-0.0014266
-0.0013534
7.636e-05
-0.0029239
-0.00039572
-0.00087386
-0.0017212
-0.00048662
-0.0019207
0.00040251
-0.00057293
-8.9153e-05
-0.0002434
-0.00061889
-0.0008297
-0.00093002
-0.0032947
0.00086854
-0.0005157
-0.0054594
-0.00033538
-0.0030844
-0.0060834
-0.0025233
0.0019557
0.00013086
-0.0050362
-0.00202
-0.0031604
-0.0020993
-0.003663
-0.0045645
-0.011521
-0.0058168
0.0024167
0.0024389
-0.0013166
-0.0012605
0.00099716
0.00046444
-0.0042424
-0.0043757
0.001447
-0.0012551
-0.0023538
-0.0010468
-0.0022422
-0.00080107
-0.003461
-0.0018988
-0.0023573
0.0014853
-0.0059876
-0.003764
-0.0011573
-0.0024404
-0.0029517
-0.0023282
-0.00072614
-0.0022792
0.0010518
-0.00070358
-0.0014416
0.0014186
-0.0021611
-0.0009664
-0.0002241
0.0022914
0.0021807
0.00042992
-0.0057246
-0.0037869
-0.011892
-0.0036229
0.00038036
0.00028721
-0.005364
-0.0010371
-0.0038604
-0.0011091
0.0030732
-0.00089607
-0.00052645
-0.00074139
-0.00026121
-0.00059027
0.00011166
0.00040581
0.00010085
-0.0026138
-0.00048344
0.003883
-0.0013055
0.0017562
0.0018843
-0.0027496
0.00031205
0.0012839
-0.0012027
8.777e-05
-0.0001997
0.00089605
-0.001512
-0.0016715
0.002338
0.0024368
-0.00041667
-0.00065841
-0.0052051
-0.0046452
-0.0069434
-0.0029364
-0.010489
-0.0043014
-0.0019621
0.0039112
-0.0022979
-0.00048112
-0.0023187
-0.00040596
-0.0023404
-0.0021005
-0.00053198
-0.0036341
0.0024591
-0.0015914
-0.00023919
0.00025843
-8.1169e-05
-0.0014054
-5.0285e-05
-0.00027144
-0.0023639
0.00077334
-0.0032677
-0.0019191
-0.0037086
-0.004257
0.0016672
-0.0017626
-0.0015744
-0.0010862
-0.0078905
-0.0014379
-0.0007057
-0.00066706
-0.00027233
-0.0056834
0.0017448
0.0019755
-0.0042003
-0.0018787
-0.012285
-0.0046779
-0.00081383
0.00016094
-0.0036013
-0.0024069
-0.00034036
-0.00068076
-0.00024447
-0.0040421
0.0024299
-0.0029608
0.0024053
-0.00041002
-0.0014204
-0.00011382
-0.0040483
-0.0018983
0.00032211
0.0012078
-2.7633e-05
-0.0025473
0.00097122
0.0010004
-0.0022877
-2.4757e-05
0.0020191
-0.0027148
0.00039171
0.0031388
0.0038061
-0.00069033
0.00026157
-0.0031296
-0.0023941
-0.0032265
-0.00010772
-0.001828
-0.0090817
-0.00058965
-0.010913
-0.0025217
-0.00015293
0.00053667
-0.00057264
-0.00094159
-0.0022296
-0.00031015
0.0026985
-0.0036776
0.0026484
-0.0032255
-0.0023044
0.0011685
-0.0026425
-0.0030816
0.00026764
-0.0014766
-0.0025152
0.00060539
0.001809
-0.0022968
0.0020405
0.00058951
-0.001459
0.0012978
-0.00025259
0.0018169
-0.0050667
-0.0054396
-0.0026928
-0.0026592
-0.001093
0.00079134
0.00019942
-0.0014582
0.0017703
-0.0019019
-0.005151
-0.0032002
-0.011434
-0.0037763
0.001299
0.0010481
-0.0021149
0.00079711
-0.00010425
-0.0022294
0.0015226
-0.0031165
0.0022224
-0.0039382
0.00097662
-0.0033736
-0.0037419
0.0025511
0.00050235
-0.0026132
-0.0023383
-0.0045903
-0.0022166
-0.00032405
-0.0028165
-0.00054899
-0.0019988
0.00067783
-0.0039735
0.00079516
-0.0046256
-0.00092051
0.0042533
-0.00026783
-0.0050056
0.0046426
-0.0018401
-0.0016495
0.00065889
-0.00048934
-0.0054594
-0.0028916
-0.012517
-0.0016393
-0.0038991
0.00035506
-0.0028357
-0.0017198
-0.0026712
-0.0031551
-0.001958
-0.0022658
-0.0089014
-0.0019336
-0.0019626
0.00087774
-0.00027368
-0.00024787
0.00048763
0.0021909
-0.00058399
-0.0020061
0.0018388
0.0006447
-0.0032111
-0.00050535
-0.0048652
-0.00087602
-0.0017316
0.0020235
-0.00036527
-0.00095958
0.002755
-0.0027939
-0.0019559
0.0033724
-0.0046504
0.00058541
-0.00078403
-0.0015327
-0.0091854
-0.0047796
-0.011268
-0.0031043
-0.00091853
-0.00048235
-0.0016549
-0.001356
-0.0008295
0.0019933
-0.0015926
0.00010199
0.0029311
3.6915e-05
-0.0006772
-0.00017172
-0.0025657
-0.00022885
-0.0011954
-0.0017382
-0.0016172
-0.00070142
-0.0029622
-0.0003618
-0.0053919
0.0021634
0.0022295
0.0015143
-0.0015203
0.0012085
-0.0034684
-0.0029691
-0.0035684
-0.0025152
-0.00021722
-0.0013014
-0.0046467
2.6013e-05
0.0006055
0.0006875
-0.0048381
-0.0031703
-0.012986
-0.00012099
0.00092493
-0.0029994
-0.0022668
-0.00010477
-0.00034301
-0.00052836
0.0015621
-0.0013348
0.0019818
-0.0035459
0.00088573
-0.00071394
-0.0024518
-0.00041804
-0.0021023
-0.0012444
-0.0022526
-0.00026654
-0.0035143
-0.00095649
-0.00035858
-0.00097915
-0.003145
0.0025075
-0.0027866
-0.0001683
-0.0028408
-0.0013296
-2.5488e-05
0.00014711
0.00064625
0.00030157
-0.00068396
0.0013634
0.00099835
-0.0018899
-0.0048829
-0.0047967
-0.011777
-0.0023451
0.00020634
0.0010645
-0.0036258
-0.0035044
-0.00078974
-0.0031678
-0.0036655
-0.001822
-0.00025368
-0.0019721
-0.001566
-0.0029441
-0.0044188
-0.0024582
-0.0030788
0.00039913
-0.0017563
-9.9145e-05
-0.0009358
-0.0025736
0.0030078
-0.0023433
-0.0036284
0.0011942
-0.0054964
-0.0024237
-0.00026348
-4.0784e-05
-0.0014133
-0.0014062
-0.0021486
0.00067925
-0.0019631
-0.0002455
-0.0019668
-0.00046894
-0.0031606
-0.0061226
-0.012786
0.0013526
0.00028154
-0.00049749
0.0021728
0.00059661
0.001819
0.00081556
0.0011105
0.0025121
-0.0015046
0.00061578
-0.00070804
0.0025405
0.0017869
0.0020769
0.0001652
-0.0017479
0.0018025
0.00020873
0.0011363
-0.0017883
0.00080002
0.0029336
-0.00094448
0.00078168
0.0015941
-9.0993e-05
-0.0018297
-0.0025102
0.00069847
-0.0017697
0.0016078
-0.0016687
0.00063692
-0.0018758
0.00051566
-0.00063958
-0.0046389
-0.0050722
-0.01215
-0.0043015
-0.0021067
-0.0016713
-0.0019815
-0.002066
-0.000564
-0.0021777
-0.00052717
-0.0023482
-0.0019469
-0.00082471
-0.0023953
-0.00072306
-0.001479
-0.00017214
-0.0014091
-0.0017787
-0.00079095
-0.00095792
-0.0023346
-0.00015418
-0.0041204
-0.0017214
-0.0033175
0.00058988
0.0018571
-0.0013667
-0.00014207
0.00044477
-0.0010171
-0.0015539
-0.0017007
-0.00073304
-0.0028321
-0.00043084
-0.0026344
-0.0014317
-0.0039904
-0.0026648
-0.011827
-0.0017478
-0.00032009
-0.0016311
-0.0012336
-0.0020226
-0.00062027
-0.0021031
-0.00065194
-0.0023953
-1.4575e-05
-0.0024541
-0.0011605
-0.0028019
-0.0019779
0.00080396
-0.00065737
-0.0011451
-0.00078256
-0.00080192
-0.0016889
-0.00016879
0.00071657
0.0017718
-0.0017857
-0.0014145
-0.0016367
-0.0017277
0.00081552
-0.0042782
-0.0039056
-0.0043299
-0.0029676
-0.0030897
-0.0014743
-0.0031441
-0.0025683
0.00071739
-0.005862
-0.006766
-0.01317
-0.0078668
-0.0056175
-0.0062909
-0.006276
-0.0068528
-0.00684
-0.0061103
-0.0063988
-0.0068392
-0.0060079
-0.0057368
-0.0057882
-0.0057516
-0.0067304
-0.0082045
-0.0077185
-0.0064471
-0.0074402
-0.007692
-0.0077253
-0.0083797
-0.0066239
-0.008073
-0.0073206
-0.0055976
-0.0054422
-0.005407
-0.0054238
-0.0014749
-0.0029012
-0.0022449
-0.0021057
-0.0015235
-0.0013427
-0.00087104
-0.0011539
0.00014101
-0.003037
-0.0040322
