2.5197
0.00010527
0.0025034
0.0031388
0.0035038
0.0038661
0.0044779
0.0053249
0.0063727
0.0053799
0.0046116
0.0055901
0.0051544
0.0056921
0.0057901
0.0060391
0.0055479
0.0061513
0.007002
0.0056403
0.005655
0.0038018
0.0042214
0.0032674
0.0036597
0.0039732
0.0034298
0.0029416
0.0023348
0.0022881
0.0024069
0.0033671
0.004407
0.0039665
0.0061027
0.0035866
0.0054725
0.0045233
0.0056904
0.0018221
0.00030939
-0.0082287
-0.0068609
-0.0077061
-0.0096404
-0.0084642
-0.010328
-0.0086264
-0.0066923
-0.0064884
-0.0066249
-0.0073699
-0.0067664
-0.0073762
-0.0088353
-0.0093832
-0.0088932
-0.0086655
-0.0096239
-0.0077319
-0.0080277
-0.0080846
-0.0061847
-0.0062559
-0.0068029
-0.008608
-0.0072687
-0.0057335
-0.0084508
-0.0072854
-0.0017249
-0.011344
-0.0049452
-0.0063989
-0.0054393
-0.0096087
-0.0096956
-0.0080255
-0.008193
-0.0072693
-0.0062634
-0.008555
-0.0038235
-0.0033202
0.00044908
0.0020929
-0.0026527
-0.0032597
-0.0019895
-0.0034423
-0.0032257
-0.0039897
-0.0049035
-0.0005666
-0.0032461
0.0006939
-0.001801
-0.0043334
-0.0026015
-0.00137
-0.00073822
-0.0038772
-0.003553
-0.003011
-0.0023921
-0.0040108
-0.0015148
-0.0046116
0.00030717
-0.0016115
-0.0028371
-0.0066391
-0.00023797
0.000814
0.0019745
-0.00091162
-0.0013426
0.00014134
-0.00071727
-0.0054534
-0.0064316
-0.010883
-0.0014832
-0.0020683
-0.0014884
-0.0018795
-0.0029759
-0.0044313
-0.0010354
-0.0014936
-0.00043015
-0.0007301
-0.0011651
0.0010573
-0.0018984
-0.0039686
-0.00015195
-0.0027212
-0.0033688
-0.0062519
-0.0029016
-0.0026733
-0.0023497
-0.003603
-0.0032846
-0.0046867
-0.0040652
-0.003763
-0.0014789
-0.0028525
-0.0049683
-0.0037254
-0.0034033
-0.0061441
-0.00024414
-0.0077524
0.0019029
-0.0014087
-0.0010809
-0.0046698
-0.0083511
-0.011052
-0.0045034
-0.0034876
-0.0029563
-0.0018961
-0.0037177
-0.0062935
-0.0023218
-0.0024533
-0.004076
-0.0045253
-0.0026521
-0.0033598
-0.0040223
-0.0038069
-0.0019526
-0.00010026
-0.00034148
8.4472e-05
-0.0022987
-0.001108
9.1404e-05
0.0027614
-0.0021165
0.0011497
-0.0010384
-0.0010583
-0.002129
-0.0027809
-0.0021853
0.0010832
9.1026e-05
-0.0055231
-0.0026266
-0.0057056
-0.0051694
-0.0063271
-0.0060553
-0.0078546
-0.0067729
-0.0098789
-0.0016564
-0.0029035
-0.00057617
-0.0010143
-0.0038709
-0.0049567
-0.0011758
-0.0022846
-0.0011508
-0.0021133
-0.0032884
-0.00047246
-0.0036866
-0.0071954
-0.003267
-0.0050445
-0.0070646
-0.0016104
-0.0043466
-0.0047282
-0.0065747
-0.0037295
-0.0058911
-0.0026992
-0.0050363
-0.0043745
-0.0033462
-0.00071902
-0.0035356
-0.0051363
-0.00087613
-0.0038322
-0.0028644
-0.006063
-0.00047303
0.0040868
-0.0040819
-0.0062256
-0.0079802
-0.011412
-0.0054796
-0.0015493
-0.0027847
-0.0027531
-0.0019429
-0.0067118
-0.0028418
-0.00082568
-0.0010125
-0.004334
-0.0065087
-0.0040438
-0.0032489
-0.0030126
-0.00071933
-0.0019981
-0.0018807
-0.0040686
-0.0013854
-0.0025888
-0.0026516
-0.0062406
-0.0016694
9.2814e-05
-0.0040059
-0.0065394
-0.00024293
-0.0021992
-0.0060514
-0.0070839
-0.0014792
-0.00019353
-0.00043541
-0.0054299
-0.0026772
-0.0061116
-0.0029169
-0.0060438
-0.0079972
-0.010844
-0.0030683
-0.0033001
-0.0014726
-0.0020521
-0.0015519
-0.0031678
0.0012601
-0.0027692
-0.0048442
-0.002573
-0.006429
-0.00017674
-0.0042968
-0.0059637
2.3865e-05
-0.0052007
-0.00329
-0.002741
-0.0017216
-0.0019733
-0.0015628
-0.00088713
-0.003393
-0.0029181
-0.0012689
-0.0018616
-0.0012312
-0.0047546
-0.003411
-0.0037007
-0.0014918
-0.0051786
-0.0041733
-0.0075659
-0.0016392
0.0013064
-0.0042637
-0.0070905
-0.0077928
-0.011995
-0.0024238
-0.0017372
-0.0046829
-0.0044067
-0.002677
-0.0057532
-0.0049894
-0.0046522
-0.0022472
-0.0037096
-0.0030477
-0.002827
-0.0021919
-0.0042764
-0.00086769
-0.0043671
-0.0036933
-0.0025006
-0.00608
-0.0087009
-0.0013502
-0.0016203
-0.0043528
-0.0027672
-0.004666
0.0029905
-0.0027652
-0.0023194
0.00076171
-0.0021864
-0.0011118
-0.0026707
-0.0015746
-0.0086377
0.0018134
-0.0018785
-0.007537
-0.004781
-0.0078484
-0.011292
-0.0057547
-0.0010501
0.0009758
0.00097393
-0.00040387
-0.0053075
-0.0018513
-0.003801
0.0013479
-0.0060425
-0.0021146
-0.0039146
-0.0015013
-0.0076988
-0.0025255
-0.0024054
-0.0018739
-0.0023889
-0.0027052
-0.0015726
-0.0028014
-0.0020263
-0.0015929
-0.0056873
-0.0068477
-0.0014053
-0.0072421
-0.00093731
-0.0032336
-0.005976
-0.00062917
-0.0013723
-0.0016428
-0.0040233
-0.0016695
0.00059431
-0.0034666
-0.0065695
-0.0089855
-0.010722
-0.004143
-0.0036317
-0.0045521
-0.0075934
-0.001992
-0.0070609
-0.0016951
-0.0070714
-0.0012978
-0.0065101
-0.0039681
-0.0041242
-0.0048591
-0.0051838
-0.0028113
-0.0043921
-0.0032625
-0.0024363
-0.004905
-0.005873
-0.0035301
-0.0044364
-0.0024573
-0.00091246
-0.0030939
-0.0062887
-0.0023952
-0.00086509
-0.0013141
-0.008518
0.00098973
-0.0042086
-0.0073522
-0.0045941
-0.0032678
0.00030663
-0.0061367
-0.0057353
-0.0074382
-0.011304
-0.0049722
0.00054981
-0.0023666
0.00056294
-0.002273
-0.0080453
-0.002457
-0.0053135
-0.001227
-0.0023579
-0.0019535
-0.0026324
-0.0016568
-0.0004969
-0.0022346
-0.0016764
-0.0012544
-0.00081319
-0.0041207
-0.0013435
-0.00086739
-0.0019939
-0.0027334
-0.0015153
-0.002502
-0.0015505
-0.0071213
-0.0050769
-0.0078776
-0.0054562
-0.0010643
-0.0029187
-0.0039473
-0.0001387
-0.0044529
0.0016225
-0.0094451
-0.0049822
-0.0089769
-0.012355
-0.0037109
-0.0034785
-0.0022577
-0.0040351
-0.0017775
-0.0046356
-0.0041035
-0.0022012
-0.0011239
-0.0040998
-0.0021318
-0.0032213
-0.0030257
-0.0027894
-0.0035342
-0.0038861
-0.0055461
-0.0028508
-0.0046818
-0.0042544
-0.0060945
-0.0028691
-0.0045233
-0.0043277
-0.002922
-0.0056157
-0.0045013
-0.00041883
0.00062019
-0.0037063
-0.0035828
-0.0045621
0.0021789
-0.0032724
-0.0052904
0.002822
-0.0080476
-0.0036511
-0.0086825
-0.012433
-0.0028252
-0.002894
-0.004368
-0.0025472
-0.0029593
-0.0062229
-0.0016983
-0.00080503
-0.0023829
-0.0021483
-0.00098516
-0.0029667
-0.0033928
-0.00025098
-6.4834e-06
-0.0026457
-0.0023769
0.00017871
-0.0016734
-0.0035909
-0.0025572
0.0013377
-0.002993
0.00075204
-0.0045491
-0.0012053
-0.0037452
0.00093473
-0.0021465
-0.0053084
0.0026873
-0.0036498
0.0029243
-0.0026353
-0.0044471
0.0018963
-0.0099526
-0.0064761
-0.0074627
-0.012253
-0.0024972
-0.00028645
0.00088044
0.00049828
-0.0023288
-0.003937
-0.0028818
-0.003606
-0.002076
-0.0042013
-0.0048921
0.0018804
-0.0064192
-0.0037789
-0.0018021
-0.003687
-0.0022078
-0.0019822
-0.0035974
-0.0023887
-0.0045209
-0.0057161
-0.0029246
-0.0037757
-0.002189
-0.00054394
-0.0083458
-0.0029808
-0.010502
0.00046799
-0.0029669
-0.011031
-0.0020367
-0.0099347
-0.00020331
0.0013325
-0.006722
-0.0036162
-0.010115
-0.013261
-0.0023849
-0.0060421
-0.0068142
-0.0066423
-0.0042071
-0.0067775
-0.0037227
-0.0026086
-0.0017248
-0.0029807
0.0020098
-0.0055201
-0.00063192
-0.0019649
-0.0060269
-0.0060937
-0.0050968
-0.0013396
-0.0043615
-0.0014481
-0.0028432
-0.0045238
-0.0027568
-0.0036054
-0.0041643
0.00090772
-0.0020139
0.0022285
0.00067573
-0.0020725
-0.001653
-0.0015977
0.0020621
-0.0042728
-0.0037886
-0.0018072
-0.0028524
-0.0044541
-0.0099267
-0.012114
-0.0024878
-0.0045561
-0.0019029
0.001011
-0.0039485
-0.0028596
0.00075483
-0.0015225
-0.0017516
-0.003679
-0.0052128
-0.00085164
-0.0013347
-0.0077052
0.00033342
-0.0050395
-0.0082188
-0.0051207
-0.0052643
-0.0042849
-0.0048771
-0.0030631
-0.0028071
-0.0014313
-0.0022828
-0.0031255
-0.0014523
-0.00011535
-0.0071592
-0.0077903
-0.00044969
-0.0066086
-0.0035434
-0.0056518
-0.0029263
-0.00045944
-0.003575
-0.0041652
-0.0098675
-0.011977
-0.003039
-0.000641
8.8194e-05
-0.0045159
0.0035614
-0.0076641
-0.0034304
-0.0019181
-0.0025413
-0.005946
-0.0025894
-0.0028174
0.00040279
-0.0019394
0.0021291
0.0011052
-0.0023014
0.00077049
3.6781e-05
0.0022275
0.00016992
-5.5462e-05
-0.0028356
-0.00041983
-0.0022449
0.00035921
-0.0079904
-0.0055401
0.0013872
-0.0058982
-0.0012093
-0.00079823
0.0019128
-0.0048559
-0.0023329
-0.0003256
-0.0094132
-0.0087014
-0.0075721
-0.0116
-0.0040871
-0.00312
-0.005139
-0.00042055
-0.0023657
-0.0055902
-0.0057818
-0.0051926
-0.0018699
-0.0017507
-0.0012727
-0.0015386
-0.0077151
-0.010422
-0.0018246
-0.0034082
-0.0040384
-0.003811
-0.0031294
-0.0062641
-0.0031267
-0.0060784
-0.0076481
-0.0047646
-0.0048853
-0.0011875
-0.0015776
-0.0015528
-0.0024783
-0.0055762
0.0025598
-0.0074036
-0.0099483
-0.0069
-0.0027601
0.0014399
0.00015784
-0.0094975
-0.0085707
-0.011177
-0.0056917
-0.0043947
-0.0065015
-0.0034683
-0.00038431
-0.0050261
-0.001476
-0.0051441
-0.0017777
-0.0036514
-0.0029543
-0.0045156
-0.0058604
-0.0012316
-0.0032423
-0.0010773
-0.0050774
0.003076
-0.007154
-0.0020721
-0.0016401
-0.003104
-0.0032096
-0.0013434
-0.0034239
-0.0045845
-0.0023915
-0.0061133
-0.0070792
-0.0022899
-0.0027952
-0.0013244
0.00099072
-0.0029806
-0.0029483
-0.0030562
-0.0066823
-0.0028246
-0.0089732
-0.011548
-0.0036792
-0.0046866
-0.0063096
-0.0013446
-0.0025291
-0.0069473
-0.00014645
-0.0021171
0.0003967
-0.0056406
-0.0057063
-0.00011936
-0.0027487
-0.0010188
-0.0030111
-0.0059301
-0.00025963
-0.0023912
-0.0075741
-0.0057424
-0.0026981
-0.0051455
-0.0056356
-0.0028713
-0.0063869
-0.00082841
-0.0045745
-0.0067373
-0.0032486
-0.0043658
-0.00055795
-0.0063984
0.0036675
-0.0025326
-0.0048638
-0.00043792
-0.0068117
-0.009594
-0.0098915
-0.01062
-0.0058459
0.00041877
-0.00092686
-0.0042893
0.0024058
-0.010035
-0.0022907
-0.0019803
-0.00066427
-0.0056195
-0.0036339
-0.0016678
-0.007338
-0.0039916
-0.001246
0.00031711
-0.0065723
-0.0027465
0.00054975
-0.0025656
0.00025627
0.00041248
-0.0013675
-0.0004193
-0.0022358
-0.0040641
-0.004973
-0.00062341
-0.0034267
5.2599e-05
0.0030125
-0.0077005
-0.0030365
-0.0085451
-0.0012373
-0.00020977
-0.0017161
0.00070453
-0.010058
-0.010638
-0.0060276
0.00079277
-0.0058843
0.00054145
-0.0025245
0.0018165
-0.00069909
-0.0073808
-0.0062309
-0.0019936
-0.0011004
0.00020322
-0.0015824
-0.0057094
-0.0020842
0.00063602
-0.00090162
-0.0025223
-0.00077295
-0.0085834
-0.00092037
-0.0060082
-0.0043478
-0.0043655
0.0031838
0.0016784
-0.0015475
-0.0030823
-0.004291
-0.0071423
0.0023333
-0.0072007
-0.0043144
-0.0027931
-0.0032983
-0.0058272
-0.0092371
-0.0072651
-0.010629
-0.010939
-0.0017984
-0.004275
-0.0046162
-0.0026214
-0.002173
-0.010317
-0.0046355
-0.0026478
0.0021284
0.00061553
-0.0031168
-0.0032046
-0.0031769
-0.0036262
-0.0013091
-0.0019259
-0.0043028
-0.007199
-0.0054398
-0.0045885
-0.0047367
-0.0032603
-0.0013953
-0.0030368
-0.0068177
-0.00096758
-0.0081119
-0.0024239
-0.0032846
-0.0067951
0.003396
-0.0064288
-0.0025225
-0.0039002
-0.0044483
0.0023733
-0.0031323
-0.0052499
-0.010538
-0.012166
-0.0057405
0.0008058
-0.0037767
-0.0021371
-0.0022729
-0.0051909
0.00046648
-0.0007772
-0.0028247
-0.0083578
-0.001849
-0.0012737
-0.0021411
-0.0048834
-0.0070553
-0.0047298
-0.0044149
-0.0044078
0.0015445
-0.0011156
0.00025809
-0.0053301
-0.0046832
-0.003793
-0.0027042
-0.0027815
-0.0074041
0.0025444
-0.0016212
-0.0033948
-0.00069324
-0.0061245
-0.00061414
-0.00041074
-0.0013563
-0.0038841
-0.0044497
-0.0045698
-0.0099711
-0.0099701
-0.0026574
-0.0058632
-0.0079766
-0.00018972
-0.0014258
-0.0040145
-0.0023296
-0.0041929
-0.0022411
-0.0042395
-0.0046433
-0.0019939
-0.0049437
-0.00046359
-0.0047109
-0.0053904
-0.0047381
-0.0014083
-0.0013666
-0.0048169
-0.0015524
-0.0041262
-0.0022964
-0.0034001
-0.0024163
-3.7172e-05
-0.0055106
-0.00013682
-0.0067484
-0.0073844
-0.0011414
-0.0018726
-0.002702
-0.0072763
-0.0054238
0.0012269
-0.0038085
-0.0063373
-0.010515
-0.011587
-0.0024519
-0.00036291
0.0038618
-0.0028858
-0.0031524
-0.0025286
-0.0006259
-0.0054295
-0.004295
-0.0045062
-0.0016902
-0.0044097
-0.0041341
0.0015673
-0.00046342
-0.0011041
-0.00070895
-0.0027249
-0.0012528
-0.0035005
-0.0026796
-0.0025213
-0.0010061
0.00016909
-0.0056964
-0.0043222
-0.006036
-0.0010294
-0.0040412
-0.00088908
-0.0023061
-0.00062545
-0.002388
-0.0075695
-0.00015808
0.001728
-0.0030967
-0.0039037
-0.010347
-0.011009
-0.0045763
-0.0048755
-0.0022019
-0.0018195
-0.0083166
-0.0035982
-0.00048165
-0.0037863
-0.00096784
-0.0034316
-0.003568
-0.0024477
-0.0021859
-0.0026488
-0.0070216
-0.0046296
-0.0034457
-0.0026758
-0.00044744
-0.0087434
-0.0015693
-0.004594
-0.00075192
-0.0043132
-0.004918
-0.00082265
-0.0062013
0.00049336
-0.0027458
-0.0024302
-0.002562
-0.0024757
-0.00088242
-0.0025137
-0.004698
-0.0023302
-0.0068529
-0.0026507
-0.01165
-0.010762
-0.0060912
0.0018636
-0.0050422
-0.0026696
0.00056757
-0.0090458
0.001741
-0.005018
0.00044352
-0.0049265
-0.0030856
-0.0039708
-0.0043434
-0.0014318
-0.00075234
-0.0059984
-0.002634
-0.0017393
-0.00014887
-0.0010904
-0.0060918
-0.0045372
0.0013641
-0.0048624
0.00029743
0.0013543
-0.0036542
-0.0029294
-0.0049438
-0.01028
0.0031518
-0.004713
-0.0043639
-0.0031422
-0.0027352
0.0018705
-0.0045692
-0.0094441
-0.01061
-0.012451
-0.0040868
-0.0028923
-0.0032525
-0.0042743
0.003136
-0.0082357
-0.006313
-0.003994
-0.0018304
-0.0042473
-0.0031724
0.0015325
-0.0036383
-0.0065777
-0.001874
-0.0051242
-0.0037962
-0.0026468
-0.0027654
-0.0022789
-0.0058091
0.00084745
-0.0053923
-0.004443
-0.0064895
-0.0039149
-0.0084005
-0.0011721
-0.0045485
-0.0041666
-0.0044163
-0.0033127
-0.0038744
-0.0024415
-0.0060072
-0.0058949
-0.00892
-0.0012722
-0.0092697
-0.010332
-0.0019021
-0.0020239
-0.0033203
-0.0025625
-0.0012351
-0.0043274
-0.0055306
-0.0021801
-0.00384
-0.0017471
-0.004158
-0.0039053
-0.0031769
-0.0020339
-0.0029879
-0.0014785
-0.0001569
-0.0023545
-0.00074276
-0.0047016
0.00045628
-0.00041057
-0.0083346
-0.0016669
0.001106
-0.0019723
-0.0013752
-0.00015698
-0.0043112
-0.0035973
0.0003093
-0.0019959
-0.0044661
-0.0013644
0.00025119
-6.7069e-05
0.00050224
-0.0060109
-0.0096838
-0.011197
-0.0022203
-0.0028597
-0.0051243
-0.0027132
-0.0062164
-0.0020571
0.00069427
-0.0043827
-0.0031691
-0.0027039
-0.0038391
-0.0023471
-0.0038751
-0.0019928
-0.0038913
-0.0041462
-0.0044399
-0.0022291
-0.00018229
-0.0052053
-0.000421
-0.0032662
-0.0060543
-0.00010418
-0.0022402
-0.0045867
-0.0025831
-0.0049856
-0.0039587
-0.003947
0.00019548
0.0015282
-0.0046557
-0.0064965
-0.0012069
-0.0018961
-0.0097865
-0.0088401
-0.0086561
-0.009837
-0.0055089
-0.0019556
-0.0024017
-0.00030342
-0.0038739
-0.0037686
-0.0029496
-0.003801
-0.0027742
-0.0017625
-0.00080102
-0.0028452
-0.0049842
-0.0065873
-0.0055471
-0.0025565
-0.0025231
-0.0069855
-0.0053622
-0.0020042
0.0018231
-0.0045826
-0.0021229
-0.0045456
-0.0016493
0.00088686
-0.0028995
-0.0040855
-0.00010624
-0.0033521
-0.0010032
-0.0037604
-0.0054732
-0.0034691
-0.0014818
0.0013816
-0.0034649
-0.002615
-0.009357
-0.009688
-0.0056412
-0.0013886
-0.0042815
-0.0036273
-0.0021037
-0.0067769
-0.0034055
-0.00020631
-0.0038009
-0.0043768
-0.0033953
-0.0024375
-0.0010818
-0.0057926
0.000697
-0.005823
-0.0003425
-0.0025421
-0.0021948
-0.0032424
-0.0037866
-0.0043304
-0.0043924
-0.0017969
-0.0064887
-0.0046806
-0.00083496
-0.0049619
-0.005192
-0.0044298
-0.00027588
-0.002595
-0.00072154
-0.0044139
-0.00034108
-0.001083
-0.006261
-0.009771
-0.007543
-0.010139
-0.0051635
-0.0010947
-0.0031524
-2.6411e-05
-0.0032894
-0.0043186
-0.002327
-0.0032515
-0.00040645
-0.0045764
-0.00076975
-0.0029798
-0.0070337
-0.0030456
-0.0010691
-0.0021168
-0.0051625
-0.0017882
-0.0014091
-0.0017502
-0.0067861
-0.0022985
-0.0051994
-0.002613
-0.0037625
-0.0024656
-0.002703
-7.3727e-05
-0.0033777
-0.00332
-0.0034191
-0.0045768
-0.0038376
-0.0090077
-0.0017303
-0.0019938
-0.0036426
-0.0083667
-0.0069334
-0.0091218
-0.0067167
-0.00082605
-0.0005196
-0.0016552
-0.00064508
-0.0053194
-0.0014748
-0.0047934
0.00021224
-0.0026758
-0.0029617
-0.00042299
-0.0027911
-0.0047653
-0.0031943
-0.003763
-0.0022802
-0.0036988
-0.004757
-0.0055788
-0.0016534
-0.0040643
-0.003477
-0.00017497
-0.0022642
-0.0043546
-0.0047225
-0.0022029
-0.0023703
-0.0059565
-0.0006904
-0.0042153
-0.0045756
-0.0026432
0.001401
0.0011784
-0.0016168
-0.0078811
-0.0072989
-0.009092
-0.0060221
-0.0009577
-0.004082
-0.004742
-0.0028126
-0.0034263
-0.004164
-0.00068685
-0.0029686
-0.0016545
-0.0031257
-0.00081334
-0.0041492
-0.0038596
0.0040262
-0.0031339
-0.00099547
-0.0001814
-0.002106
0.00020014
-0.0013041
-0.0014056
-0.0050164
-0.0014197
-0.00056935
-0.0025338
-0.0042495
-0.0005219
-0.0037285
-0.002056
0.0028728
-0.0027822
-0.0065529
-0.0042025
-0.0045021
-0.0098059
-0.0059107
-0.0041101
-0.0080124
-0.0078382
-0.0052958
-0.0047772
-0.0045153
-0.0038622
-0.0051894
-0.005149
-0.0053821
-0.0042774
-0.0044888
-0.0043003
-0.0058483
-0.0033635
-0.0025074
-0.0047432
-0.0055787
-0.0072453
-0.005041
-0.0034082
-0.0033831
-0.0046674
-0.0055348
-0.0014972
-0.0048269
-0.006812
-0.0036968
-0.0039619
-0.0055138
-0.005312
-0.0047792
-0.0092011
-0.0021162
-0.003859
-0.0015717
-0.0024137
-0.0024999
0.0014075
-0.0019318
-0.0044155
-0.0086376
-0.0090684
-0.006375
-0.0033974
-0.0052062
-0.0047428
-0.0052899
-0.0061655
-0.0020382
-0.0026984
-0.0046551
-0.0034875
-0.0036804
-0.0046296
-0.0066312
-0.0072694
-0.0054678
-0.0058954
-0.005474
-0.0065031
-0.0041493
-0.0045262
-0.0047188
-0.0042804
-0.0029699
-0.0033286
-0.0034852
-0.0048298
-0.0049623
-0.0050847
-0.0037315
-0.0065374
-0.0019321
-0.0052482
-0.0023203
-0.0039784
-0.0057241
-0.005255
-0.0048923
-0.0068523
-0.008968
-0.0047672
0.00050999
0.0010823
0.0014601
0.0010313
0.0012374
0.0012004
0.0015672
0.00055422
0.00019
0.00011912
-8.4888e-05
8.6787e-05
0.0021583
0.00096375
0.002295
0.0011479
0.0012184
0.00092778
0.00024746
-0.00057284
0.00047661
-0.00069474
0.00030185
-0.00057686
-0.0004782
6.3007e-05
0.00063993
0.0012326
0.0027195
0.0012534
0.0022094
0.0016828
0.0025856
0.00034721
0.0017252
0.001997
0.0020429
1.2439e-08
-0.0038108
