-0.31071
-0.043336
-0.023108
0.13026
-0.017803
-0.086695
-0.033726
-0.013016
0.020972
-0.032093
-0.022255
0.03182
0.04419
-0.024666
-0.097774
0.02474
0.011936
0.020265
-0.059517
0.038513
0.043594
0.0558
-0.035786
-0.087786
0.035647
-0.0061516
-0.003986
-0.018179
0.054832
0.10852
0.00085263
0.08334
-0.17311
0.10165
0.0044398
0.10276
0.038054
0.03391
0.094188
-0.054706
0.026873
-0.05549
0.095615
-0.033329
0.043005
-0.019707
0.084021
0.093942
-0.057337
0.02881
-0.09368
0.10937
-0.02999
0.025081
0.030663
0.062944
0.16103
0.020342
0.14571
-0.23642
0.13218
-0.054966
0.19274
0.071123
0.045494
0.14559
-0.080973
0.072997
-0.041568
0.12953
-0.12714
0.12813
0.0071648
0.072124
0.15266
-0.060866
0.064234
-0.11858
0.14487
-0.089022
0.081837
0.040469
