-0.016183
-0.0070363
-0.075012
-0.036693
-0.047233
0.1369
-0.040387
-0.097079
-0.063221
-0.0098779
0.092028
-0.068848
-0.073952
0.012602
0.13953
0.0079301
-0.10721
-0.034579
0.096544
0.027277
-0.0469
-0.034007
0.020781
0.094686
0.027492
-0.07162
-0.013765
0.021506
-0.0092802
-0.094678
-0.12679
-0.043228
0.15222
-0.066071
-0.13398
-0.073488
0.0046232
0.098286
-0.087882
-0.12512
-0.027554
0.16674
-0.014936
-0.13388
-0.086207
0.095169
0.0028349
-0.067093
-0.080252
-0.022099
0.13757
-0.0026981
-0.094469
-0.062052
0.0015782
-0.02476
-0.04243
-0.051169
-0.0061444
0.14792
-0.052477
-0.20509
-0.014819
0.013138
0.038989
-0.024306
0.028091
-0.0098778
0.096495
-0.013243
-0.15705
-0.015724
0.063397
-0.0054662
0.0062856
0.0077646
-0.0060214
0.13377
0.022295
-0.1643
-0.00761
-0.0039639
