3.0744
-0.0091507
-0.0067729
-0.0076388
-0.006653
-0.0067936
-0.0065754
-0.0061651
-0.005636
-0.0065858
-0.0066974
-0.007095
-0.0063478
-0.0061773
-0.0063831
-0.0060416
-0.0052612
-0.0074909
-0.0056545
-0.0067136
-0.006148
-0.0069973
-0.0067233
-0.0062672
-0.0076047
-0.0065616
-0.0066892
-0.0075729
-0.006761
-0.006805
-0.0064375
-0.0072428
-0.0069084
-0.0024334
-0.0042945
-0.0060411
-0.0031857
-0.00563
-0.0060984
-0.0055937
-0.010626
-0.0072369
-0.00047416
-0.0026828
-0.0026488
-0.0021533
-0.0034178
-0.0022152
-0.0031304
-0.0014249
-0.0021809
-0.0023883
-0.0017644
-0.0019381
-0.001292
-0.0026834
0.00069745
-0.004266
-0.0021782
-0.00095389
-0.0020268
-0.0018447
-0.0024317
-0.00028853
-0.0038497
-0.002176
-0.0033182
-0.0033995
-0.00096483
-0.0027958
-0.00054158
-2.5033e-05
-0.001226
-0.0058433
-0.0064073
-0.0051104
-0.0062095
-0.00028807
-0.00247
-0.0016705
-0.0091171
-0.0083976
-0.0026944
-0.0042423
-0.0036991
-0.0059163
-0.0021055
-0.0055247
-0.0025524
-0.0026853
-0.0044485
-0.0043267
-0.0032389
-0.0048257
-0.0047371
-0.0039829
-0.0023228
-0.0064785
-0.0056158
-0.0024256
-0.0039977
-0.0050804
-0.0027405
-0.0040493
-0.0042577
-0.0030218
-0.0044033
-0.0014234
-0.0033561
-0.0030395
-0.002656
-0.0045427
-0.0068919
-0.0040499
-0.0025121
-0.0016272
-0.0084661
-0.0026746
-0.0050695
-0.002669
-0.009246
-0.0064676
-0.0038111
-0.003284
-0.003711
-0.00066104
-0.0048548
-0.0028612
-0.0053432
-0.0040871
-0.0044107
-0.0042702
-0.0038806
-0.003439
-0.0039368
-0.003264
-0.0035288
-0.0060605
-0.0041119
-0.0029252
-0.0037463
-0.0042293
-0.0021564
-0.0065277
-0.0028438
-0.0045058
-0.0039738
-0.00062302
-0.0011732
-0.006254
-0.0058494
-0.0038921
-0.0041546
-0.0049858
-0.003944
-0.0019323
-0.0068626
-0.0028795
-0.0010497
-0.0034732
-0.0099361
-0.0097849
-0.0032174
-0.0037883
-0.0025625
-0.0069693
-0.0020433
-0.0052399
-0.0036505
-0.0019635
-0.0035065
-0.003598
-0.0048284
-0.003964
-0.0035963
-0.0041752
-0.0037831
-0.0032991
-0.0069281
-0.0020973
-0.0050184
-0.0030792
-0.0049239
-0.0046103
-0.0018048
-0.00036103
-0.0050178
-0.0046549
-0.0054132
-0.0035662
-0.0032764
-0.0053183
-0.0045146
-0.0039124
-0.0029255
-0.00361
-0.0052595
-0.003759
-0.0033846
0.00019371
-0.0087798
-0.0074185
-0.0029407
-0.002135
-0.0053573
-0.0033008
-0.0057582
-0.0042035
-0.0045089
-0.0034012
-0.0030603
-0.0016438
-0.0052882
-0.0035836
-0.0045263
-0.0038375
-0.0045438
-0.0028817
-0.00563
-0.0016861
-0.001484
-0.0041991
-0.0037742
-2.5337e-05
-0.0034195
-0.0066272
-0.0084737
-0.0026609
-0.0036196
-0.00364
-0.0012952
-0.0023181
-0.0057863
-0.0035098
-0.005304
-0.0067161
-0.0043813
-0.004701
-0.0042843
-0.0032339
-0.010694
-0.0091692
-0.0016942
-0.0027295
-0.0052593
-0.0041291
-0.003082
-0.0038259
-0.0031915
-0.0032042
-0.0031661
-0.0052067
-0.0056817
-0.0047215
-0.0034554
-0.0026907
-0.0027406
-0.0010718
-0.0074718
-0.00088014
-0.0046148
-0.0026241
-0.0023013
-0.0054808
-0.0076018
-0.0017411
-0.004858
-0.0038218
-0.0045388
-0.0032422
-0.004362
-0.0018151
-0.001367
-0.0019263
-0.0016868
-0.0055659
-0.0027158
-0.0076555
-0.00071581
-0.0011866
-0.0095613
-0.0088655
-0.0042565
-0.0034544
-0.0061635
-0.0045546
-0.0066836
-0.0061806
-0.0039132
-0.0041368
-0.004311
-0.002727
-0.0045472
-0.0037749
-0.003226
-0.0031379
-0.0040207
-0.0030378
-0.0063806
-0.0011373
-0.0029274
-0.0060458
-0.0056665
-0.0047507
-0.0038049
0.00046759
-0.0065814
-0.0033906
-0.0018847
-0.0048524
-0.0018018
-0.0075475
-0.0087162
-0.0048868
-0.0041468
-0.0038091
-0.0026127
-0.0057257
-0.0058801
0.00065246
-0.0108
-0.0098088
0.00013764
-0.00078268
-0.003422
-0.00326
-0.0021253
-0.003399
-0.0053854
-0.0037605
-0.0030411
-0.0026287
-0.0051657
-0.0051224
-0.0050682
-0.0033627
-0.003972
0.00024549
0.00071815
-0.006777
-0.0065403
-0.0042103
-0.0033944
-0.0029559
-0.0010052
-0.0033811
-0.0027549
-0.0070183
-0.0041674
-0.0036729
-0.0043731
-4.6502e-05
-0.0018995
-0.0026801
-0.0047437
-0.0014607
-0.0045854
-0.006767
-0.0060191
0.00080369
-0.0096053
-0.0093912
-0.0014469
-0.0056326
-0.0035661
-0.0036029
-0.0030412
-0.0037209
-0.002221
-0.0031783
-0.0041325
-0.0054383
-0.0030145
-0.0039846
-0.0032547
-0.00031342
-3.118e-05
-0.0065222
-0.006834
-0.0044618
-0.0060102
-0.0043165
-0.0021321
-0.0035012
-0.0055238
-0.0061293
-0.0039297
-0.0062096
-0.0054014
-0.0033928
-0.0051283
-0.0068437
-0.0057664
-0.0047597
-0.0053776
-0.00060457
-0.0026666
-0.0061328
-0.0068911
-0.0021649
-0.01019
-0.0085657
-0.0015672
-0.0050493
-0.0039037
-0.0039951
-0.0025236
-0.0032528
-0.0039807
-0.0034691
-0.0036088
-0.0040442
-0.0028689
-0.00093608
-0.00029126
-0.0047952
-0.01002
-0.0061837
-0.0044009
-0.0043587
-0.0041836
-0.0028983
-0.0048318
-0.0045415
-0.0036517
-0.0029493
-0.0021314
-0.0029344
-0.0034719
-0.0027336
-0.0051299
-0.0051644
-0.0013038
-0.0042077
-0.0065032
-0.0011983
-0.0028884
-0.0042876
-0.0045433
-0.00079436
-0.0095586
-0.0083485
-0.002282
-0.003529
-0.0021259
-0.0046113
-0.0028889
-0.003834
-0.0057281
-0.0040176
-0.0039845
-0.00051314
-0.00045427
-0.0068961
-0.0064392
-0.0060879
-0.00023805
-0.0055159
-0.0030433
-0.0028547
-0.0028564
-0.0046627
-0.0040631
-0.0036757
-0.0032983
-0.004615
-0.0048092
-0.0047359
-0.0027603
-0.0013719
-0.0034074
-0.00448
-0.0050634
-0.002277
-0.0037382
-0.0051192
-0.0043332
-0.0035112
-0.0036505
-0.0037797
-0.0072878
-0.0087743
-0.0021406
-0.0032267
-0.0045725
-0.0053349
-0.0041672
-0.0049901
-0.0048512
-0.0016589
-0.0018547
-0.0044604
-0.0067504
-0.0052848
-0.0056025
-0.0017411
-0.0026408
-0.0047985
-0.0040921
-0.0028289
-0.0040349
-0.0041038
-0.0046677
-0.0048437
-0.0039056
-0.0045185
-0.0039435
-0.0034101
-0.0038421
-0.0052567
-0.0037336
-0.0043046
-0.0030276
-0.0037342
-0.0039786
-0.002322
-0.0043855
-0.0041535
-0.0028845
-0.0052407
-0.0084293
-0.0087074
-0.0020798
-0.0041625
-0.0039121
-0.0030118
-0.0051214
-0.00074479
7.6588e-05
-0.0032262
-0.0072742
-0.0046486
-0.004368
-0.0044145
-0.0040256
-0.0021199
-0.0058989
-0.0042494
-0.0051148
-0.0046842
-0.0054683
-0.0044098
-0.0040987
-0.0038713
-0.0036997
-0.0038478
-0.004391
-0.0053022
-0.0049543
-0.0041969
-0.0041248
-0.0057312
-0.004558
-0.0035798
-0.0076237
-0.0015857
-0.0055295
-0.0055821
-0.0037162
-0.0059997
-0.0070431
-0.0094541
-0.002452
-0.0024818
-0.0045336
-0.0036002
0.00088087
-0.0038645
-0.0077115
-0.0048632
-0.0037901
-0.0025061
-0.003825
-0.0031223
-0.0051937
-0.00251
-0.0046367
-0.0043134
-0.0042415
-0.0024726
-0.0033858
-0.0043316
-0.0023968
-0.0041997
-0.0045609
-0.0052553
-0.0040942
-0.0033977
-0.002698
-0.0028232
-0.0023884
-0.0025821
-0.0037741
-0.0017054
-0.0026341
-0.003322
-0.0023301
-0.0023208
-0.0018641
-0.0016672
-0.009785
-0.0096485
-0.0003016
-0.0016592
0.0011725
-0.0057275
-0.0078468
-0.0082667
-0.0041696
-0.0030747
-0.005874
-0.0057259
-0.0036662
-0.0053638
-0.0040088
-0.0053821
-0.0023242
-0.0043715
-0.0031018
-0.0054554
-0.0046717
-0.0060275
-0.0062699
-0.0064534
-0.0026969
-0.0052939
-0.0058008
-0.0069879
-0.00088405
-0.0028801
-0.0033276
-0.0070403
-0.0064082
-0.005312
-0.0061696
-0.0060992
-0.0066674
-0.0054301
-0.0057986
-0.0023452
-0.0097472
-0.0082641
-0.0028227
-0.0066736
-0.007406
-0.0042844
-0.002437
-0.0032406
-0.0038217
-0.00089028
-0.0064637
-0.0036173
-0.0037223
-0.0059612
-0.00592
-0.0043166
-0.00629
-0.0062005
-0.0037765
-0.0054536
-0.0074351
-0.002895
-0.0029125
-0.0045326
-0.0023842
-0.001242
-0.0019967
-0.001429
-0.0048867
-0.0078121
-0.0053817
-0.0060959
-0.0018187
-0.0043317
-0.003242
-0.0033487
-0.0037477
-0.0043112
-0.0034789
-0.0020382
-0.010278
-0.0086437
-0.0023867
-0.005297
-0.0052513
-0.0040077
-0.0047362
-0.0049751
-0.007351
-0.0045978
-0.0083238
-0.0068782
-0.0053794
-0.005616
-0.0037888
-0.0016711
-0.0028002
-0.0031431
-0.00016255
-0.0010439
-0.0026256
0.0017368
0.0017983
-4.5465e-05
-0.0016978
-0.0062866
-0.0034323
-0.004362
-0.0031791
-0.002144
-0.0029758
-0.0020087
-0.0029129
-0.0039
-0.0039458
-0.002137
-0.0032763
-0.0047066
-0.0026134
-0.001136
-0.010363
-0.0074214
-0.0023146
-0.0041442
-0.0054065
-0.0038883
-0.0040237
-0.0011486
-0.0034445
-0.00060211
0.0017178
0.0031339
0.0029076
-0.00047278
0.0006768
0.00011176
-8.0089e-06
-0.0016797
-0.0017789
-0.0056746
-0.0061266
-0.0059584
-0.0086647
-0.0074315
-0.0033939
-0.006233
-0.0058534
-0.004305
-0.0044127
-0.0062039
-0.0028748
-0.0053084
-0.0045052
-0.0029695
-0.0045889
-0.0044779
-0.0034049
-0.0047912
-0.0034417
-0.0023217
-0.010532
-0.0094311
-0.0037122
-0.0045001
-0.0053946
0.00095375
-0.00275
-0.0052072
-0.0040609
-0.0079566
-0.009936
-0.012258
-0.0079214
-0.007251
-0.0088694
-0.007375
-0.0065978
-0.0079349
-0.0049236
-0.0045861
-0.0072985
-0.0029745
-0.00092455
-0.0035027
-0.0038593
-0.0049973
-0.0026822
-0.0011277
-0.0018048
-0.0026156
-0.0038618
-0.0042827
-0.0034373
-0.0034334
-0.0057598
-0.0028844
-0.0047455
-0.0051838
-0.0028683
-0.0025898
-0.0094292
-0.010374
-0.0027381
-0.0012988
-0.0037152
-0.0040866
-0.0067135
-0.0034821
-0.0040322
-1.1537e-05
0.0010282
0.0010879
-0.0063067
-0.0023013
-0.006778
-0.0037329
-0.0057452
-0.0070782
-0.0043183
-0.0058999
-0.01259
-0.0045096
-0.004545
-0.0059372
-0.0046184
-0.0051885
-0.003706
-0.0035904
-0.0021599
-0.0045237
-0.0052646
-0.0048954
-0.001139
-0.0068138
-0.0045928
-0.0026712
-0.0014335
-0.0048546
-0.0051652
-0.0034622
-0.0094244
-0.0098001
2.8852e-05
-0.0015329
-0.0066737
-0.0059358
-0.0048395
-0.00077194
-0.0030668
-0.0059632
-0.0069317
-0.0073155
-0.0018906
-0.0025265
-0.0015169
-0.0024067
-0.00040044
-0.0021376
-0.00094142
-0.001095
-0.0053174
-0.0020647
-0.0054574
-0.0059307
-0.0059535
-0.0089625
-0.0019879
-0.002602
-0.0051768
-0.003067
-0.004037
-0.0046131
-0.0036436
-0.0028304
-0.0041302
-0.0030851
-0.0048224
-0.0085368
-0.0014492
-0.0031526
-0.0089833
-0.0095753
-0.0036575
-0.0014109
-0.0078134
-0.0004393
-0.0051854
-0.0052938
-0.002633
-0.0019334
0.00093051
-0.0015599
-0.0034532
-0.0020644
-0.0055211
-0.0050106
-0.0034155
-0.0049737
-0.0027149
-0.00088375
-0.0057779
-0.0004284
-0.0021739
-0.0024209
0.00084391
-0.0018492
-0.0017005
-0.0025034
-0.0047191
-0.0030174
-0.0040061
-0.003814
-0.0060211
-0.005184
-0.0040266
-0.001437
-0.0047946
-0.0038367
-0.0033254
-0.0041323
-0.0088662
-0.009273
-0.0016326
-0.0015691
-0.0080676
-0.0017076
-0.0073804
-0.0040364
-0.0064601
-0.0045064
-0.0060213
-0.0060485
-0.0021471
0.0012103
-0.0034621
-0.00041406
0.00036996
-0.0010841
-0.0018829
-0.0020662
-0.0068968
-0.0059039
-0.0028239
-0.0065307
-0.0066192
-0.0053143
-0.0029523
-0.0048417
-0.004821
-0.0038484
-0.0021928
-0.0054083
-0.0031104
-0.0028079
-0.0041264
-0.0052527
-0.0032396
-0.0025847
-0.0047929
-0.0024858
-0.0087348
-0.010407
-0.0013403
-0.0067169
-0.005175
-0.0051302
-0.0036815
-0.0061989
-0.0052288
-0.0036119
-0.0065953
-0.0060339
-0.0043358
-0.0054617
-0.008167
-0.0061429
-0.0060183
-0.0049956
-0.003234
0.00094933
-0.0019749
-0.00088695
0.0027768
0.00090305
-0.0011529
-0.003771
-0.0018309
-0.0044853
-0.0020903
-0.0044269
-0.0057174
-0.0040332
-0.0035877
-0.0028548
-0.0043705
-0.0058212
-0.0033
-0.0049777
-0.0038178
-0.0031175
-0.0088339
-0.010828
-0.0011223
-0.0019986
-0.0017079
-0.0048636
-0.0061646
-0.0031765
-0.0021396
-0.0042437
-0.0063944
-0.0063929
-0.00431
-0.0028883
-0.0063646
-0.0061135
-0.0034386
-0.0066611
-0.004861
-0.0047347
-0.0092959
-0.0088485
-0.0082955
-0.0063692
-0.0059034
-0.0026437
-0.0056222
-0.0067211
-0.00328
-0.0032655
-0.0062762
-0.0040721
-0.0059475
-0.0027118
-0.0066704
-0.0026229
-0.0039623
-0.0039792
-0.0036272
-0.0018972
-0.0097165
-0.010464
-0.0015204
-0.0033384
-0.005503
-0.0002016
-0.0028796
-0.004587
-0.0065699
-0.0030668
-0.0018147
-0.0050637
-0.0068466
-0.0012106
-0.0026819
-0.0046658
-0.0023426
-0.0051526
-0.0026674
-0.0027063
-0.0055466
-0.0041675
-0.0038287
-0.0039893
-0.0064235
-0.005212
0.00044589
-0.0054927
-0.0051217
-0.0026038
-0.0041401
-0.0032876
-0.0019215
-0.0052955
-0.0056993
-0.0038825
-0.0032261
-0.0039644
-0.0064299
-0.0026406
-0.0097899
-0.010591
-0.002094
-0.0034167
-0.0033244
-0.0031831
-0.0037199
-0.001462
-0.001805
-0.0012752
-0.0054082
-0.001728
-0.0021286
-0.0060118
-0.0065374
-0.0045734
-0.0036601
-0.0056306
-0.0046985
-0.002656
-0.0052919
-0.0061756
-0.0032653
-0.0057944
-0.0023171
-0.0027495
-0.0023975
-0.0062081
-0.003334
-0.0023516
-0.0028325
-0.0026264
-0.0030942
-0.005401
-0.00067633
-0.0037829
-0.0044954
-0.0027463
-0.0045052
-0.0011269
-0.0099433
-0.0099808
-0.0014723
-0.003925
-0.0052122
-0.0042293
-0.0038132
-0.0034352
-0.0042784
-0.0031672
-0.0030966
-0.0042205
-0.0020676
-0.0039971
-0.0036661
-0.0047341
-0.0027819
-0.0049826
-0.0036842
-0.0023693
-0.0045585
-0.0071411
-0.0022292
-0.0010921
-0.003382
-0.0049065
-0.00176
-0.0049961
-0.0034659
-0.0053967
-0.0033785
-0.0030786
-0.0070068
-0.0027076
-0.0050914
-0.0045747
-0.0041128
-0.0024818
-0.0060095
0.00031011
-0.010977
-0.0088595
-0.0023363
-0.0034947
-0.0042538
-0.0044168
-0.0041279
-0.0038451
-0.0034985
-0.0021767
-0.0052984
-0.00518
-0.004158
-0.001752
-0.0061293
-0.0039672
-0.0016704
-0.0044994
-0.0050431
-0.0047006
-0.0032935
-0.0044861
0.00058041
-0.0070691
-0.0044615
-0.0021431
-0.0065939
-0.0046016
-0.0045132
-0.003145
-0.0020431
-0.0076325
-0.0032973
-0.0025609
-0.0044619
-0.0022985
-0.0035985
-0.0038199
-0.0070876
-0.00041495
-0.01079
-0.0090191
-0.0010084
-0.0031424
-0.0038727
-0.0035132
-0.0030557
-0.0028411
-0.0075672
-0.0042927
-0.0065903
-0.0039242
-0.0034646
-0.0033245
-0.0039653
-0.0037844
-0.0026314
-0.0047058
-0.0036456
-0.00237
-0.0026149
-0.0047406
-0.0048262
-0.0054702
-0.0044882
-0.00563
-0.0024389
-0.0037148
-0.0043215
-0.0031336
-0.0053795
-0.0051253
-0.0028265
-0.0034704
-0.0043071
-0.0045438
-0.0028689
-0.00137
-0.0068941
-0.0013537
-0.011495
-0.0099149
-0.0019543
-0.0034889
-0.0043324
-0.0038715
-0.0039597
-0.003305
-0.0031054
-0.0016044
-0.004196
-0.0037123
-0.0025455
-0.0014062
-0.0034631
-0.0036093
-0.0038282
-0.0053358
-0.0038761
-0.0069446
-0.0037139
-0.0026512
-0.0046898
-0.0057449
-0.0061216
-0.0019986
-0.0043399
-0.0053416
-0.0035239
-0.0027705
-0.0059124
-0.0024344
-0.0044751
-0.0031867
-0.0050376
-0.0040503
-0.0038339
-0.004045
-0.0070771
0.0013178
-0.012165
-0.0097805
-0.0018253
-0.0039397
-0.0036151
-0.0035273
-0.0034976
-0.0035062
-0.0033189
-0.0029763
-0.0024593
-0.0031547
-0.0029766
-0.001915
-0.0063597
-0.0064786
-0.0034733
-0.0012062
-0.0015845
-0.00066334
-0.0036383
-0.0049479
-0.0041186
-0.00084016
-0.0053294
-0.0040278
-0.001897
-0.0040484
-0.0034857
-0.0070951
-0.0034846
-0.0026361
-0.0049137
-0.0026386
-0.0051716
-0.0031926
-0.0043512
-0.0033614
-0.0051211
-0.00044244
-0.010888
-0.0095388
-0.0018693
-0.0041307
-0.0050506
-0.0043966
-0.0041822
-0.0038972
-0.0028803
-0.0048851
-0.0071161
-0.0075926
-0.0038954
-0.0034356
-0.006315
-0.0036673
-0.0027015
-0.0043621
-0.0044674
-0.0039424
-0.0024027
-0.0045089
-0.0031088
-0.0061225
-0.0044428
-0.0038668
-0.0042972
-0.0023063
-0.0040759
-0.0027039
-0.0020309
-0.0060957
-0.0030567
-0.0052095
-0.0024898
-0.0025233
-0.0063314
-0.001596
-0.0062278
-0.00075295
-0.012586
-0.0097325
-0.0023707
-0.0027352
-0.0048774
-0.0037851
-0.0041002
-0.0053876
-0.0044305
-0.0029572
-0.0041739
-0.001742
-0.0030379
-0.0034823
-0.0055643
-0.0041167
-0.0035159
-0.0035523
-0.0041648
-0.0027664
-0.0023672
-0.0068956
-0.0026617
-0.00066762
-0.0001922
-0.0080586
-0.0051063
-0.0033151
-0.009911
-0.00075253
-0.00069429
-0.0062811
-0.0013855
-0.0049219
-0.0035631
-0.0025165
-0.0036343
-0.0038768
-0.0012826
-0.00087758
-0.011806
-0.0098027
-0.0018356
-0.0036248
-0.0047573
-0.0035797
-0.0040151
-0.0034645
-0.0027257
-0.0029214
-0.0065734
-0.0043677
-0.0035009
-0.0036538
-0.0024553
-0.0045723
-0.0036273
-0.0032761
-0.004155
-0.0051722
-0.0036509
-0.0065885
-0.0031363
-0.0019851
-0.0059388
-0.0041887
0.0029281
-0.0046381
-0.0070132
-0.0019566
-0.0032223
-0.0051028
-0.0040868
-0.0026929
-0.0048559
-0.0033428
-0.0054722
-0.005719
-0.0042122
-0.0040356
-0.011338
-0.0096479
-0.002028
-0.0030837
-0.0050303
-0.0039616
-0.0040959
-0.0043353
-0.0038587
-0.0027275
-0.0059708
-0.0046003
-0.0036418
-0.0040371
-0.0021333
-0.0041638
-0.0031874
-0.0031786
-0.0033736
-0.0033829
-0.0018687
-0.0062521
-0.0032762
-0.0024276
-0.0036925
-0.0059605
-0.0028732
-0.0034829
-0.0038087
-0.0040576
-0.0062224
-0.0063012
-0.0048561
-0.0034621
-0.0062944
-0.0026698
-0.004357
-0.0048737
-0.0037809
-0.002087
-0.011888
-0.0095831
-0.002308
-0.004337
-0.0045109
-0.0039735
-0.0037501
-0.0040576
-0.0029349
-0.0030142
-0.0046671
-0.006157
-0.0022547
-0.0041824
-0.0031776
-0.0052467
-0.0047092
-0.0047577
-0.0037927
-0.0026967
-0.0030474
-0.0062271
-0.0032302
-0.0041416
-0.0010856
-0.0042159
-0.0066732
-0.0010857
-0.0048485
-0.0020424
-0.0017106
-0.0026392
-0.0045314
-0.0054751
-0.0064643
-0.0035385
-0.0027548
-0.0071584
-0.0030086
-0.00068395
-0.011011
-0.0079704
-0.00087713
-0.0014148
-0.0015464
-0.001646
-0.0014963
-0.0018561
-0.0012214
-0.0009974
-0.0029874
-0.0010986
-0.0013542
-0.0020227
-0.0011057
-0.0024057
-0.0015373
-0.0017732
-0.0037811
-0.0017254
0.00041841
-0.0036942
-0.00098654
-0.0021395
-0.0023036
-0.0040159
-0.0018153
-0.00066258
-0.0053891
-5.6221e-05
-0.0015869
-0.0011449
0.00011982
0.00091297
-0.0035379
-0.002329
-0.0031874
-0.0010545
-0.00070646
0.0020188
-0.010405
-0.011191
-0.0055848
-0.0067096
-0.0068694
-0.0072057
-0.0074239
-0.0075052
-0.0074118
-0.0077998
-0.0068613
-0.0074971
-0.007285
-0.0073951
-0.0073532
-0.0091992
-0.0081064
-0.0084322
-0.0085116
-0.0092577
-0.0085103
-0.01002
-0.0088026
-0.0070831
-0.0099728
-0.0082614
-0.008023
-0.0080296
-0.0098071
-0.008816
-0.01003
-0.0099685
-0.009354
-0.0082107
-0.0085479
-0.0067572
-0.0092877
-0.0083268
-0.0097837
-0.0092169
-0.015252
