-0.71871
-0.29415
-0.069517
0.45936
-0.26959
-0.097892
-0.17021
0.10456
-0.21116
-0.34712
-0.11655
0.094306
0.21142
-0.11498
-0.2596
0.04386
0.065018
-0.050634
-0.20343
-0.087971
-0.016307
0.31607
-0.10493
-0.28363
-0.0098325
0.013512
-0.063604
-0.15977
-0.10736
0.32074
0.14864
0.082182
-0.22147
0.15909
0.23115
0.17848
-0.12662
-0.069152
0.2504
-0.016671
0.10275
-0.28298
0.19255
0.020046
0.16002
-0.10538
0.14734
0.24418
-0.13085
0.16793
-0.2583
0.33661
-0.11539
0.14418
0.024818
-0.2054
0.15262
0.24566
0.033234
-0.20272
0.041438
0.25261
0.12252
-0.18126
-0.11587
0.14205
0.11207
0.062522
-0.28772
0.095117
0.10805
0.11816
-0.11295
0.042788
0.1475
0.03348
0.073792
-0.28632
0.22299
0.063724
0.027845
-0.026776
