-0.18234
-0.070179
0.046711
0.074088
0.036538
-0.13388
-0.015263
0.067171
0.086691
-0.035394
-0.062654
0.017507
0.053287
0.011064
-0.073007
-0.031836
0.016597
0.04813
-0.032205
-0.0006478
0.030826
-0.033649
0.06757
0.0095792
0.027737
-0.034963
0.065828
0.030463
-0.059262
0.08621
0.14054
0.022989
-0.15907
-0.0012929
0.14913
0.085839
-0.039334
-0.062497
0.047175
0.054735
-0.00045485
-0.088899
-0.030881
0.075809
0.041304
-0.043486
-0.020482
0.021131
0.029411
0.034603
-0.037101
-0.0037662
0.0234
0.046905
-0.0001671
-0.0067229
0.062326
0.049577
0.019165
-0.08165
0.0080813
0.068679
0.051945
-0.000303
-0.037316
0.047363
-0.0031329
0.018805
-0.040768
-0.013342
0.078203
0.056799
-0.016025
-0.045523
0.045123
-0.0052145
0.016311
-0.053124
-0.0027857
0.074486
0.059878
-0.022414
