-2.5941
0.002146
0.0028663
0.0035537
0.003772
0.0046808
0.0051179
0.004458
0.0056991
0.0043835
0.003643
0.0044849
0.0045012
0.003973
0.0053153
0.0053518
0.0053047
0.005389
0.004658
0.0051861
0.0022883
0.0026819
0.0018612
0.0046613
0.0032211
0.0030588
0.0037365
0.0046644
0.0045818
0.0043355
0.0047659
0.0039894
0.0053491
0.0053646
0.0052255
0.0069436
0.0049234
0.0067264
0.004066
0.0033875
0.0030395
0.0013781
0.0039898
0.0053162
0.0040488
0.0046706
0.0043972
0.0040473
0.0040583
0.0036962
0.0044177
0.0029568
0.0043975
0.0042599
0.003619
0.0035811
0.0040751
0.0033911
0.0044341
0.0032267
0.005444
0.0045125
0.0043813
0.0036303
0.0046428
0.0052231
0.0031487
0.003973
0.006442
0.0043563
0.0041515
0.0027563
0.0064382
0.0036265
0.0044435
0.0044581
0.0049421
0.0057668
0.0046682
0.00070063
0.000316
0.003253
0.0024869
0.0031636
0.0033835
0.0026181
0.0021777
0.003139
0.003338
0.0036124
0.005008
0.0041162
0.0033761
0.0046301
0.0047694
0.0030102
0.003197
0.0028973
0.0025434
0.0039195
0.0040429
0.0023258
0.0044846
0.0028109
0.003381
0.0046429
0.0053791
0.0039339
0.00539
0.0066324
0.0037642
0.0061561
0.0069738
0.0054249
0.0042068
0.0041973
0.0042042
0.0028663
0.0065797
0.0012694
-0.00061181
0.0023455
0.0019214
0.0047
0.0049161
0.0040609
0.003519
0.0032374
0.0042402
0.0045455
0.0033568
0.0026754
0.0038469
0.0015732
0.0043532
0.0026803
0.0045479
0.0038535
0.002336
0.0054025
0.0035106
0.0038141
0.0030011
0.0030555
0.0030705
0.0020679
0.0004144
0.0062484
0.0029106
0.0037365
0.005173
0.0036701
0.0014745
0.0025012
0.0027099
0.004305
0.0025242
0.0051121
0.0040664
0.0061939
-0.0019074
0.0015702
0.0033426
0.0028954
0.0031022
0.0041961
0.0034065
0.00441
0.0018816
0.004237
0.0026697
0.0046539
0.002058
0.0034266
0.004035
0.0044588
0.0027378
0.0042918
0.00425
0.0049418
0.003391
0.0038188
0.0040227
0.0034224
0.0033015
0.0053397
0.0040146
0.0025663
0.0014315
0.0026334
0.0015321
0.0046634
0.0042851
0.0019378
0.0020974
0.0044721
0.0026647
0.0042274
0.0035204
0.0037139
0.00013409
0.0022904
0.003234
0.0040926
0.003668
0.006289
0.0021907
0.0037566
0.0037509
0.0041069
0.0051593
0.0040629
0.0042757
0.0047691
0.0051671
0.0017683
0.0034997
0.0028887
0.0053839
0.0012695
0.0034135
0.0052916
0.0037111
0.0047194
0.0058961
0.0033455
0.0016814
0.0057839
0.0035358
0.003951
0.0034495
0.0039813
0.0060431
0.004164
0.0037193
0.0028452
0.0027344
0.0044966
0.0039442
0.0044607
0.00081022
0.0028118
0.0034786
0.0045307
0.0046905
0.0043575
0.0038181
0.0063801
0.0020791
0.0018134
0.0036922
0.0040823
0.0052119
0.0025764
0.004379
0.0055336
0.0029256
0.005285
0.004179
0.0043336
0.002384
0.0033492
0.0030114
0.0054082
0.0038623
0.0035876
0.0020712
0.0048802
0.0045
0.0033625
0.0028898
0.0031022
0.0028149
0.0040855
0.003397
0.0038039
0.0034995
0.0025979
0.0026411
0.0021565
0.00033101
0.0018328
0.0025578
0.0040871
0.0044875
0.0039916
0.0042916
0.0051567
0.0036855
0.0033412
0.0027291
0.0033757
0.0057678
0.0047666
0.0026295
0.005492
0.004506
0.0044784
0.0033597
0.0033254
0.0039551
0.0040576
0.0029996
0.0025481
0.0041451
0.0039857
0.0032229
0.0027448
0.0027476
0.0031826
0.0040866
0.0024072
0.0031127
0.0039198
0.0018479
0.0038785
0.0025387
0.0057546
0.0042536
0.0025354
0.0012155
0.0016129
0.004502
0.004036
0.0031664
0.0019102
0.0014852
0.0012528
0.0059982
0.00382
0.0016342
0.00040735
0.0063986
0.0022282
0.0020371
0.0047941
0.0035951
0.0021326
0.0036567
0.0050129
0.0024634
0.0043542
0.0027014
0.0028125
0.0022596
0.0045841
0.0032626
0.0056189
0.0030024
0.0029974
0.0037666
0.0041855
0.0020007
0.0032236
0.0059453
0.0030543
0.0033853
0.0045141
0.0044975
0.0046388
-0.00080868
0.0022807
0.0023403
0.0039186
0.0020745
0.0051021
0.0023404
0.0024088
0.0055429
0.0025493
0.0037844
0.0041961
0.00479
0.0043849
0.0033911
0.0032741
0.0034602
0.0025809
0.0024814
0.0014505
0.0039939
0.002831
0.0048288
0.0039241
0.003363
0.0022513
0.0021956
0.0056247
0.0037404
0.0052516
0.0043105
0.0026564
0.0033117
0.0034077
0.00273
0.0050314
0.0043352
0.0032104
0.0036179
0.0032389
-0.00048184
0.0018416
0.0028804
0.0034811
0.0048694
0.0032616
0.002936
0.0051507
0.0036558
0.0021241
0.004068
0.0044399
0.00079652
0.0030245
0.005057
0.0031721
0.0025149
0.0032199
0.0026601
0.0029519
0.005047
0.0034558
0.0042717
0.0036326
0.0039828
0.0023847
0.0036856
0.0027042
0.0046787
0.0036089
0.0049526
0.0049279
0.0041977
0.0058834
0.0042711
0.0031717
0.0041815
0.0050521
0.0035791
0.0048971
-0.002808
0.0022635
0.0044638
0.0053642
0.0025853
-0.00055375
0.0058447
0.0060653
0.0025544
0.0049247
0.0057112
0.0034481
0.0037066
0.0026723
0.0062611
0.0040441
0.0023189
0.0060938
0.00012565
0.005047
0.0050839
0.0025992
0.0035318
0.0033419
0.0050215
0.0019381
0.0035315
0.0045855
0.0030533
0.0026942
0.0034117
0.0014366
0.0031362
0.0033387
0.0039337
0.0020554
0.0049508
0.0033753
0.005447
0.0053694
-0.003188
0.00068839
0.0039104
0.0016699
0.0019107
0.0037597
0.0023676
0.00060729
0.004978
0.005217
0.003344
0.0049794
0.0033685
0.0059437
0.0055212
0.0063205
0.0052431
0.0057685
0.0024709
0.0037085
0.0040247
0.0021992
0.0034069
0.0024278
0.0030014
0.0012944
0.0046153
0.0041887
0.0048496
0.0029483
0.0028705
0.0052504
0.0028664
0.0047054
0.0033659
0.002826
0.0032525
0.0036314
0.0046259
0.0038155
-0.0019846
-9.5953e-05
0.0052806
0.0026848
0.0017851
0.0027531
0.0053972
0.0052492
0.0048818
0.0035455
-8.8386e-05
0.0017317
0.0037242
0.0043052
0.00091328
0.0034926
0.002689
0.0040329
0.0035124
0.0044708
0.0063685
0.0025885
0.0034517
0.0046732
0.0038507
0.0029295
0.0048849
0.0040574
0.0011089
0.0039492
0.0056693
0.0044307
0.0035227
0.0038797
0.0019064
0.0032918
0.002354
0.0062804
0.0048173
0.0035673
-0.000622
0.0012448
0.004379
0.00098179
0.0020978
0.0066
0.0040086
0.0060199
0.0026019
0.0031689
0.0050698
0.0031864
0.00543
0.0030544
0.0038899
0.0012733
0.00040351
0.0019052
0.0039799
0.0045716
0.0036856
0.0035181
0.003785
0.0032894
0.0027693
0.0025492
0.0051435
0.0043837
0.0060827
0.0023179
0.0019246
0.0026706
0.0047617
0.0028852
0.0042994
0.0025499
0.0056043
0.0041547
0.0053326
0.0016283
-0.00077446
0.0012105
0.0045547
0.0035992
0.0039963
0.0032911
0.0012131
0.0050483
0.0036093
0.0031057
0.0038901
0.0039494
0.0066221
0.0006891
0.0028556
0.0034049
0.005275
0.0049794
0.005599
0.0036157
-0.00022056
0.0033575
0.0029451
0.0038574
0.0049662
0.0034119
0.0022747
0.0054821
0.002949
0.0051618
0.0032516
0.0038606
0.0043474
0.0036912
0.0037704
0.0039577
0.0036526
0.0031492
0.0051557
0.0026987
-0.00072712
0.0022199
0.002978
0.0049851
0.00012772
0.0035417
0.003299
0.0059958
0.0032812
0.001418
0.0073177
0.0034078
0.0016252
0.0026197
0.0043892
0.0029368
0.0032034
0.002715
0.0056546
0.0025148
0.0049009
0.0060012
0.0031666
0.00067555
0.0035372
0.0052331
0.0033282
0.0046331
0.0038505
0.0037288
0.0037881
0.0048047
0.001445
0.0030927
0.0020058
0.007135
0.00068303
0.0037648
0.0057584
0.0035075
-0.001579
0.0019271
0.003171
0.0042306
0.001909
0.0040516
0.0030414
0.006061
0.0021412
0.0045213
0.0022406
0.0040692
0.0039827
0.0058273
0.005468
0.0043272
0.0010931
0.0023321
0.004982
0.0037823
0.0021919
0.0030788
0.0052533
0.0032474
0.0063644
0.0029794
0.0034376
0.0040315
0.003996
0.0034662
0.0044238
0.0055607
0.0045327
0.0017916
0.002205
0.0065406
0.0022308
0.0048152
0.004678
0.0024505
-0.00081581
0.00081286
0.0025241
0.0045739
0.0025781
0.0041098
0.0017525
0.003452
0.0074294
0.0019982
0.0022129
0.0035025
0.0056249
0.002957
0.0016401
0.0038742
0.0052531
0.0032566
0.00057812
0.0058556
0.0025032
0.0057038
0.0069983
0.0020666
0.005045
0.003651
0.0025053
0.0030979
0.00165
0.0028844
0.0033912
0.0031081
0.0030255
0.0016424
0.0055731
0.003932
0.0027678
0.0045723
0.0051957
0.0028598
-0.00031591
-0.00073375
0.0031022
0.0046031
0.0041026
0.0019989
0.0069041
0.0060217
0.003496
0.0047904
0.0050201
0.0032898
0.0025771
0.0050926
0.0068424
0.0051207
0.0047019
0.0047362
0.0034154
0.0027444
0.0034197
0.0044627
0.004641
0.002251
0.0033758
0.0042579
0.0024692
0.0054742
0.0044753
0.0040288
0.0038919
0.0051458
0.0039037
0.0023883
0.0055895
0.0042354
0.0024941
0.0056178
0.0049773
0.0031289
-0.0022537
-0.00017006
0.0034953
0.0031836
0.0022651
0.0023669
0.0036757
0.0048734
0.0039312
-0.0017336
0.0034812
0.0047897
0.0017108
0.0019264
0.0065491
0.0034412
0.0059556
0.0034818
0.0038213
0.0041482
0.0020486
0.0037139
0.0057537
0.0041289
0.0047847
0.003707
0.0022141
0.0028828
0.0020937
0.0030389
0.0044178
0.0030623
0.0014701
0.0046062
0.0042161
0.0036221
0.0027288
0.0050804
0.00308
0.0037328
-0.0012145
0.0014202
0.0034729
0.0013149
0.0056873
0.0051051
0.0059847
0.0042722
0.0060801
0.002724
0.0028451
0.005437
0.0046979
0.0044516
0.0050415
0.0027616
0.001674
0.0010309
0.0014134
0.0066609
0.0024183
0.0034519
0.0040015
0.003601
0.0052045
0.0039402
0.0040626
0.0039376
0.0049674
0.0041061
0.0040076
0.0066876
0.0015492
0.0055809
0.0032708
0.0026087
0.0032601
0.0049315
0.0040328
0.0039779
-0.00045067
0.0014074
0.0029811
0.0042839
0.0023839
0.0026998
0.0058183
0.0029508
0.0024117
0.0037324
0.0061883
0.0030425
0.0045856
0.0030122
0.0058887
0.0061538
0.003753
0.0051868
0.0026868
0.0068703
0.0040218
0.0061417
0.0020412
0.0057503
0.0024259
0.0033663
0.0040084
0.003863
0.0035922
0.0045994
0.0031406
0.0032516
0.0034455
0.0043953
0.0032924
0.0037086
0.0033722
0.0044148
0.0012491
0.0047757
2.8307e-06
0.001016
0.0055332
0.0034455
0.0032764
0.0039324
0.0049307
0.004945
0.0047621
0.001916
0.0017148
0.0050622
0.0028886
0.00010263
0.0033032
0.0031638
0.0039678
0.0039688
0.0029479
0.0029327
0.0039589
0.001529
0.0020517
0.0035779
0.005012
0.00286
0.0037469
0.0034515
0.0048444
0.0048663
0.0050813
0.00193
0.0054241
0.0035791
0.0031848
0.0038436
0.0026556
0.0031178
0.004467
0.0033306
-0.00046258
0.00028558
0.0050819
0.0043027
0.0025355
0.0045896
0.0039274
0.0032684
0.0043174
0.0052209
0.0023902
0.003413
0.0060721
0.001258
0.0036799
0.0036081
0.0047869
8.8387e-05
0.0038272
0.0036324
0.0023713
0.004083
0.0030587
0.0029072
0.004974
0.0032932
0.0026421
0.0025464
0.0047843
0.0040996
0.0031022
0.0023083
0.0050285
0.0015081
0.0024731
0.0047627
0.0031722
0.0047052
0.0049669
0.002559
-0.00061431
0.00034098
0.004656
0.0038843
0.0021935
0.0044518
0.0042306
0.0046996
0.0043292
0.0044079
0.0063968
0.0058243
0.0029154
0.0032637
0.0032837
0.0031649
0.0018611
0.0025483
0.0044622
0.0045737
0.0037588
0.0028752
0.0034062
0.0046074
0.0028068
0.0045754
0.0054507
0.0035312
0.0050036
0.0044569
0.0016368
0.0053902
0.0047166
0.0012245
0.0056076
0.0016163
0.0028999
0.0044867
0.0042303
0.0044382
-0.0013973
0.0014543
0.0020896
0.0045453
0.0044185
-0.0011267
0.0043152
0.0026134
0.0044685
0.0043893
0.0029457
0.0020886
0.0022245
0.0039085
0.0051167
0.0048601
0.005124
0.0059758
0.0029574
0.0058925
0.0035139
0.0035746
0.0037911
0.0043058
0.0055269
0.0025187
0.0051476
0.001486
0.0030941
0.0017225
0.004565
0.0051945
0.0041248
0.003681
0.0033241
0.0028092
0.0038156
0.0052995
0.0041225
0.0048069
-0.00064182
0.0023076
0.0024585
0.0065208
0.0046068
0.0028758
0.0020032
0.0049599
0.0054776
0.0037272
0.0035377
0.0055818
0.0050238
0.0041658
0.0030751
0.0028042
0.0046776
0.003917
0.001366
0.0039952
0.0025981
0.0049559
0.0050406
0.0035118
0.0047603
0.0040561
0.0023023
0.0039869
0.0032037
0.002306
0.0039417
0.0056409
0.0055833
-6.9016e-05
0.0039766
0.0053488
0.0024454
0.0063256
0.0031598
0.002989
0.0010713
0.0018708
0.00022835
0.0043402
0.0033381
0.0024748
0.00093111
0.0023753
0.0025345
0.0030695
0.003299
0.00012581
0.0034393
0.005647
0.0020631
0.0014489
0.002081
0.0017895
0.0016676
0.0026638
0.0019483
0.0021027
0.0025736
0.0023335
0.0029943
0.0049003
0.0035575
0.0013839
0.0030049
0.0025523
0.0058226
0.0054234
0.0020607
0.00099342
0.0043665
0.0026248
0.0025123
0.0044011
0.003439
0.0025884
0.00077834
0.0011853
0.0024063
0.0031729
0.0055061
0.003408
0.0052132
0.002562
0.003888
0.0025702
0.005225
0.0046224
0.00087684
0.0019039
0.0044459
0.0052446
0.0030376
0.0033375
0.0050618
0.0062697
0.003416
0.0052703
0.0054831
0.0040985
0.0050132
0.0056936
0.0033519
0.0025759
0.0035409
0.0040647
0.0044783
0.0028839
0.0028404
0.0046688
0.0047149
0.0030718
0.0022554
0.0044826
0.0046999
0.0019946
0.0024468
0.0014502
0.0027555
0.0036381
0.0038473
0.003858
0.0040058
0.0035646
0.004286
0.0054731
0.0049279
0.0060292
0.0061688
0.0043722
0.0065186
0.0053338
0.002198
0.0030253
0.0024506
0.0030483
0.0035609
0.0025211
0.0031193
0.00080824
0.0035981
0.0062857
0.0061729
0.0053755
0.0030905
0.0046072
0.0017636
0.0030824
0.0059572
0.0038396
0.0032783
0.0041952
0.0022711
0.0045738
0.0041818
0.0011441
0.0021355
0.0028295
0.0034578
0.0039164
0.0051573
0.0025501
0.0023748
0.0051584
0.0036222
0.0039289
0.0012297
0.0032162
0.0021862
0.0028109
0.0045846
0.0044934
0.0050858
0.0049051
0.0040649
0.0044831
0.0029824
0.0039753
0.0058788
0.0037939
0.0017591
0.0038336
0.0010759
0.0016141
0.0033472
0.0032622
0.0037965
0.0032542
0.005542
0.0016127
0.0043182
0.004004
0.00050046
0.0047515
0.0056394
0.0021177
0.0013207
0.0012673
0.0020561
0.0029275
0.0041865
0.003965
0.0038156
0.0032223
0.0069279
0.0012517
0.0055625
0.0019263
0.0041638
0.0028665
0.0031202
0.003588
0.0028725
0.0035286
0.0044614
0.0047185
0.0038585
0.0041373
0.0025765
0.0036208
0.0010745
0.0032885
0.0039398
0.0022396
0.003152
0.0025405
0.0058339
0.0034978
0.0054902
0.0032061
0.0047709
0.0030817
0.0017073
0.0027458
0.0037617
0.0024481
0.00044874
0.0022536
0.0031076
0.0034049
0.0040819
0.0044928
0.0045155
0.0030586
0.0024733
0.0055236
0.0038567
0.0036635
0.0045361
0.0030093
0.0019087
0.0031371
0.0040176
0.0039119
0.0016133
0.0019462
0.004294
0.0049121
0.0041809
0.0043008
0.006066
0.0052942
0.00084075
0.002378
0.0019108
0.0030582
0.0038323
0.0028601
0.0036202
0.0034705
0.0029913
0.003461
0.0026362
0.0043508
0.0060555
0.0032742
-0.00043477
0.00064722
0.0044495
0.0044697
0.005086
0.0030601
0.0038634
0.0043673
0.0038946
0.0022542
0.0042387
0.0049474
0.0028373
0.0026057
0.0049971
0.00105
0.0042076
0.0026993
0.0035434
0.0031493
0.0025259
0.0034418
0.0025597
0.0039887
0.0044966
0.0039257
0.0034227
0.0044098
0.004653
0.0038282
0.0051894
0.0052407
0.0047525
0.0032934
0.005425
0.004557
0.0019142
0.0055397
0.0040783
0.0023942
-1.6487e-05
0.0010425
0.0029461
0.0034253
0.0024691
0.0029643
0.0035499
0.0044205
0.0024985
0.0027572
0.0031329
0.0038985
0.0045657
0.0028213
0.0065624
0.0030847
0.0051219
0.0045937
0.0039129
0.0040766
0.0028684
0.0026463
-0.00020983
0.0031385
0.0026579
0.002554
0.0035894
0.003062
0.0032986
0.0018539
0.0014525
0.0027025
0.0018645
0.001351
0.0055969
0.0037192
0.0024923
0.0049182
0.0049472
0.0019245
-0.00012448
0.0014955
0.0049726
0.0043299
0.0046367
0.003815
0.0035063
0.0046218
0.0053608
0.0051497
0.0045216
0.0026416
0.0058567
0.002383
0.0039799
0.0033478
0.00349
0.0044903
0.0056623
0.0052279
0.0052707
0.0076785
0.0041043
0.0049623
0.0059954
0.0043876
0.005691
0.0056745
0.0038177
0.0048961
0.0055789
0.0049982
0.0046666
0.0043948
0.0039597
0.0033666
0.0031101
0.0056905
0.0052409
0.0026135
0.0012587
0.00067509
0.0028025
0.0014677
0.0033634
0.0036428
0.0020327
0.0021517
0.0026184
0.0021506
0.0025919
0.0037957
0.0048865
0.0015651
0.0049554
0.0031569
0.0023942
0.0045095
0.0036246
0.0027985
0.0018864
0.0038356
0.0031509
0.0023963
0.0047027
0.0031294
0.0026862
0.003534
0.0040815
0.0042531
0.0036264
0.0041852
0.0043508
0.0029854
0.003471
0.0039542
0.0032967
0.0028091
0.002135
0.0029443
0.00071965
-0.00020325
0.0045396
0.0051749
0.004968
0.0058186
0.0052769
0.0038503
0.0044778
0.0052509
0.0038104
0.0048881
0.0035604
0.0036045
0.0070269
0.0053405
0.0061218
0.0034758
0.004888
0.005549
0.0049623
0.0046305
0.0048022
0.0048522
0.0041432
0.006122
0.0036162
0.0039974
0.0027487
0.0043706
0.0037226
0.0015763
0.0050579
0.0041546
0.0024137
0.0041342
0.0040999
0.0033731
0.0039839
0.003261
0.00026529
-0.00089339
0.0020925
0.0016971
0.001891
0.0018159
0.0018845
0.0021467
0.0024917
0.0023429
0.0017772
0.0023617
0.0021048
0.0015149
0.0022346
0.0010489
0.0017128
0.001584
0.001755
0.001608
0.0015121
0.0014463
0.0024144
0.0028634
0.0017755
0.002383
0.0027574
0.0022503
0.0011792
0.0011463
0.0028339
0.0044635
0.0034845
0.0042405
0.0056064
0.0055027
0.0053432
0.0052036
0.0053272
0.0053116
0.0037608
