-0.094846
-0.012993
0.051796
-0.080502
0.10668
-0.035907
0.065142
-0.083696
0.086384
-1.656e-05
-0.004075
0.095708
-0.031902
0.0039698
-0.073758
0.10256
-0.037732
0.013044
-0.052467
0.017523
0.15915
-0.055894
-0.056552
-0.056516
0.19142
-0.026893
-0.04364
-0.10458
0.031391
0.1489
-0.057223
-0.024185
-0.1218
0.17241
-0.0073509
-0.0027836
-0.0722
0.026418
0.14432
-0.083528
-0.050171
-0.09596
0.16221
-0.019102
-0.04024
-0.085328
-0.016856
0.11214
-0.050114
0.030792
-0.058968
0.12865
-0.012925
0.022402
-0.07888
0.07853
0.20378
-0.12015
0.016765
-0.13862
0.26201
-0.11796
0.012132
-0.044725
0.069915
0.14835
-0.14128
0.054086
-0.047163
0.18621
-0.16517
0.017687
-0.0077917
0.0026927
0.09914
-0.11038
0.15688
-0.059851
0.13068
-0.16175
0.11942
-0.022701
