-1.0423
0.032296
0.016786
0.020384
0.020504
0.021528
0.020273
0.018802
0.018654
0.019275
0.015781
0.013183
0.012269
0.012051
0.0071933
7.7538e-05
0.0034984
0.00047333
0.0012352
0.0016232
0.0034123
0.0052316
0.0025069
0.0073389
0.0069782
0.0067798
0.0073203
0.0066932
0.0089179
0.0087043
0.011312
0.011893
0.010663
0.011023
0.0099597
0.013003
0.011503
0.017447
0.018273
0.01531
0.027696
0.013489
-0.0096053
-0.0046729
-0.0053685
-0.0062598
-0.0061371
-0.0047382
-0.0046787
-0.0060905
-0.0044365
-0.0037036
-0.0027237
-0.0046801
-0.012537
0.0083045
0.0023624
-0.00018603
0.0010535
0.00096962
0.0027803
-6.6343e-05
8.792e-05
-0.0021662
-0.0025722
-0.0026715
-9.147e-05
-0.00042379
-0.0015288
-0.00090606
-0.00154
-0.0038989
-0.001982
-0.0022535
-0.00013614
0.00040814
-0.0016705
-0.0089827
-0.0037044
-0.010409
0.011642
0.017985
-0.0053121
0.0014607
-0.0016281
0.0015874
0.0027822
0.0024067
0.00047206
0.0019352
0.0034715
-0.00065053
-0.00029321
-0.0041875
0.007956
0.003965
0.00091811
3.5592e-05
1.7383e-05
0.00067095
0.0017624
0.0012787
-0.00093669
0.0057457
-0.0014777
0.00059042
0.00053589
0.0027991
0.0026419
0.0010987
3.8087e-05
0.0018191
0.0022684
0.00057717
-0.0013786
0.0039969
0.0059697
-0.0037448
0.00028227
-0.0048267
0.015565
0.016565
-0.0088782
0.0022251
0.0019938
0.00078507
-0.00011368
-0.0016421
-0.00016245
0.0015704
0.0007417
0.00019931
-0.0041168
0.0026761
0.0068238
-0.00080455
-0.00015531
0.0041075
0.0017562
0.0026884
-0.00079735
2.6157e-05
0.0010927
0.007202
0.0024468
-0.0011133
9.2673e-05
5.5763e-05
0.0010692
-0.0010222
0.0020345
-0.0009776
0.0022435
0.00012534
-0.00055628
0.0008803
0.0025009
0.003588
-0.0027241
-0.0038384
0.015675
0.017139
-0.0030342
0.0022564
0.0026024
0.0011256
0.0018691
0.0012012
0.0034826
0.0013298
0.0022608
-0.0033931
-0.0015801
0.0080035
0.0015544
0.0012306
-0.0012517
-0.00065005
0.0045158
-0.00031692
5.46e-05
0.0017157
0.00064367
-0.0023816
0.0043265
0.0034667
0.00086978
-0.0020136
0.00043576
0.00038874
0.0028923
-0.0005512
0.0011239
0.00018047
0.0018699
0.0004491
0.0030913
0.0055943
-0.0029629
-0.0055656
0.015553
0.015574
-0.0046282
-0.0014671
0.001549
-0.0001725
0.0002246
-0.0011885
0.00038896
0.002417
-0.0036046
-0.0040219
0.0091911
0.0045083
0.0011664
0.0010324
0.0028002
-0.0025658
0.00076448
-0.001335
0.00071247
0.00015402
0.0042501
-0.00011343
-0.0010062
0.0011318
-0.00067251
0.0039027
-0.0024747
-0.00076064
-0.00026323
-0.00043535
0.0009294
0.0014382
-0.00082983
0.0035341
-0.0013745
0.0023956
0.0049553
-0.01019
0.016036
0.014934
-0.00019389
0.0012919
0.0015165
0.0016936
-0.00013653
0.002219
-0.00013553
-0.00041679
-0.0060763
0.0054242
0.00093464
-0.0013631
-0.0011981
-0.0012626
0.0021305
0.00077087
0.0020146
0.0013406
0.0049995
-0.00078074
0.0029721
0.0012456
0.0037225
-0.00024598
-0.00029111
0.002888
0.0045275
-0.0008226
-0.0015322
0.0036991
-0.00088963
0.0022739
5.4354e-05
-8.3928e-05
-0.0002869
0.0029515
0.0054885
-0.0068349
0.013768
0.01205
-0.0070046
0.0021192
0.0045256
0.00064088
0.0025802
0.00078727
0.0021931
-0.0066321
0.0050946
0.0012825
0.0033453
0.0032934
0.0031299
0.00078244
0.0025853
0.0036697
0.0013462
-0.00047642
-0.0015596
0.0012384
0.0010988
-0.0013506
0.0028376
-0.00065825
-0.0011941
0.0020561
-0.0014091
0.004862
0.0011792
-0.002776
0.0027557
-0.00047565
0.0024383
-0.00018073
0.0023481
-0.0010334
0.00093791
0.00070869
0.0093574
0.012297
-0.0030349
-0.0014905
-0.00095399
0.00038797
0.0025877
-0.0010969
-0.0033031
0.0016827
0.0057368
0.0013589
0.00054631
0.00081148
0.0021961
0.0014752
0.0021681
0.0015115
-0.0028921
0.0032325
-0.0025115
0.00081713
-0.0011776
0.0018225
-0.0024342
0.0038092
0.00131
0.0040028
-0.0012988
0.00011999
0.0070585
0.0027069
0.00061526
-0.0013344
-0.002851
0.0025611
-0.0020488
0.0030564
0.002757
-0.00068497
0.012542
0.0099722
-0.0013349
-0.00019031
-0.00018882
0.004357
-0.0014731
-3.2432e-05
-0.0012689
0.0067603
-0.00025096
0.0052919
0.0007997
0.00057573
-7.9114e-05
-0.00076378
-0.001787
-0.00066666
0.0020114
0.0033867
0.001636
-0.00073123
-0.0011034
0.0033948
-0.0050018
9.59e-05
-0.00065797
0.0013483
0.0035689
0.0007181
-0.0022005
0.0034778
0.0022611
-0.0016895
0.00084247
0.0042612
-1.7405e-05
-0.00045276
0.002298
-0.0028372
0.0098731
0.009926
-0.004625
0.00026881
0.0042148
-8.4279e-05
-0.0039311
-0.0019144
0.01043
-0.0017269
-9.1844e-05
0.0023353
-0.00079157
0.0022051
-0.0015352
0.0032317
0.002237
-0.00078154
0.0014506
0.0012842
0.0023187
0.00078553
-0.0006525
-0.00021985
0.0023233
0.00093986
0.00050358
0.0021025
-0.00026985
6.8204e-05
-0.00013071
0.0030307
-0.00055211
0.00032574
0.0006181
-0.0070055
0.0016771
0.0022184
0.0010589
-0.0011847
0.0017859
0.0086407
-0.0023285
0.0012235
0.0027771
-0.0053921
-0.0022562
0.0074722
0.0011984
0.0026431
-0.00020068
0.0051975
-0.0014397
0.00017915
-0.0011461
-0.0041408
-0.0017333
0.0012276
-0.0027676
0.0017995
-0.0013818
0.0021775
0.0036982
0.0024274
0.0013086
-5.4653e-06
0.00088287
-0.0020685
-0.0012889
-0.0019778
0.003027
-0.00029359
0.0034081
0.0044338
0.0026611
0.003777
0.0017258
-0.00029539
0.00015739
-0.002114
0.005012
0.0087832
-0.0030231
0.0016477
-0.00011392
-0.0019596
0.0064803
0.00041849
0.00037794
0.0011698
-0.0014063
-0.0017337
-7.6778e-05
0.0017968
0.0044258
0.0036702
0.00029207
0.0019622
0.0014152
-0.00016142
-0.0018424
0.0041159
0.0014231
0.001557
7.3061e-05
-0.0018303
0.00015423
0.0026436
0.0009192
2.6504e-05
-0.0022779
7.0013e-05
0.0016274
0.0009101
0.0024163
-0.0019625
0.0036613
-0.004744
0.0017998
0.00023876
0.0013398
0.0069981
-0.0032807
0.0010092
-0.0039374
0.0036713
0.0058621
0.0024876
0.0014424
-0.0019345
0.0046954
0.00075011
0.0010211
-0.0035377
0.0012974
0.0036616
-0.001582
0.0023716
0.0012808
-0.0043845
-0.00038696
-0.0024795
-0.00058968
-0.00045079
-0.0011352
0.00036071
0.0050003
-0.0038076
0.0046267
-0.00054637
0.0010756
-0.00048127
-0.0013486
0.00028997
-0.00057599
0.0029748
-0.0015333
0.0095441
-0.0031601
-0.0024928
0.00010859
0.0068721
-0.0035504
0.00019594
-0.0025087
0.0062739
0.00032881
0.0014396
-0.0018849
0.0019407
0.0014393
0.0006357
0.0012882
-0.0020147
-0.0018791
0.0011827
-0.001034
0.0057919
0.0055996
-0.00043516
0.0019168
0.00064066
0.003512
0.00072761
0.0032534
0.00086597
0.00028203
0.00060784
0.0010627
0.00044838
0.00080188
0.00013302
0.0017123
-0.0010005
0.0008937
-0.00082478
0.0045146
5.5632e-05
0.0013213
0.0015699
-0.0040201
0.0062444
-0.0045454
-0.0016962
0.0045744
0.00086196
-0.0053005
0.0029774
-0.00076242
0.0024482
-0.0025202
-0.0011704
0.001341
-0.00025989
0.0012663
0.0036015
0.00083135
-0.0045964
0.0015845
-0.0032515
0.0010118
0.0016424
0.00054398
0.0019154
0.00011489
0.0023874
0.0048881
0.0052942
-0.00096429
0.0032114
0.0027143
0.0031161
0.00090222
0.0028542
0.0032983
-0.0010173
0.0042874
-0.0018948
0.0020068
0.00046713
0.00014263
0.0055548
-0.0051427
0.007748
0.0029061
0.0047926
-0.0013328
0.0032094
-0.0024338
0.0041855
0.00090471
0.0030639
0.0044105
0.0019577
0.00072389
5.0201e-05
-0.0016105
-7.1196e-05
0.0012392
0.001602
0.00081225
-0.0016443
0.0018706
0.0015369
-0.00033073
-0.0013733
-0.0018238
-0.00052911
-0.0029066
6.1789e-05
-0.0031151
0.00020061
0.00021061
-0.00027954
-0.0040496
0.0013041
-0.00072129
0.00090541
0.0031967
0.00058718
-0.0033929
0.00019087
0.0024859
0.0030952
0.0002167
0.0010094
-0.0014601
0.0014473
0.0021621
0.0025542
-0.00011453
0.00030226
0.0040493
0.0019385
0.00061202
0.0012704
0.0022509
0.0012752
-0.0026226
0.0051976
0.003706
-0.0030853
-0.00084963
-0.00093022
-0.0019032
-0.00035126
-0.00016557
0.0034084
0.00092339
0.0010418
-0.00049145
0.0012207
0.0016966
-8.798e-05
0.0054259
0.00065863
-0.0033303
0.0029058
0.0031717
-0.0027763
-0.0017245
0.0017925
0.0036842
0.00054399
0.0013489
0.00090053
-5.4402e-05
0.0011979
0.0011265
0.0070083
-0.0011722
3.6122e-05
0.0034137
-0.0017761
-0.0029254
0.00044329
-0.00062658
0.0012409
-0.0018329
-0.0027051
0.001671
0.0040243
0.00095631
0.0023986
0.0017157
0.0013396
-0.001257
0.00042928
-0.002543
0.0017424
0.0012632
0.0026207
0.00138
-0.0021604
0.0057433
-0.0015921
0.0044737
0.00033146
0.0018382
-0.0019762
-0.00062937
-0.003147
0.0032005
0.0015854
-0.00046983
0.00095786
-0.00012688
-0.0011164
0.00013296
-0.0002512
-0.00035863
0.0015742
-1.9166e-05
-0.0020264
0.0014687
0.0011044
0.0016927
0.0003208
0.0019299
-0.00096177
0.0022919
0.0018507
0.00014846
0.0027278
0.00090983
0.0014078
-0.00012585
0.0043561
0.0016098
0.0024462
-0.0013952
0.0007405
-0.0015775
0.0023004
0.0018372
-0.0011498
-0.0022136
0.0011014
0.0043385
-0.0026983
-0.0015401
-0.0045715
0.001707
0.0011123
0.0013257
0.0021368
0.0025594
-0.0017415
0.0024206
0.0015539
-0.00047863
0.0020895
-0.0016069
0.0031187
0.0038771
0.0013607
0.002461
0.0001707
0.0024891
0.0034953
-0.0043672
0.0042186
-0.0004612
0.00071755
0.00041667
0.0019491
-0.00083956
-0.0022069
0.00067958
0.0043959
0.00023976
-0.0028431
0.0031393
-0.0025013
-0.0026952
0.0015774
0.0050915
0.00028133
0.0047148
-0.0022823
-0.0004639
-0.0064117
0.0016406
0.0020598
0.00077829
0.0020802
0.00023603
-0.0018788
0.0040796
0.0028087
-0.0016065
0.0021831
-1.2296e-05
-0.0009028
0.00076355
-0.0026369
5.7677e-05
0.0025301
-0.0013058
0.0015977
-0.00056333
0.0032037
-0.00038683
-0.0011246
0.0020218
0.00029005
0.0017072
0.0011059
-0.00034326
-0.0019433
0.00045963
0.00096876
0.001377
0.0028229
-0.00095019
0.0028112
0.00025305
-0.0013916
0.0016101
-0.00041453
0.0048604
-0.0053113
0.0022895
0.00091989
0.0010228
-0.0015756
0.0023269
0.00079405
-0.0019795
-0.00050339
0.001198
0.001536
-0.0011886
0.0012527
-3.5534e-05
0.0025961
-0.00035578
0.00095971
-0.00047764
-0.00085885
0.0016678
0.0035248
-0.0011815
0.0019354
-0.0006754
0.0011907
0.0006864
0.0030395
0.00028134
-0.0012418
0.0047763
-0.0032232
0.00097083
-0.00080917
-0.0022444
0.0040672
0.00079514
0.0012591
0.0055319
0.00040975
0.0024529
-0.0065385
0.001906
0.0017499
0.0013328
-0.00025203
0.00055831
-0.00040159
-0.00060276
0.0037578
0.00099967
0.0010247
0.0042046
-0.00095307
0.0028244
0.0018175
-0.0018077
-0.0010718
0.0026082
0.0037066
0.00095563
3.814e-05
0.0041162
0.0034904
-0.0021166
0.00071927
-0.0015052
0.00053764
0.0028717
0.0009725
-0.0032951
0.0017357
0.0030464
-0.0019647
0.0050776
1.1783e-05
0.0027222
0.00069773
0.0062303
-0.0046442
0.0054953
-0.004294
0.0004651
0.00091095
0.0001961
0.0017267
0.0012044
0.0019733
0.0036109
0.00073278
2.6129e-05
-0.0042372
0.0014849
-0.0043215
0.0015966
-0.0023382
0.004969
-0.00029961
0.0042921
-0.0020707
-0.0010248
-0.00043267
0.0041937
-0.00052011
-0.0021177
0.0037823
0.00081969
0.0011751
-0.001867
0.003287
0.0025254
0.0021918
-0.0036057
0.0041595
-0.00072028
-0.0019656
0.0010585
0.0056269
-0.00085456
-0.0025819
0.0060457
-0.0059506
-0.00019334
0.0039977
-0.0014345
0.0016689
0.00077978
0.00052234
-0.0022075
0.0040902
-0.00037708
0.0027818
0.0033867
0.0071027
-0.0022644
-0.0039472
0.0014445
-0.00084229
0.0017811
-4.1611e-05
-0.00064005
-0.0012696
-2.5379e-05
0.0034587
-0.00020551
-0.0011825
0.00079757
-0.0033146
0.0033113
0.0011677
0.0029938
0.0048195
-0.0044834
0.0018929
0.003411
0.0037608
0.0046785
0.0032223
-0.0010025
-0.0023519
0.0066733
-0.00099628
-0.001165
0.0013883
0.0055594
-0.00034805
-0.0011798
0.0013379
-0.0034981
0.00061164
-0.00054044
0.00029896
-0.00069704
0.0010605
0.0015988
0.00035066
-0.00339
0.0024759
0.00093957
-0.0017938
0.0021412
0.001169
-0.0011357
0.0010124
0.00013794
-0.00023812
0.0011179
0.00076401
0.0024217
0.0022157
-0.0031611
-0.00029916
0.0039296
0.0002251
0.002388
0.0008894
-0.0046326
-0.0039045
0.00074957
-0.0013923
0.0057413
0.0020663
-0.00018262
-0.00043177
0.0019017
0.0044331
0.0029325
0.0014123
0.0010862
-2.7616e-05
0.0017366
0.001806
0.0017725
0.0026123
0.0025959
0.001836
-0.00032972
0.0037156
0.00062794
-0.00054416
0.0010375
0.00043255
0.00075991
-0.0013862
0.0025639
0.007527
0.00028505
-0.00029592
-0.0013594
0.0022476
0.0018395
0.001134
7.3394e-05
0.0057429
-0.0019865
0.0031719
0.0029851
-0.0023683
0.00061945
-0.0019481
0.007662
0.0037135
-0.0029049
0.00032429
0.0011504
-0.001636
0.0041429
0.0038006
0.0016429
0.0019647
-0.0010553
-0.0039541
0.0016517
0.00011688
-0.00064232
-0.0025963
0.00028321
0.00069397
0.0019399
0.0013894
0.002577
0.0017808
0.0014935
0.0012257
-0.0057853
0.00014118
0.0017265
-0.0011122
-0.00027103
5.1953e-05
0.0018418
-0.00042354
-0.0012532
0.0032183
0.00276
-0.0024084
-0.0016732
-0.0024456
0.0026253
-0.0013386
0.0069281
0.0048625
-0.001795
0.00045412
0.00062371
0.0023443
-0.00016988
-0.00074481
0.0031086
0.0019392
0.00021206
0.001216
0.0015601
0.0011038
0.0012906
0.00043994
0.0011735
-0.002779
0.0046608
0.0004829
0.0010559
0.00024717
0.0035314
0.0028077
0.0043411
-0.00060183
0.00024225
0.0016387
-0.0017917
-0.0014905
0.0018247
-0.0010046
0.0023953
0.00923
0.0007987
0.00053286
0.0032117
0.0024601
0.0039364
-0.002139
0.0079419
0.012643
-0.0027572
-0.0012779
-0.0012148
0.0025771
-0.001172
-0.00034356
-0.0013567
0.0049832
0.0012108
0.0021285
0.0010957
0.0036135
-0.0019184
0.0031894
0.00068464
-0.0015599
0.0035597
-0.0024848
0.0021462
0.00034715
-0.0021715
0.00011122
-9.4855e-05
0.0029723
-0.0023646
0.00012294
-1.9301e-05
0.0022688
0.0016532
0.00065923
0.0040723
-0.0047151
-0.0024213
0.002787
-0.001574
2.6168e-05
0.00086182
-0.00046266
0.0086864
0.014471
-0.000188
0.000921
0.0037083
3.9279e-05
0.0049421
-0.0037792
9.2442e-05
-0.0019139
0.0018746
0.0029444
0.0015842
-0.0014887
0.0013925
0.00056276
0.00063328
-0.0030786
0.00053149
0.004273
-0.00072148
0.0013321
0.0046391
0.0017692
-0.0013701
0.0035663
0.0024499
0.00093068
0.0025299
0.0020666
0.00065254
0.0063538
0.00094277
-0.0086627
0.0023365
0.000982
0.00015377
0.002296
0.00067414
-0.0020242
0.010005
0.011995
-0.00061612
0.0019459
0.001384
-0.0010644
-0.00063829
0.0030343
0.0021109
0.0010747
-0.00044977
0.0001872
0.0037533
0.0015338
-0.0014292
-4.001e-06
0.0033163
0.00095599
0.0020872
-0.0028381
0.0012312
-0.0015183
-0.0041707
0.00037633
-0.0010816
0.0014241
-0.0025143
0.0030042
0.00018619
0.0013984
0.0036256
0.0098201
-0.0067222
0.001106
0.00092944
-0.00085517
0.0015081
0.0055284
0.00052112
-0.0020603
0.0099396
0.015448
-0.0075212
0.0081669
0.00037599
0.0015821
3.6155e-05
-0.0041846
0.0035214
-0.0020489
0.0016771
-0.00076058
-0.00023606
0.0060973
0.0025717
-9.2117e-05
-0.0024311
0.0045032
-0.0005226
0.0028942
0.00079664
0.0014497
0.00093231
0.0021167
0.0021698
-0.00070341
-0.0014253
-0.00073363
0.000502
0.004644
0.0073254
-0.0065459
0.0006704
0.0021017
-0.0015756
0.002417
0.00070535
0.00089189
-0.0011992
-0.0011094
0.011301
0.017184
-0.0093685
0.0025249
0.002996
-0.00072223
0.0016556
0.00071219
-0.0013704
0.0036602
-0.00059228
0.0011495
-0.00037133
-0.0051689
0.0049654
0.0020626
0.0003921
0.00033339
0.00033127
0.0017504
0.0032519
0.0014525
0.00077829
0.00072303
0.00064783
0.0024611
0.0034295
0.0020601
0.0011429
0.0073476
-0.0033439
-0.0031963
0.0012053
-0.0019525
0.0016274
0.0003851
0.0011641
0.0014096
0.00154
-0.0031345
0.012502
0.018011
-0.0056287
-0.0024051
0.0072046
0.0026969
-0.0002698
1.8249e-05
0.0032909
-0.00080707
0.0025276
-8.4158e-05
0.0014516
0.0012101
-0.0010057
0.0024738
0.0024671
0.0044605
-0.0015428
-0.00027962
-0.0016835
-9.9198e-05
0.00011307
0.0018771
0.0018384
0.0005708
-0.0010453
-4.307e-05
0.0059378
-0.0015975
-0.0026554
-0.0001848
0.0030216
0.00080709
0.0031598
-0.0015067
-0.00043484
0.0014937
0.0028488
-0.0011893
0.012446
0.017883
-0.0040082
-0.0027597
-4.1154e-06
0.0042094
-0.00051471
-0.0010406
0.00094272
0.0017816
-0.00037471
-0.00010755
0.00064855
0.0024048
0.00061733
-0.0033043
-0.00095589
0.0051684
0.00036996
0.00091088
0.0013779
0.0029003
0.0023433
0.0010971
0.0024881
0.0018259
6.4451e-05
0.0061979
0.0039657
-0.0037626
-0.001552
0.0008456
-0.00051323
0.0011381
-0.00073401
-0.00035176
0.0015187
0.003432
0.00055923
-0.0061199
0.013299
0.017812
-0.0039972
-0.00034006
-0.0027729
0.0058082
0.0020645
-0.00076053
0.00044651
0.0020497
0.00071995
0.0003252
0.0017274
0.00084841
0.0013654
-0.00060835
0.0019813
-0.00041307
0.0051411
0.002032
0.0005628
0.00090224
-0.00010563
0.00056091
-0.00024961
0.0010922
0.0062819
0.0064142
-0.0061679
0.00044072
0.0032333
0.0036113
0.00095267
-0.0017451
0.0010636
0.0035753
0.0016041
-0.0026628
-2.7004e-05
-0.003083
0.014431
0.014298
-0.0087866
-0.0040265
-0.0057997
-0.0046405
0.00068367
-0.00036456
-0.0018593
-0.00089079
-0.00026698
-0.001111
9.9914e-05
0.0011329
0.00070407
-0.0002606
0.0011866
-0.00072832
-0.00203
0.0027979
0.0046243
0.002453
0.0031447
0.0032331
0.0019066
0.002289
0.0062418
-0.0072087
-0.0036034
-0.0029647
-0.00055981
-0.0044014
-0.0028865
-0.00036194
-0.0028425
-0.004869
-0.0055266
-0.0035928
-0.0040405
-0.0075101
0.010773
0.029426
0.014331
0.017756
0.017475
0.013187
0.01301
0.011266
0.0092971
0.0093971
0.0091498
0.0074148
0.0061273
0.004559
0.0044886
0.0024474
0.0020089
0.0018713
0.0015882
-0.0021769
0.00082829
-0.0022475
-0.0037941
-0.0028072
-0.0028158
0.0004666
-0.002882
0.003674
0.0070099
0.0093022
0.0099683
0.010682
0.015841
0.014323
0.014244
0.017026
0.016812
0.016687
0.016389
0.013571
0.025192
