-0.16534
0.0085475
0.069366
0.027964
-0.008364
-0.095597
0.039073
0.060324
0.034086
-0.040866
0.026484
0.10185
-0.046357
-0.011091
-0.064617
0.075943
0.057949
0.028185
-0.051114
-0.0041618
0.085648
0.013786
-0.0080639
-0.053953
0.0736
0.06085
0.021161
-0.085642
0.017882
0.080914
0.026704
-0.016111
-0.056333
0.050835
0.044961
0.033234
-0.050889
0.014088
0.09576
0.01284
-0.032127
-0.076007
0.065819
0.043081
0.015813
-0.067898
0.011554
0.12887
0.018264
-0.023857
-0.052214
0.11095
0.053934
0.018326
-0.087178
-0.021521
0.0073307
0.013226
-0.022706
0.039293
-0.0040185
-0.06102
-0.018256
-0.038932
0.032112
0.045465
0.041751
0.014526
0.0040852
0.033939
-0.065507
0.030463
0.01597
0.011463
0.059663
0.030263
0.0018912
0.030291
0.053434
-0.061877
0.017905
-0.015901
