2.2525
-0.013894
-0.0084839
-0.009024
-0.0086225
-0.0090469
-0.0090224
-0.0086613
-0.0073851
-0.0077219
-0.008829
-0.0082552
-0.00902
-0.0079502
-0.0086717
-0.0087137
-0.0087074
-0.0085192
-0.0084457
-0.0074144
-0.0090136
-0.0079501
-0.0082383
-0.0077456
-0.0093291
-0.0091616
-0.01139
-0.010757
-0.0089957
-0.0093613
-0.0078691
-0.007312
-0.0076947
-0.0069908
-0.0072375
-0.0080358
-0.0088023
-0.0081549
-0.007429
-0.0045736
-0.0088219
-0.0078649
0.001012
-0.0020932
-0.0012195
-0.00038893
-0.00092329
-0.0015131
-0.0010063
-0.0015143
-0.0020955
-0.0016468
-0.00022506
-0.00067098
-0.0017607
-0.0015492
0.00036811
-0.0022177
-0.00094985
-0.0010102
-0.00080941
-0.00077807
-0.0016595
-0.00051275
-0.0011515
0.00033663
-0.001734
0.00074278
0.00011594
-0.0017364
-0.0010069
-0.00068365
-0.00091994
-0.0019321
-0.00091255
-0.00065721
-0.0017069
-0.0024167
-0.00075239
-0.0013991
-0.0065809
-0.012961
-0.0016722
-0.0036644
-0.0019593
-0.0019123
-0.0023383
-0.0023003
-0.0042766
-0.0030047
-0.00087753
-0.0025935
-0.0039637
-0.0016105
-0.00092287
-0.0046367
-0.0006555
-0.0024753
-0.00086186
-0.00236
5.1859e-05
-0.0028491
-0.0043231
-0.0042339
-0.0033681
-0.0020011
-0.0021717
-0.0013858
-0.0014769
-0.0030535
-0.0032128
-0.002515
-0.0033795
-0.0036058
-0.0013513
-0.0020598
-0.0020966
-0.0037375
8.8735e-05
-0.0046879
-0.007991
-0.012693
-0.00063819
-0.0016971
-0.0036517
-0.001052
-0.0032418
-0.004185
-0.0020039
-0.0020506
-0.0016533
-0.0037581
-0.002332
-0.0032183
-0.0044942
-0.0047517
-0.0014168
-0.0027243
-0.0041982
-0.0025342
-0.0031394
-0.0045348
-0.0028104
-0.0012725
-0.0014907
-0.0033886
-0.0026221
-0.0035793
-0.0018376
-0.0024507
-0.0018798
-0.00237
-0.003255
-0.0041864
-0.0017062
-0.0043039
-0.002901
-0.0029975
-0.00071469
-0.0031501
-0.0092628
-0.01243
-0.0015572
-0.0023659
-0.0023745
-0.0018524
-0.0042443
-0.0028563
-0.0018074
-0.0028927
0.00067081
-0.0014012
-0.0043036
-0.0025723
-0.0017731
-3.2349e-05
-0.0041532
-0.0025808
-0.0011589
-0.0037974
-0.0041568
-0.0015077
-0.00099748
-0.00064568
-0.0027211
2.6755e-05
-0.0031559
-0.001537
-0.00035652
-0.0039957
-0.0022566
-0.00021318
-0.0031352
-0.0015282
-0.00046403
-0.0031707
-0.0037929
-0.0027152
-0.00090625
-0.00050894
-0.0087112
-0.010345
-0.0011736
-0.0026103
-0.0015584
-0.0041899
-0.0026678
-0.0037356
-0.0025364
-0.00081235
-0.0027574
-0.0052009
-0.0039629
-0.0010996
-0.00026101
-0.0044145
-0.0046211
0.00033305
-0.0030491
-0.0041927
-0.00013846
-0.0018396
-0.0026223
-0.001913
-0.004902
-0.0031625
-0.0034692
-0.0031001
-0.0045188
-0.0045507
-0.0045739
-0.0028863
-0.0021535
-0.0039235
-0.0015499
-0.0038412
-0.0016978
-0.0017506
-0.0026345
-0.0022115
-0.010634
-0.010793
-0.0014984
-0.0025342
-0.0029383
-0.0025461
-0.0019211
-0.0028567
-0.0016698
-0.0027721
-0.0019186
-0.0024567
-0.0017733
-0.0084581
0.00031973
-0.0033115
-0.0019751
2.9747e-05
-0.0032778
-0.0016374
-0.0032295
0.00019361
-0.0035415
-0.003517
-0.002192
-0.0031398
-0.0031619
0.0020658
-0.0035344
-0.0017897
0.0011867
-0.0016502
-0.00066822
-0.0013877
-0.0034102
-0.0036087
-0.0041248
-0.0022803
-0.0018785
-0.0007322
-0.010084
-0.012093
0.00023354
-0.00064278
-0.0026756
-0.0043275
-0.0028309
-0.0020114
-0.0023625
-0.0031017
-0.0032039
-0.0016565
-0.0022927
-0.003651
-0.0026151
-0.0024312
-0.0040034
-0.0037298
-0.0029474
-0.0011953
-0.0029959
-0.0039739
-0.001943
-0.0021302
-0.0015726
-0.0023408
-0.0045289
-0.004813
-0.0027494
-0.0017968
-0.0034447
-0.0061709
-0.0033451
-0.0015248
-0.003557
-0.0013243
-0.001841
-0.0035187
-0.0017412
-0.0025619
-0.0092684
-0.010489
-0.001282
-0.0019228
-0.0008315
-0.0040726
-0.0015538
-0.0013076
-0.0043752
-0.0039955
-0.0041404
-0.00040731
-0.0033225
-0.0027978
-0.0020466
-0.0014706
-0.0033552
-0.0024561
-0.0023765
-0.0056006
-0.0014586
-0.00028378
-0.0011526
-0.0018477
-0.005135
-0.0011444
-0.0028791
0.0010479
-0.0022354
-0.0020356
-0.0016994
-0.0037555
-0.0016742
-0.0018329
-0.002403
-0.0042
-0.0022901
-0.0034676
-0.0010525
-0.0031713
-0.0092773
-0.011392
-0.0017547
-0.0027469
-0.0015723
-0.0025188
-0.0032777
-0.0029721
-0.0017622
-0.0029648
-0.0015095
-0.0016233
-0.00084395
-0.0074829
-0.0016124
-0.0039736
-0.0017401
-0.0038517
-0.0028223
-0.0032299
-0.004141
-0.0029713
-0.0043233
-0.0047937
-0.0035185
-0.0018738
-0.0042611
-0.0035137
-0.0032356
-0.0043499
-0.0021865
-0.0014561
-0.0028871
-0.0038152
-0.00073072
-0.0032699
-0.0042624
-0.0018762
-0.0011312
-0.00090041
-0.010327
-0.010569
-3.1668e-05
-0.0034844
-0.00026855
-0.0019407
-0.0039594
-0.0036587
-0.0013568
-0.0035988
-0.0035658
-0.0019786
-0.0016011
-0.0044714
-0.0017608
-0.001131
-0.0002994
-0.0063941
-0.0041927
0.00015464
-0.0019566
-0.0028329
-0.004293
0.00040328
-0.0053042
-0.0025786
-0.0022461
-0.0025933
-0.0015959
-0.0015431
0.00011584
-0.0027674
-0.005411
-0.0018387
-0.0036281
-0.0032961
-0.002495
-0.0010248
-0.0027126
-0.0020295
-0.0093358
-0.011037
0.00060874
-0.003822
-0.0051317
-0.00026751
-0.0029163
-0.0032698
-0.0022186
-0.002035
-0.0052165
-0.0011705
-0.0035375
-0.0042913
-0.0012333
-0.0045514
-0.003683
-0.0025888
0.00056543
-0.0044435
0.00032311
-0.00096831
-0.001695
-0.0028332
-0.00028309
-0.00087801
-0.0028031
-0.00021809
-0.0038418
-0.0027895
-0.0014499
-0.0035269
-0.00060114
-0.0012049
-0.0015641
-0.00054071
-0.0025471
-0.002908
-0.0023245
-0.0039698
-0.0095466
-0.010186
-0.0016542
-0.00090253
-0.0057442
-0.001763
-0.0029282
-0.0026942
-0.0039245
-0.0040779
-0.0051587
-0.0024896
-0.0019265
-0.0028819
-0.0037026
-0.0023336
-0.0028043
-0.0025556
-0.0019236
-0.0039139
-0.0031432
-0.0028695
-0.0036989
-0.0033319
-0.0012156
-0.0056401
-0.0023
-4.4561e-05
-0.0019667
-0.0044563
-0.0015621
-0.0050391
-0.0029953
-0.0039139
-0.0037989
-0.0022418
-0.0035097
-0.0020349
-0.00063789
-0.0033534
-0.0092122
-0.0095988
-0.0017689
-0.0020928
-0.0026035
-0.0030911
-0.0012628
-0.0015156
-0.00025884
-0.0013961
-0.0018388
-0.00445
-0.0023268
0.00059514
-0.0026871
-0.0056007
-0.0018382
-0.00053758
-0.00457
0.00098312
-0.005486
-0.0028833
-0.0048731
-0.0035372
-0.0045226
-0.0027599
-0.0051838
-0.0033167
-0.0021892
-0.00086225
-0.002558
-0.0036738
-0.0014577
0.00028566
-0.0020083
-0.0020947
-0.0010466
-0.0033567
-0.00081625
-0.0023544
-0.0070894
-0.0096992
-0.00099746
-0.0026178
-0.0013012
-0.0030672
-0.0028471
-0.0018194
-0.0044445
0.00027472
-0.0041448
-0.001225
-0.0033877
-0.0021709
-0.00038637
-0.0046842
-0.0036417
-0.005744
-1.2288e-05
-0.0016959
-0.00092752
-0.0026236
-0.0024919
0.00018949
-0.0053228
-0.0010521
9.4696e-05
-0.0016041
-0.0028865
-0.0035283
-0.0047342
-0.0024193
-0.0022709
-0.002912
-0.0029828
-0.0028522
-0.0016774
-0.0040405
-0.0022799
-0.0030035
-0.009926
-0.0087975
-0.0010389
-0.0031847
-0.0035604
9.9736e-05
-0.0046366
-0.00093888
-0.004349
-0.0023565
-0.0013942
-0.0041189
-0.001905
-0.0031484
-0.0021631
-0.0036499
0.0011274
-0.0052457
-0.00137
-0.0034486
-0.00087008
-0.0038787
-0.0018675
-0.002133
-0.0050445
-0.0032383
-0.0017761
-0.0041568
-0.00075814
-0.00016005
-0.0033037
-0.0058978
-0.0012191
-0.0017029
-0.003718
0.0001318
-0.0030694
-0.0027185
-0.0017973
-0.0023741
-0.0091459
-0.0092952
-0.0030613
-0.0022905
-0.0023179
-0.0037685
-0.0013201
-0.0023966
-0.00046746
-0.0038294
-0.0026586
-0.0026287
-0.0018438
-0.005178
0.00030014
-0.0024953
-0.00074124
-0.0038917
-0.00082216
-0.0020945
-0.0048405
-0.0028369
-0.0038381
-0.001129
-0.0034172
-0.0028869
-0.0024365
-0.0030022
-0.0027446
-0.0016048
-0.0032597
-0.0020746
-0.00093807
-0.0017088
-0.0030562
-0.0012307
-0.0011478
-0.0022238
-0.00044451
-0.0023036
-0.0086751
-0.010104
-0.0021221
-0.0022291
-0.0024384
-0.0038968
-0.0018425
-0.0025622
-0.0029434
-0.0011209
-0.0002494
-0.0027908
-0.0047057
-0.0019074
-0.0043206
-0.0015998
-0.002614
-0.004471
-0.0022589
-0.0015244
-0.004737
0.00010977
-0.0018812
-0.0023568
-0.0028823
-0.0042424
-0.0021338
-0.0031904
-0.0028598
0.00013534
-0.0043494
-0.0023722
-0.0015388
-0.0034196
-0.0026277
-0.0046445
-0.0056026
-0.0035921
-0.00097117
-0.0029983
-0.007461
-0.010873
-0.00013579
-0.00362
-0.0020694
-0.0028524
-0.0034017
-0.0014332
-0.0023726
-0.0032119
-0.0031805
-0.00046281
-0.0022556
-0.0041186
-0.0032512
-0.003596
0.00086512
-0.0029218
-0.0028746
-0.0017271
-0.00038493
-0.0035907
-0.0033551
-0.0010071
-0.0038622
-0.0030303
-0.0024331
-0.0033541
-0.0028044
-0.002221
-0.0048045
-0.0061427
-0.0042285
-0.0032287
-0.00061849
-0.0034924
-0.004477
-0.0033966
-0.0012837
-0.0026911
-0.0078808
-0.0091274
-0.00062669
-0.00054497
-0.0041978
-0.0018628
-0.0024894
-0.0043984
-0.0025743
-0.0038809
-0.0033007
-0.0019739
-0.0020099
-0.00091543
-0.0034506
-0.0033572
-0.0035891
-0.0036912
-0.0011325
-0.0027973
-0.0025239
-0.0027454
-0.0029772
-0.0028613
-0.00070939
-0.00069892
-0.0043059
-0.003988
-0.004353
-0.002441
-0.0040754
-0.0010068
-0.0020692
-0.0028476
-0.00020059
-0.0018325
-0.0015566
-0.0031824
-0.0016877
-0.0019059
-0.0084629
-0.0095369
-0.0043425
-0.0018222
-0.0011941
-0.0032976
-0.003545
-0.0028999
-0.0025931
-0.0035937
-0.000725
-0.002464
-0.00039532
-0.0021969
-0.0010583
-0.0009993
-0.0032655
0.0013149
-0.001819
-0.0028745
-0.0019088
-0.005652
-0.00056854
-0.0015358
-0.0032512
-0.0021206
-0.0024393
-0.0025755
-0.0012297
-0.0011763
-0.0017248
-0.00010107
-0.0020725
-0.0030173
-0.0011387
-0.0036585
-0.0015223
-0.0043159
-0.00095359
-0.0012369
-0.0081897
-0.0091121
-0.0015072
-0.0014395
-0.0034842
-0.0010051
-0.0041721
-0.0015552
-0.001977
0.0016766
-0.0048727
-0.0018883
-0.0031032
-0.0047284
-0.002709
-0.004458
-0.0018467
-0.0050446
-0.0017079
-0.0035099
-0.00089516
-0.002054
-0.0042015
-0.0019572
-0.0014217
-0.0030856
-0.0035033
-0.004721
-0.0020519
-0.0038819
-0.0027827
-0.0037895
-0.0038939
0.00048611
-0.0031513
-0.0042857
0.00016617
-0.00581
-0.00015711
-0.0027344
-0.0096513
-0.0096888
-0.00090452
-0.00333
-0.0012555
-0.0052358
-0.0016686
-0.00129
-0.0018809
-0.0064453
-0.0029806
-0.0033701
-0.0017235
-0.0015886
-0.0014716
-0.0023618
-0.0033691
-0.0024828
-0.0033833
-0.0012653
-0.0028296
-0.0025506
-0.0032051
-0.0046152
-0.0024316
-0.0019552
0.0014471
-0.0013754
-0.0012827
-0.0050436
-0.00040371
-0.0039755
-0.003422
-0.0040186
-0.0010178
-0.0038057
-0.003363
-0.0047636
-0.0020604
-0.0011503
-0.0098157
-0.009468
-0.0025937
-0.0028589
-0.0019251
-0.0024622
-0.0021028
-0.0039987
-0.0027061
-0.0009793
-0.00083229
-0.0025966
-0.0042861
-0.0028118
-0.002889
-0.0027254
-0.0038801
-0.0026911
-0.0043429
0.00094726
-0.00052493
0.00070003
-0.0044331
-0.0021639
-0.0026471
-0.0029058
-0.0054445
-0.0038779
-0.0047242
-0.00060065
-0.0016368
-0.0051557
-0.0012352
-0.0016279
-0.0016312
-0.0043062
0.00070604
-0.0027571
-0.0032943
0.00065363
-0.010599
-0.010955
-0.0023197
-0.0017578
-0.0030427
-0.0019637
-0.0046589
-0.0035354
-0.001951
-0.0020801
-0.0040364
0.0002777
-0.0034881
-0.0027102
-0.0010176
-0.0038267
-0.0022408
-0.0019565
-0.0025921
-0.0011792
-0.0053792
-0.0035393
-0.0038274
-0.0022734
-0.0049322
0.00034818
-0.0043257
-0.0026338
-0.0028612
-0.0034548
-0.0047818
0.00073309
-0.00091495
-0.0020111
-0.0031297
-0.0032233
-0.0042845
-0.0024186
-0.0017511
-0.0016713
-0.009233
-0.011152
-0.0012774
-0.0032963
-0.0029046
-0.0035994
-0.00055369
-0.0038831
-0.0021483
-0.0035332
-0.0015697
-0.003407
-0.0029629
-0.00077016
-0.0034583
-0.0029659
-0.001767
-0.0031625
-0.0028687
-0.0056161
-0.0019466
-0.0038512
-0.0032118
-0.0035568
-0.0023212
-0.0038208
-0.0015756
0.00023666
-0.0028705
-0.0036265
-0.002146
-0.0064665
-0.00026104
-0.0051959
-0.0028546
-0.002212
0.00056023
-0.0064807
-0.0029531
-0.00097774
-0.0078766
-0.010085
-0.0012236
-0.0029924
-0.002747
-0.0025237
-0.00016796
-0.0028589
-0.0034362
-0.0032223
-0.004759
-0.0015554
-0.0023004
-0.0034004
-0.0025535
-0.0014932
-0.0025818
-0.00199
-0.0018893
-0.004672
-0.00097208
-0.001604
-0.0019118
-0.00051844
-0.0056103
-0.0016837
-0.0002294
-0.0005209
-0.0050583
-0.0029822
0.00033262
-0.0035659
-0.0012678
-0.0020461
-0.00053461
-0.0027705
-0.0041895
-0.0020217
-0.0017903
-0.001591
-0.0082168
-0.010956
-0.00087055
-0.0030942
-0.0039975
-0.0021683
-0.004354
-0.0011791
-0.0033127
-0.0015287
-0.00037285
-0.0026119
-0.0034948
-0.0020237
-0.0039044
-0.0021515
-0.0024991
-0.0038947
-0.0024652
-0.0017441
-0.0034833
-0.002989
-0.0042073
-0.00258
-0.0053651
-0.0039399
-0.0020769
-0.0020982
-0.0059958
-0.0021792
-0.0034506
-0.0011209
-0.0019764
-0.0051755
-0.0013496
0.00013007
-0.0026853
-0.0041
-0.0021887
-0.00071347
-0.010082
-0.011147
-0.001434
-0.0013512
-0.0036861
-0.001743
-0.0028349
-0.0026551
-0.002778
-0.0024044
-0.0038562
-0.0031748
-0.00088198
-0.0034265
-0.0039427
-0.0020101
-0.0044344
-0.0018287
-0.0018219
-0.0016537
-0.0027208
-0.0013605
-0.0013803
0.00072876
-0.003316
-0.00022273
-0.0015764
-0.0042026
-0.0015032
-0.0022542
-0.0015756
-0.00055596
-0.0054412
-0.0031918
-0.0029984
-0.0047206
-0.0026447
-0.0020058
-0.0017526
-0.002122
-0.009324
-0.01144
-0.0025417
-0.0011151
-0.0032343
-0.0036531
-0.0026629
-0.00032021
-0.0011286
-0.0043798
-0.0037541
-0.0019468
-0.0015218
-0.0028793
-0.0040448
-0.0033748
-0.00052418
-0.0019271
-0.0014501
-0.001823
-0.0029314
-0.0017676
-0.0031856
-0.0012027
-0.00029272
-0.0020747
-0.0032926
-0.0031913
-0.0041593
-0.0031883
-0.0036326
-0.004239
-0.00082406
-0.0017089
0.00027642
-0.0024213
-0.0025534
-0.0059292
-0.0025265
0.00053441
-0.0084348
-0.011318
-0.00091894
-0.0021301
-0.0033015
-0.0034643
-0.00052358
-0.003959
-0.001271
-0.0025029
-0.0012394
-0.0037933
-0.0026148
-0.0043125
-0.0015328
-0.0017653
-0.0025498
-0.0044842
-0.0014288
-0.0034496
-0.0019155
-0.0034721
-0.0039913
-0.0024353
-0.0039325
-0.0013814
-0.0036876
-0.0026517
-0.002489
-0.0029042
-0.0029514
-0.0025321
-0.0018204
-0.0022293
-0.0038617
-0.0036488
-0.0019562
-0.0010742
-0.0039797
-0.0018564
-0.0097648
-0.0097993
-0.0022124
3.18e-05
-0.002169
-0.0030541
-0.0027553
-0.0030576
-0.0019887
-0.002174
-0.001913
-0.0024023
-0.0014207
-0.0018407
-0.0020504
-0.0026434
-0.0027403
-0.0023584
-0.003193
-0.0046304
-0.0036447
-0.0021492
0.00042558
-0.0042513
-0.0034233
-0.0038637
-0.0015571
-0.0022856
-0.0032787
-0.00059461
-0.00095646
-0.0028298
-0.0014001
-0.0029813
-0.0018854
-0.000361
-0.0048444
-0.0026926
-0.0013631
-0.0010361
-0.0082213
-0.010583
-0.0019669
-0.0019201
-0.0031912
-0.0041602
6.4305e-05
-0.0036467
-0.00060474
-0.0029807
-0.0014559
-0.003225
-0.003913
-0.0011579
-0.0025721
-0.0027206
-0.00069482
3.4137e-05
-0.0022946
-0.0027036
-0.0019953
-0.001111
-0.00060836
-0.0016229
-0.0029345
-0.00254
-0.00071415
-0.0028165
-0.0026358
-0.00085978
-0.0026646
-0.0032453
-0.002694
-0.0025558
-0.0016854
-0.00057146
-0.0045115
-0.002316
-0.0024134
-0.001607
-0.0086021
-0.010107
-0.0013519
-0.0014546
-0.0029127
-0.0025929
-0.0023986
-0.0042849
-0.001792
-0.0025533
-0.0016569
-0.0023288
-0.0015391
-0.0031698
-0.0026557
-0.0036693
-0.0037706
-0.0027825
-0.0015976
-0.003509
-0.0056688
-0.003406
-0.0037509
-0.005719
-0.003437
0.00029233
-0.0022853
-0.0013844
-0.0027592
-0.00055096
-0.002252
-0.0032639
-0.0021711
-0.0023443
-0.001596
-0.003842
-0.0045714
-0.0033051
-0.00099773
-0.0018618
-0.0077678
-0.010476
-0.0011875
-0.0022441
-0.0038023
-0.0034267
-0.0031238
-0.0021105
-0.0032189
-0.0051227
-0.0045233
-0.0015404
-0.0032583
-0.0029006
-0.0036603
-0.0023478
-0.0023568
-0.00092592
-0.0029738
-0.0030667
-0.0021606
-0.0028602
-0.0018483
-0.0012795
-0.0028312
-0.0036876
-0.0020378
-0.0051912
-0.0037563
-0.0022152
-0.003784
-0.0023834
-0.0010707
-0.0024901
-0.0031364
-0.001377
-0.0029784
-0.0033672
-0.0014037
-0.0025596
-0.009525
-0.010649
-0.0013808
-0.002378
-0.0028002
-0.0034729
-0.0032462
-0.0029061
-0.0043605
-0.0027129
-0.0028618
-0.0029036
-0.0010865
-0.0045524
-0.0015699
-0.0027026
-0.0040915
-0.0040014
-0.002778
-0.0059906
-0.00053866
-0.002293
-0.0018786
-0.00070895
-0.0040031
-0.0007391
-0.0034086
-0.0012753
-0.0020845
-0.0027088
-0.003029
-0.0034581
-0.0037942
-0.0044634
-0.0015896
-0.0015154
-0.0012782
-0.0041001
-0.0013017
-0.0026934
-0.0098191
-0.010171
-0.00071819
-0.0029722
-0.0026415
-0.0022991
-0.002843
-0.0018919
-0.00060449
-0.004124
-0.0022403
-0.0012214
-0.0035044
-0.0017551
-0.0014336
-0.00037815
-0.0014986
-0.00077877
-0.0030936
-0.00012019
-0.0021078
-0.002998
-0.0034604
-0.00067058
-0.0044048
-0.0024362
-0.0025248
-0.0023728
-0.0022298
-0.0022185
-0.0042788
-0.001609
-0.0022036
-0.0032619
-0.0010032
-0.0027353
-0.0030475
-0.0052797
-0.0012628
-0.00052648
-0.010632
-0.011243
-0.00026808
-0.0029829
-0.0041813
-0.0024581
-0.0016657
-0.0028919
9.3757e-05
-0.0029312
-0.0025179
-0.0022842
-0.002128
-0.004303
-0.0043032
-0.0031512
-0.0012641
-0.0027871
-0.0012649
-0.0021837
-0.0025769
-0.0029432
-0.0021604
-0.0018303
-0.0043854
-0.0022518
-0.0023902
-0.0025128
-0.0045823
-0.0029696
-0.0018598
-0.0021366
-0.0028084
-0.0031217
0.00030858
-0.0044889
-0.0022014
0.00012288
9.1937e-05
-0.0028822
-0.010385
-0.010105
-0.0007964
-0.001873
-0.0026965
-0.0016382
-0.0014189
-0.003006
-0.0010464
-0.0011433
-0.0036094
-0.0012542
-0.0010725
-0.0012405
-0.0019674
-0.003024
-0.0036596
-0.00088148
-0.002131
-0.0031187
-0.0013388
-0.0032907
-0.0031735
-0.00065822
-0.0017852
-0.0011071
-0.00098549
-0.0008389
-0.00179
-0.0010972
-0.0017966
-0.0013557
-0.0018188
-0.0015145
-0.0013098
-0.0025653
-0.00099217
-0.0012081
-0.0018905
-0.0022773
-0.0092951
-0.0087458
-0.0031036
-0.0035701
-0.0038118
-0.0044429
-0.004507
-0.0059922
-0.0053902
-0.0057632
-0.005313
-0.0040729
-0.0043993
-0.0040117
-0.0027143
-0.0034497
-0.002761
-0.0034456
-0.0032164
-0.0024024
-0.0027444
-0.0029717
-0.0033454
-0.0034383
-0.004154
-0.0055167
-0.0040884
-0.0049758
-0.004477
-0.0042223
-0.0042347
-0.0045736
-0.0038713
-0.0047187
-0.0058296
-0.0059374
-0.0054375
-0.0048715
-0.0049671
-0.0033744
-0.0091797
