5.01
-0.0029269
-0.003256
-0.00209
-0.0016244
-0.0018381
-0.0024061
-0.0021455
-0.0029447
-0.0030284
-0.0028873
-0.00078782
-0.0029537
-0.0023122
-0.00065153
-0.0042873
-0.0032262
-0.0037946
-0.0020365
-0.0019929
-0.0037645
-0.0033785
-0.0031597
-0.0042117
-0.0052746
-0.0053524
-0.0039099
-0.0028454
-0.0043858
-0.0039112
-0.0035756
-0.0046735
-0.0047085
-0.0049451
-0.0050717
-0.0048862
-0.0062579
-0.0060275
-0.0072873
-0.0071483
-0.0072407
-0.0086684
-0.0070972
-0.0056921
-0.0068351
-0.0058369
-0.0076744
-0.0090932
-0.0055564
-0.0062857
-0.0052474
-0.0069768
-0.0038317
-0.010635
-0.0051272
-0.0060395
-0.0056361
-0.0073858
-0.0064947
-0.0061992
-0.0051589
-0.0070334
-0.0069394
-0.0072519
-0.0044051
-0.0056319
-0.0045346
-0.0050759
-0.0093883
-0.0072674
-0.0071867
-0.0067838
-0.0068577
-0.0066409
-0.0086291
-0.0098668
-0.0056175
-0.00858
-0.0040676
-0.0065489
-0.0092989
-0.0085329
-0.0066851
-0.0071397
-0.0065739
-0.006585
-0.0074541
-0.0059095
-0.0056578
-0.006266
-0.0057193
-0.0077806
-0.0065014
-0.006989
-0.0080224
-0.0098579
-0.0056911
-0.0053424
-0.0082098
-0.0063365
-0.0067687
-0.0074115
-0.0063321
-0.0086401
-0.0070934
-0.0058426
-0.0078446
-0.004682
-0.0045528
-0.0075917
-0.0065547
-0.0075093
-0.0089167
-0.0066723
-0.0062455
0.00045502
-0.010841
-0.0015807
-0.0086654
-0.0072392
-0.010727
-0.0088659
-0.0075322
-0.0084938
-0.006522
-0.0059724
-0.0077714
-0.007198
-0.0072058
-0.0046786
-0.0088848
-0.0083964
-0.0055926
-0.0064223
-0.0056853
-0.0055886
-0.0084462
-0.0069576
-0.0078616
-0.005017
-0.0074672
-0.0066627
-0.0095364
-0.01094
-0.0094214
-0.010489
-0.0044016
-0.0069276
-0.011101
-0.01019
-0.0078066
-0.011507
-0.00073258
-0.0026073
-0.0049336
-0.0070018
-0.012347
0.0021065
-0.011398
-0.0061784
-0.0090443
-0.0093345
-0.007501
-0.0058534
-0.0072899
-0.0060105
-0.004136
-0.0069213
-0.0073205
-0.0093716
-0.0039558
-0.0063683
-0.0066231
-0.0071825
-0.006844
-0.0054174
-0.0051995
-0.00605
-0.0049103
-0.0082765
-0.008156
-0.0062138
0.00033544
-0.001073
-0.0036558
-0.0053062
-0.0034864
-0.0036783
-0.0056744
-0.00605
0.0012888
-0.00892
-0.014221
-0.0033051
-0.0058741
-0.0062382
-0.0030076
-0.006902
-0.0088846
-0.0068239
-0.0093834
-0.0086362
-0.0083554
-0.0065677
-0.0076681
-0.0050614
-0.0077782
-0.0060908
-0.0070061
-0.0083308
-0.0059354
-0.0058899
-0.0069345
-0.0050453
-0.0068066
-0.0068912
-0.0091049
-0.0052846
-0.0069824
-0.0075382
-0.0086119
-0.0071383
-0.0036671
-0.0076198
-0.00728
-0.0099831
-0.0018529
-0.005261
-0.0048074
-0.003639
-0.008237
-0.0053835
-0.0076993
-0.010823
-0.004205
-0.0061806
-0.0039306
-0.010454
-0.0077216
-0.0079207
-0.0089279
-0.0090012
-0.0062838
-0.0058914
-0.0079326
-0.0079915
-0.0068816
-0.0045875
-0.0076026
-0.0067302
-0.0049916
-0.0063683
-0.0083703
-0.0064117
-0.0059461
-0.0061803
-0.0098876
-0.0077213
-0.004497
-0.0051138
-0.0060453
-0.0085527
-0.0093499
-0.0066273
-0.0062208
-0.0097987
-0.0082301
-0.010691
-0.0036236
-0.0076599
-0.0030118
-0.010957
-0.01093
-0.0031336
-0.004384
-0.0098836
-0.0010581
-0.0094744
-0.0076077
-0.006729
-0.0087343
-0.0095435
-0.0088846
-0.0070823
-0.0056221
-0.0072222
-0.0054436
-0.0064951
-0.0060873
-0.0061996
-0.0078607
-0.0073141
-0.0057551
-0.0061148
-0.0088489
-0.0038685
-0.0052123
-0.010068
-0.0059008
-0.0061875
-0.0077029
-0.0061649
-0.0076762
-0.0072308
-0.006528
-0.0057374
-0.0093158
-0.010998
-0.0069841
-0.013945
-0.0083352
-0.0072754
-0.010107
-0.0017889
-0.0043327
-0.0097463
-0.0020262
-0.010831
-0.007228
-0.0060607
-0.0089945
-0.0083983
-0.0073716
-0.0063062
-0.0091419
-0.0069725
-0.0051369
-0.00994
-0.0051918
-0.0067185
-0.0046929
-0.0077575
-0.0084963
-0.0066558
-0.0075765
-0.0053237
-0.0058082
-0.0074115
-0.0073822
-0.0059964
-0.0064929
-0.005916
-0.006826
-0.0082652
-0.0086986
-0.011094
2.2347e-05
-0.0019488
-0.0019692
-0.0091065
-0.008282
-0.011926
-0.0076406
-0.0016544
-0.014295
-0.004335
-0.0052612
-0.010243
-0.0060162
-0.0070333
-0.0090865
-0.008542
-0.0093437
-0.0065904
-0.0071635
-0.007845
-0.007663
-0.0046783
-0.0045138
-0.00787
-0.0080504
-0.0055341
-0.0070507
-0.0064459
-0.0065771
-0.0083395
-0.0091229
-0.0047586
-0.0096516
-0.0068923
-0.0058671
-0.0069763
-0.0059807
-0.0062417
-0.0084283
-0.008126
0.0014854
-0.011548
-0.0034387
-0.0018482
-0.0064075
-0.0037737
-0.0065344
-0.0056635
-0.006872
-0.0026848
-0.0072536
-0.0079612
-0.0067681
-0.0076161
-0.0087878
-0.0078654
-0.0073281
-0.0077585
-0.0030213
-0.0089624
-0.0059846
-0.0068039
-0.0088511
-0.0069657
-0.0058788
-0.0071602
-0.0078609
-0.0079957
-0.0037051
-0.0041105
-0.0042887
-0.0047597
-0.0063379
-0.0082011
-0.010595
-0.00073099
-0.012354
-0.0059405
-0.011423
-0.0055306
-0.0040958
-0.016541
-0.0011781
-0.00919
-0.0089024
-0.0040698
-0.005571
-0.0082985
-0.0064653
-0.0030998
-0.010241
-0.0056589
-0.0069544
-0.0078371
-0.008022
-0.0085022
-0.005359
-0.0081307
-0.0025441
-0.012118
-0.0064005
-0.006299
-0.0059512
-0.0063583
-0.0081506
-0.0072664
-0.0042455
-0.00060501
-0.008903
-0.0089172
-0.0079976
-0.011071
-0.010102
-0.010713
-0.012551
0.00030878
-0.0069002
-0.01077
-0.0099012
-0.00029191
-0.0027534
-0.012496
-0.006701
0.0016938
-0.0037158
-0.0044623
-0.00091995
-0.018261
-0.0041399
-0.0035358
-0.0095299
-0.009726
-0.0050892
-0.0079381
-0.008017
-0.008989
-0.0082644
-0.0066724
-0.0064639
-0.0055089
-0.0068991
-0.0069988
-0.0075127
-0.0078404
-0.0028733
-0.0036014
-0.0093654
-0.0093929
-0.0096508
-0.011725
-0.0068811
-0.0045381
-0.0012796
-0.0034537
-0.0065807
-0.0051406
-0.0059832
-0.0047884
-0.0061414
-0.0042977
-0.010405
-0.0062932
-0.012689
-0.010963
-0.013631
-0.011557
-0.0058091
-0.011235
-0.003311
-0.0018838
-0.010998
-0.0058622
-0.0056479
-0.0093424
-0.0084905
-0.0085586
-0.0085315
-0.0061466
-0.0065315
-0.0070865
-0.0053918
-0.0064699
-0.0069988
-0.0068413
-0.0054043
-0.0086889
-0.0091575
-0.0086086
-0.00062198
-0.00083348
-0.0039767
-0.0044853
-0.007717
-0.0071748
-0.0046698
-0.006282
-0.00673
-0.0047023
-0.0062689
-0.004822
-0.0011086
-0.017081
-0.0020808
-0.0030135
-0.00083179
-0.0050158
-0.0010507
-0.013606
-0.0042122
-0.0019432
-0.011587
-0.0050048
-0.0076411
-0.0088754
-0.0083698
-0.0090017
-0.0067702
-0.0083117
-0.0066465
-0.0061749
-0.012271
-0.007156
-0.0071534
-0.0052755
-0.0064949
-0.0094383
-0.0073075
0.003369
-0.0085395
-0.010027
-0.009925
-0.0078559
-0.013688
-0.0022304
-0.0082364
-0.0057142
-0.0063607
-0.0059929
-0.0066439
-0.0063276
-0.00039929
-0.01347
0.0030455
-0.011493
-0.012379
-0.0048492
-0.0023358
-0.014063
-0.0042111
-0.0042364
-0.012094
-0.01094
-0.0010979
-0.0095169
-0.0072392
-0.0095874
-0.0075912
-0.0054888
-0.0084916
-0.0025954
-0.0056993
-0.0045199
-0.0071973
-0.0086643
-0.009752
-0.0065888
0.0013886
-0.011205
-0.012701
-0.0031041
-0.0099619
-0.0031223
-0.00977
-0.0013264
-0.0070406
-0.0050406
-0.0084023
-0.0062356
-0.010857
-0.0053877
-0.0032775
-0.0151
-0.0030425
-0.0026147
-0.0038578
-0.0033543
-0.00070831
-0.016025
-0.0072007
-0.0010614
-0.012605
-0.00054995
-0.0052494
-0.0071497
-0.010874
-0.0096434
-0.0067932
-0.0075239
-0.0087264
-0.0067177
-0.0061231
-0.0069828
-0.0065741
-0.0045967
-0.0081217
0.0028924
-0.0089546
-0.0069194
-0.0083827
-4.7808e-05
-0.0074141
-0.0090698
-0.00027647
-0.010336
-0.0067886
-0.0037923
-0.0047409
-0.0029265
-0.011602
-0.0014798
-0.0039752
-0.0084653
-0.0080013
-0.0087011
-0.011662
-0.010163
-0.0027411
-0.0095269
-0.0014669
-0.0055557
-0.013217
-0.0017583
-0.0024571
-0.006467
-0.0094922
-0.0092665
-0.0074861
-0.0068327
-0.0053352
-0.0084976
-0.0039895
-0.0096116
-0.0076059
-0.011504
-0.0024372
-0.013991
-0.0057221
-0.010952
-0.0060365
-0.0095143
-0.0055716
-0.014412
-0.0024394
-0.012246
-0.0038416
-0.0081989
-0.0062416
-0.0046606
-0.015398
-0.0034293
-0.012015
-0.013998
-0.00749
-0.0051407
-0.0014758
-0.0024122
-0.0018534
-0.013491
-0.0055699
-0.0068446
-0.003761
-0.0077663
-0.0012556
-0.0095159
-0.0089057
-0.0093371
-0.0078906
-0.0059413
-0.0068843
-0.0086985
-0.0045201
-0.0078437
-0.0056666
-0.010966
-0.0043104
-0.0061449
-0.0064685
-0.0082136
-0.0058438
-0.0059497
-0.0057388
-0.0090861
-0.0026469
-0.012406
0.00048039
-0.012914
-0.0048856
-0.0023913
-0.012124
0.0023568
-0.011531
-0.010077
0.0038872
-0.012037
-0.011043
-0.010044
-0.0058149
-0.010022
-0.0023323
-0.01321
-0.0070703
-0.0066469
-1.2808e-05
-0.014419
-0.00771
-0.0098867
-0.0057828
-0.012133
-0.0057464
-0.010637
-0.007478
-0.0070538
-0.0066066
-0.012487
-0.0012288
-0.008142
-0.0051495
-0.0046485
-0.008065
-0.0047081
-0.0075533
-0.0080247
-0.0043275
-0.011089
-0.0020469
-0.010753
-0.0091732
-0.0060821
-0.0066878
-0.0037262
-0.0045475
-0.0083401
6.9554e-06
-0.009962
-0.0057068
-0.0045181
-0.0086286
-0.01358
0.00101
-0.013159
-0.0048961
-0.0044707
-0.005389
-0.0085554
-0.0082191
-0.01106
-0.0089242
0.00087554
-0.0026296
-0.0044485
-0.0079633
-0.0054728
-0.0052563
-0.0088756
-0.00071798
-0.0058831
-0.00537
-0.008125
-0.0091648
-0.0051469
-0.0098559
-0.0063694
-0.0078219
-0.0089875
-0.0046859
-0.014001
-0.0023654
-0.003223
-0.014413
-0.0046842
-0.011584
-0.016857
0.00098389
-0.0090353
-0.0090037
-0.0032096
-0.0042944
-0.0068601
0.00086581
-0.01262
-0.003559
-0.0026792
-0.0094156
-0.0098711
-0.0081725
-0.010063
-0.0065223
-0.0037967
-0.0036649
-0.010211
-0.0083375
-0.0069285
-0.0065048
-0.012161
-4.1489e-05
-0.0074334
-0.0039131
-0.0060583
-0.0055176
-0.0065069
-0.0048249
-0.0023538
-0.010454
-0.0042111
-0.0047552
-0.013849
-0.00185
-0.0023779
-0.012269
0.0026262
-0.012678
-0.0092656
0.0010934
-0.013418
-0.010362
-0.010448
-0.014348
-0.011107
-0.0030145
-0.014071
-0.0023305
-0.0029399
-0.0099672
-0.0079464
-0.0063027
-0.0082323
-0.0084887
-0.010049
-0.0011566
-0.010878
-0.0055891
-0.0057252
-0.0046221
-0.0076947
-0.0046259
-0.012643
-0.013114
-0.0052785
-0.0061638
-0.0060568
-0.0069971
-0.0035783
-0.012487
-0.0051391
-0.00051917
-0.010347
-0.0066645
-0.0038124
-0.015177
0.0038215
-0.0095106
-0.0095136
-0.0034549
0.0015768
-0.0025813
-0.0049093
0.0012118
-0.0073996
-0.00015872
-0.017223
-0.00095689
-0.0068103
-0.008974
-0.0091098
-0.007232
-0.0079681
-0.0087193
-0.0044551
-0.0099637
-0.0075194
-0.0061632
-0.0082363
-0.007368
-0.0080199
-0.010432
0.0017371
-0.011667
-0.0037467
-0.0064145
-0.0034106
-0.0068482
-0.0015406
-0.013471
-0.0027895
-0.0065926
-0.016954
-0.00048652
-0.00063318
-0.017438
-0.0017066
-0.0049374
-0.010535
-0.011695
-0.012442
-0.0084772
-0.01229
0.0027893
-0.012135
-0.0066043
-0.009612
-9.7813e-05
-0.0096101
-0.0061562
-0.0082804
-0.0060505
-0.0077177
-0.0092396
-0.0058834
-0.0073151
-0.0069043
-0.0075739
-0.0077472
-0.0052646
-0.007865
-0.0096338
-0.0082723
-0.0013968
-0.0043649
-0.012847
-0.0091325
-0.0068115
-0.0012383
-0.014803
-0.0039885
-0.003624
-0.010838
-0.0015596
-0.0038868
-0.013005
-0.0017266
-0.0077801
-0.010157
-0.0050662
-0.0017303
-0.0032983
-0.0047203
-0.00075102
-0.012803
-0.0091434
-0.0014115
0.00021731
-0.011293
-0.0063219
-0.0078597
-0.0068294
-0.0089127
-0.0037751
-0.0062377
-0.0082438
-0.0072143
-0.0074566
-0.0073129
-0.010537
-0.0070578
-0.003505
-0.0035486
-0.0051514
-0.0078804
-0.0059812
-0.011639
-0.0047276
-0.0012649
-0.013786
-0.0031535
-0.0046992
-0.013754
-0.0059349
-0.0051294
-0.014589
-0.00050883
-0.00072625
-0.018397
-0.0016225
-0.0058377
-0.016931
-0.0049614
-0.0042168
-0.0099006
-0.0080022
-0.0054102
-0.0025559
-0.013747
-0.0073637
-0.0091388
-0.0068436
-0.0084572
-0.0087394
-0.0059636
-0.0080515
-0.0061028
-0.0069026
-0.0012319
-0.010011
-0.00048212
-0.011347
-0.0056229
-0.0047886
-0.013257
-0.0044496
-0.0076557
0.0008627
0.0032113
-0.012076
-0.0062853
-0.0049461
-0.011135
8.457e-05
7.3669e-05
-0.013192
-0.0043687
0.00011173
-0.013682
0.00034354
-0.0038013
-0.0013432
-0.0054704
-0.0037022
-0.011138
-0.0094458
-0.0051771
-0.0058858
-0.010429
-0.0048122
-0.0071037
-0.0069988
-0.0080014
-0.0073384
-0.0065347
-0.0063449
-0.0062884
-0.010049
-0.0032747
-0.0033047
-0.0092943
-0.0032361
-0.0016722
-0.0063709
-0.006638
-0.008935
-0.0099217
-0.011721
-0.0088215
-0.010672
-0.0003468
-0.0019968
-0.013381
-0.0027139
-0.0051342
-0.0044105
-0.00631
-0.0070463
-0.010431
-0.0084698
-0.012369
-0.0098824
-0.010837
-0.0029109
-0.007949
-0.0097814
-6.4573e-05
-0.005211
-0.0064698
-0.0061132
-0.0077459
-0.0083392
-0.0077885
-0.0082879
-0.0069436
-0.0066694
-0.0073143
-0.0078864
-0.00806
-0.0063344
-0.0082346
-0.0030057
-0.0023524
-0.010721
-0.0069404
-0.0076544
-0.0062151
-0.0086915
-0.0067417
-0.011391
0.0001921
-0.0054003
-0.0091706
-0.0074401
-0.010449
-0.0078525
-0.0052405
-0.0044345
-0.011739
-0.0079339
-0.0019719
-0.0039656
-0.0040824
-0.0029729
-0.0098014
-0.010875
-0.0018608
-0.0083811
-0.011669
-0.0056354
-0.007516
-0.0078281
-0.0083208
-0.0084257
-0.0052932
-0.0064957
-0.0073789
-0.0055111
-0.0072553
-0.0078864
-0.0071503
-0.0099633
-0.0023375
-0.0098344
-0.0045564
-0.007459
-0.0067145
-0.0052338
-0.0087601
-0.007642
-0.00017516
-0.011077
-0.0082486
-0.010563
-0.0078699
-0.010835
-0.0032814
-0.0009026
-0.015689
-0.0037936
-0.0044914
-0.016585
-0.0099986
-0.00074339
-0.0082611
-0.0089673
-0.0019221
-0.0086474
-0.008505
-0.0061194
-0.007139
-0.0085336
-0.0082623
-0.007662
-0.0059114
-0.0063556
-0.0074047
-0.0066898
-0.0057979
-0.0063854
-0.0082484
-0.0078982
-0.0090571
-0.0078029
-0.0075161
-0.0072262
-0.0066626
-0.0081662
-0.0060321
-0.0084336
-0.0073461
-0.0085662
-0.0075457
-0.0056141
-0.0066896
-0.0072222
-0.00223
-0.0030823
-0.016062
-0.0042755
-0.0040407
-0.0011685
-0.0025522
-0.0056433
-0.0042926
-0.0042455
-0.0067034
-0.0077194
-0.0073817
-0.006105
-0.0079226
-0.007412
-0.0081466
-0.0076153
-0.0065883
-0.0066286
-0.0066212
-0.0069671
-0.0077041
-0.0065802
-0.0063161
-0.0074585
-0.0080428
-0.0072122
-0.0041911
-0.0062726
-0.0059951
-0.0068763
-0.0074496
-0.0077494
-0.0063162
-0.0048588
-0.0066558
-0.0049001
-0.0059341
-0.014825
-0.0029345
-0.00060469
-0.0095719
4.8989e-05
-0.0075733
-0.0093752
-0.0092616
-0.011536
-0.01259
-0.0026825
-0.0035641
-0.0068549
-0.0093787
-0.0062323
-0.0080416
-0.0069718
-0.0075031
-0.0081542
-0.0061082
-0.0064413
-0.0072631
-0.0067027
-0.0072408
-0.0076276
-0.0051109
-0.0072975
-0.0093696
-0.00050454
-0.0057733
-0.0080288
-0.0066448
-0.0057849
-0.0073007
-0.0072021
-0.0071197
-0.0054906
-0.0063268
-0.0074936
-0.0098822
-0.0064384
-0.0064674
-0.011207
0.0014935
-0.0047995
-0.013683
-0.010207
-0.010134
-0.0020219
-0.015086
-0.0069656
-0.0036019
-0.0082714
-0.0082777
-0.0074683
-0.0070149
-0.0090241
-0.0071598
-0.0070027
-0.0065916
-0.0068939
-0.0076985
-0.0071268
-0.0041109
-0.0058718
-0.0074355
-0.003961
-0.0075022
-0.0077681
-0.0083917
-0.0057022
-0.0066698
-0.0057038
-0.0080714
-0.0066754
-0.0044558
-0.0085555
-0.0065724
-0.0075694
-0.0063319
-0.005432
-0.0075061
-0.0088736
-0.010528
-0.011576
-0.01051
0.0010756
-0.0044404
-0.0034633
-0.0085642
-0.0063444
-0.00098666
-0.0081107
-0.0083347
-0.0056229
-0.0069324
-0.0093525
-0.006752
-0.0089679
-0.0073915
-0.0055484
-0.0053529
-0.0072242
-0.0068304
-0.0071883
-0.007031
-0.0088294
-0.0065496
-0.0059894
-0.0072904
-0.0095752
-0.0055309
-0.0065523
-0.0072198
-0.0073941
-0.0075407
-0.0049759
-0.008373
-0.0048117
-0.0071681
-0.0091405
-0.0091809
-0.009945
-0.0087337
0.0020604
-0.0027493
-0.0052446
-0.0068302
-0.0033463
-0.0066198
-0.015257
-0.0013671
-0.0041157
-0.008978
-0.0069724
-0.0070359
-0.0094254
-0.008814
-0.0070431
-0.0058374
-0.0063593
-0.0062288
-0.0084578
-0.0071177
-0.0079176
-0.0062098
-0.0062981
-0.0064624
-0.0062085
-0.0077817
-0.0058167
-0.0064609
-0.0046478
-0.004903
-0.0080341
-0.0071613
-0.0072277
-0.0071431
-0.0082879
-0.0079486
-0.0087036
-0.0016286
0.00029919
0.00017814
-0.011002
-0.0099671
-0.0027526
-0.012276
-0.0029839
-0.01064
0.00074949
-0.0038579
-0.0047197
-0.010402
-0.0069448
-0.0065963
-0.0092677
-0.0089215
-0.0036217
-0.0095647
-0.006159
-0.0060616
-0.007388
-0.0063091
-0.0057789
-0.0074547
-0.0062905
-0.0078049
-0.0056499
-0.0049481
-0.0067374
-0.0077872
-0.0048515
-0.0072793
-0.0064103
-0.0065852
-0.006138
-0.0074319
-0.0052122
-0.0059774
-0.0073049
-0.0070368
-0.0096981
-0.01085
-0.0082317
-0.0093612
-0.0089439
-0.0089408
-0.010103
-0.0085729
-0.0071402
-0.0082896
-0.002675
-0.010496
-0.0068829
-0.0065759
-0.0087741
-0.010329
-0.0046076
-0.0078517
-0.0066671
-0.0048141
-0.0065957
-0.0063357
-0.0075884
-0.0052339
-0.0076553
-0.0068606
-0.0063263
-0.0077406
-0.0052827
-0.0065307
-0.0075373
-0.006856
-0.0064409
-0.0073508
-0.0069842
-0.0069521
-0.0058498
-0.0061024
-0.0071723
-0.0061228
-0.0065853
-0.0074958
-0.0042766
-0.0051863
-0.0062941
-0.0058697
-0.0043717
-0.0059673
-0.007402
-0.010908
-4.429e-05
-0.010071
-0.0065497
-0.0074428
-0.009531
-0.008662
-0.0082716
-0.0052225
-0.0070063
-0.0078008
-0.0074907
-0.0058974
-0.0063525
-0.0077427
-0.0068513
-0.0061545
-0.0076602
-0.0069183
-0.0079485
-0.0077724
-0.0073992
-0.0070914
-0.0064267
-0.0072032
-0.0062021
-0.0064312
-0.0069099
-0.0049323
-0.0080547
-0.0073789
-0.0077677
-0.0068402
-0.0072196
-0.0064116
-0.0053821
-0.0072448
-0.0054789
-0.0069021
-0.005004
-0.0080767
-0.0051012
-0.0060687
-0.0080045
-0.0072256
-0.007946
-0.0044028
-0.0025526
-0.0026823
-0.0016834
-0.0033698
-0.0041303
-0.0030788
-0.0026854
-0.0016549
-0.0021846
-0.0012315
-0.002554
-0.00088172
-0.0015459
-0.0017734
-0.0015833
-0.0019906
-0.0017247
-0.0012524
-0.00234
-0.0011555
-0.0017997
-0.00053102
-0.0012667
-0.001456
-0.0023791
-0.0021722
-0.0030906
-0.0027528
-0.0034638
-0.0035352
-0.003507
-0.0035664
-0.0031475
-0.0031914
-0.0037944
-0.0031694
-0.0035179
-0.0036411
-0.006466
