0.011515
0.031561
0.028925
-0.035649
-0.026747
0.040299
0.027433
-0.011346
-0.018634
-0.017676
0.057178
0.012101
-0.018831
-0.0099908
0.033044
0.026454
-0.020336
-0.025683
0.0072433
-0.035447
-0.033078
0.078887
-0.0447
-0.067598
-0.038234
-0.016336
-0.046773
-0.033566
0.028289
-0.030124
-0.083576
-0.05196
0.066991
0.0034683
-0.076738
-0.05768
0.00092605
0.10714
-0.02695
-0.12148
-0.022898
0.11833
0.024975
-0.097227
-0.069788
0.061967
0.062888
-0.026508
-0.081917
-0.0068138
0.057732
0.0079772
-0.083864
-0.030508
0.070352
0.032492
-0.059207
-0.0728
-0.068131
0.16089
-0.0062877
-0.17106
-0.081009
-0.0052753
0.11877
-0.026007
-0.071284
-0.0076645
0.11846
0.065018
-0.18464
-0.059709
0.075786
0.059923
-0.047338
-0.014684
-0.013966
0.033894
0.014972
-0.18444
-0.042627
0.055576
