-0.11546
0.0073111
-0.053863
0.022347
-0.084986
0.14246
-0.034396
-0.089945
-0.085867
-0.024306
0.062319
-0.041708
0.064814
-0.062616
0.046753
0.014288
-0.075722
-0.082513
-0.0059494
-0.0024858
-0.094764
0.12035
-0.12047
0.029058
-0.073246
-0.056598
-0.12209
-0.031745
0.02686
-0.054354
-0.12044
-0.047792
0.15207
-0.045994
-0.12396
-0.045791
0.009486
0.12129
-0.012553
-0.12785
-0.057148
0.093138
0.044366
-0.11621
-0.06125
0.017715
0.093675
-0.02958
-0.11285
-0.10397
0.079699
-0.0041597
-0.10506
-0.076933
0.0064525
-0.025114
0.047068
0.13526
-0.0056038
-0.093507
-0.024695
0.072707
0.051947
-0.030641
-0.048329
0.036843
0.11753
-0.029365
-0.10187
-0.028889
0.064538
0.050837
-0.06387
-0.04116
0.043699
0.14445
-0.036747
-0.14815
-0.021632
0.067056
0.063363
-0.06346
