2.2296
-0.0074411
-0.0021066
-0.0011788
0.00049096
0.00030255
-0.00037568
-0.0016028
0.000135
-0.00078271
-0.0014252
0.00030265
6.205e-05
-0.00094091
-0.00031859
-0.0013944
-0.001265
-0.0012031
-0.0015967
-0.0012534
-0.0013779
-2.8753e-05
-0.0012906
-0.0006739
-0.0017355
-0.0010871
-0.0024059
-0.0015532
-0.0016101
-0.0023668
-0.0015831
-0.0026278
-0.0017793
-0.00051061
-0.00091734
-0.0018359
2.6847e-05
-0.0022666
-0.00074725
-0.0017855
-0.010551
-0.010018
-0.004363
-0.0015262
-0.0025329
-0.0034139
-0.003119
-0.0001084
-0.0013427
-0.00021131
-0.0014917
-0.00075692
-0.0018226
-0.0024346
-0.00055144
-0.00070272
-0.0020615
-0.0014231
-0.00035899
-0.00075523
-0.00012983
-0.00063181
-0.0025635
-0.0010475
-0.0010128
-0.00091113
-0.0010711
3.4432e-05
-0.00071285
-0.0013235
0.00043476
-0.0010748
0.00030411
-0.00098559
0.00020295
-0.0038083
0.0004388
-0.0036089
-0.0033883
-0.0017464
-0.013014
-0.011643
-0.0065345
-0.0023877
-0.0016581
-0.00072102
-0.00078768
-0.0064118
-0.0044393
-0.0041107
-0.0026792
-0.0013968
-0.0056725
-0.0026522
-0.0027318
-0.0013214
-0.0016662
-0.0039709
-0.0024623
-0.0031912
-0.0026086
-0.00076703
-0.0040414
-0.002263
-0.0018137
-0.0032998
-0.0026851
-0.0043996
-0.0016432
-0.0010452
-0.00022783
-0.0034877
-0.0038431
-0.0027308
-0.0016747
-0.0029251
-0.0021708
-0.0041513
-0.0010912
-0.0039571
-0.01466
-0.012119
-0.0047232
-0.0030014
-0.001275
-0.0029862
-0.0020605
-0.0014139
0.00044093
-0.003207
-0.0058891
-0.0048712
-0.0011635
-0.002072
-0.0016714
-0.0044287
-0.0029085
-0.0035738
-0.0046351
-0.0042066
-0.0049093
-0.0047303
-0.0061292
-0.0037857
-0.0036928
-0.0027958
-0.0050428
-0.0044514
-0.00048034
-0.0027733
-0.0043626
-0.0035521
-0.0040045
-0.003181
-0.00079872
-0.0049244
0.0014334
-0.0024776
-0.0025532
-0.0034012
-0.01416
-0.012059
-0.0033871
-0.00021274
-0.0053995
-0.0014286
-0.00095305
-0.0058268
-0.00058088
0.0016823
0.00019471
-0.00088119
-0.0033883
-0.0060585
-0.0029551
-0.0029792
-0.0024346
0.00027003
-0.00029573
0.00055749
0.00077217
0.0016863
-0.0015592
-0.00036236
-0.00080749
-0.00019049
-0.0015717
-0.0020893
-0.0035462
-0.0046315
-0.0015306
-0.0019838
-0.0050229
-0.0060992
-0.0036091
-0.0068676
-0.003837
-0.0013364
-0.0014915
-0.0036562
-0.014583
-0.013042
-0.0066138
-0.0010266
-0.0039049
0.00028869
-0.0034532
-0.0067519
-0.0051205
-0.0065204
0.00056048
-0.0010622
-0.0023479
-0.0018321
-0.0022944
-0.0033635
-0.0039009
-0.0035318
-0.0042917
-0.0029022
-0.0051883
-0.0028567
-0.0046727
-0.002865
-0.0036336
-0.0028491
-0.0022758
-0.00248
-0.00039981
-0.0018109
-0.0066635
-0.0049748
-0.00076545
0.00020318
0.00034598
-0.0026774
-0.0019798
-0.0035511
-0.0014743
-0.0046204
-0.01429
-0.012773
-0.0054142
-0.00070288
-0.0013001
-0.0028385
-0.00040991
-0.0022623
-0.0017921
0.00020239
-0.0054507
-0.0023643
-0.0014085
-0.00041948
0.0011026
-0.0019255
-0.0022245
-0.0048717
-0.0027397
-0.0040037
-0.0027427
-0.0027649
-0.0036129
-0.0016992
-0.00029579
-0.0029057
-0.0014071
-0.0041263
-0.0016137
-0.0047028
0.00058278
-0.003587
-0.0048739
0.00077747
-0.0007601
-0.0069726
-0.00017407
-0.0023103
-0.0046279
-0.0024619
-0.014552
-0.011079
-0.0069204
-0.0013286
-0.0037461
-0.0027503
-0.0016955
-0.0064595
-0.0039551
-0.0017479
-0.0031938
-0.0048194
-0.0040752
-0.00089267
-0.0011583
-0.00018562
-0.0042136
-0.0017703
-0.001377
-0.001819
-0.004492
-0.0030838
-0.0019062
9.8402e-05
-0.0022776
-0.00075377
-0.00029627
-0.0067284
-0.0038054
-0.003172
-0.0023259
0.00023503
0.0051668
-0.0055788
-0.0056566
-0.0044435
-0.007825
-0.0030208
-0.0040551
-0.0023054
-0.01476
-0.012792
-0.0066144
-0.0012385
-0.0040866
-0.0030747
-0.002994
-0.0041146
-0.002596
-0.0014717
-0.00085949
-0.0032702
-0.003522
-0.0039784
-0.0069431
-0.0026834
0.0007545
-0.0032848
-0.003245
0.00013874
3.187e-05
-0.0027784
-0.0048986
-0.0056045
-0.003421
-0.0047782
-0.0019028
-0.000688
-0.0019403
0.00021662
-0.00038607
-0.0022692
-0.0071439
5.4043e-05
-0.00027048
-0.0062775
0.0026954
-0.0065219
-0.0014923
-0.0051045
-0.01474
-0.012042
-0.0071945
0.00046057
-0.0022117
-0.0013018
0.0034486
-0.0028972
-0.0055444
-0.002472
0.0022789
-0.0049004
0.00029089
-0.0018492
-0.00092855
-0.0062791
-0.002302
-3.8499e-05
-0.00082904
-0.0027154
-0.0054178
-0.0026762
-0.001521
0.00076483
-0.0029971
-0.0036722
-0.0051654
-0.0069823
6.468e-06
0.00099867
-0.004523
-0.0045643
-0.004399
-0.0042334
0.0033369
-0.003617
-0.0010223
-0.0011284
-0.0038528
-0.0043121
-0.014038
-0.011599
-0.00508
-0.0028825
-0.0052362
-0.0057969
-0.0034005
-0.0053554
-0.0026943
-0.0026342
-0.0044258
-0.0029847
-0.0034092
-0.0062227
0.00030228
-0.0011564
-0.0045975
-0.004676
-0.0050479
-0.00028481
-0.0010529
-0.0019683
-0.0020285
-0.0034539
0.00031849
0.00084462
0.0010284
-0.0018244
-0.0068316
-0.0032625
-0.0013946
-0.0012845
-0.0018388
-0.0016126
-0.0026607
-0.0035953
-0.0010909
0.00088202
-0.0030472
-0.0038976
-0.013222
-0.011375
-0.006605
0.00041095
-0.0018773
-0.0016904
-0.0020098
-0.0045141
0.00047277
-0.0031625
-0.0032982
0.00095269
-0.0020259
-0.0017234
-0.0044149
-0.0017562
-0.0029176
-0.0032258
-0.0024467
-0.0040229
-0.0033115
-0.0028592
-0.00067936
-0.0024849
-0.0018228
-0.0088131
-0.0022174
-0.00068596
-0.0051313
-0.0013117
-0.0037113
-0.0044071
-0.0037084
-0.0003974
-0.0032056
-0.0050594
0.00011731
-0.0041302
-0.0067406
-0.0048108
-0.013085
-0.014129
-0.0043301
-0.00029495
-0.0024322
-0.0031046
-0.0040429
-0.0016369
-0.0023275
-0.0038353
-0.0031077
-0.0029376
-0.0047511
-0.00090004
-0.0036985
-0.0044077
-0.0016286
-0.0037651
-0.0046436
-0.0043486
-0.0044939
-0.0077897
-0.0030709
-0.00025277
-0.0064218
-0.010073
0.00043576
-0.00055431
-0.0009516
-0.0051962
-0.0014791
-0.005231
-0.0047913
0.0016263
0.00175
-0.0067001
-0.0012637
0.0017613
-0.0052774
-0.0048229
-0.014313
-0.01044
-0.0079855
-0.0007231
-0.004547
-0.003574
-0.00016975
-0.0025794
-0.001401
-0.0015227
-0.0019248
-0.0022268
0.0018377
-0.00061781
-0.0017737
0.0022103
-0.0019802
-0.0015897
-0.0011901
0.00063148
0.00034925
-0.00084706
-0.00049458
-0.004944
0.00045806
0.0056463
-0.00023053
-0.0041762
-0.0044403
0.00034548
-0.0015407
-0.0027537
-0.0058267
-0.005945
0.0014623
-0.00078284
-0.0033438
-0.00038894
-0.0031365
-0.0056742
-0.014026
-0.013294
-0.0035985
-0.00067647
-0.0020239
-0.0030371
0.002642
-0.010447
-0.0039596
-0.0052216
-0.0028544
-0.0030062
-0.0017849
-0.004937
-0.002524
-0.0023362
-0.0054827
-0.0033272
-0.0016664
-0.0027304
-0.0057072
-0.0050671
-0.0020271
-0.0028091
-0.0044864
-0.0065808
0.0034548
0.0039555
-0.0037884
-0.0030532
0.00012812
-0.0022574
-0.0034542
-0.0011492
-0.0072269
-0.0078351
0.005145
-0.00044868
-0.0035127
-0.0048023
-0.013793
-0.012474
-0.0051862
-0.0017203
-0.0081989
-0.006675
0.0009014
-0.0043634
0.00055322
-7.9692e-05
-0.0041235
-0.0022961
-0.0026744
-0.0051655
-0.001142
-0.0044201
-0.0015888
-0.0035026
-0.0026201
-0.0005393
0.0014549
-0.00092296
-0.0040495
-0.00090411
-0.0031342
-0.0022123
-0.007859
-0.0062427
-0.005705
-0.0050695
-0.0034172
-0.00061559
0.00020839
3.4886e-05
-0.00068922
-0.0039058
-0.0048917
-0.0083098
-0.000649
-0.0057341
-0.014541
-0.012165
-0.0087783
-0.0014778
-0.0018154
0.0003797
0.0036279
-0.0050201
-0.0041196
0.00064563
-0.0031035
-0.0051523
-0.0059197
-0.00062557
-0.0025209
-0.0049102
-0.0039697
-0.0032325
-0.0077797
0.001029
-0.006503
-0.0043544
-0.0044906
-0.0012706
-0.0091172
-0.004349
-0.00017051
-0.0027339
-0.0089617
-0.0002317
0.00094502
-0.0029162
-0.006605
-0.00020896
0.0024311
-0.0096428
-0.0029316
-0.0024991
0.00010385
-0.004726
-0.014321
-0.011112
-0.0052925
-0.00054433
0.00029675
-0.0008588
-0.0022286
-0.0063431
-0.0032165
-0.0059958
-0.0011725
-0.00052079
-0.0011384
-0.0014156
-0.0040843
-0.001953
-0.0023016
-0.0017991
-0.0030868
-0.0078583
-0.006945
-0.0043502
-0.0011753
0.0010927
0.0011339
5.9797e-05
-0.0021901
0.0020003
-0.0063007
-0.0048638
-0.0054102
-0.0057625
-0.0046361
-0.0052444
-0.0041184
-0.0057759
-0.0020027
-0.00023272
-0.0015134
-0.0039688
-0.01566
-0.012088
-0.0045513
-0.0019498
-0.0073257
-0.0048263
-0.0047682
-0.0034529
-0.00054542
0.00019861
-0.0027151
-0.0037516
-0.0048573
-0.0014659
-0.0012765
0.0010765
-0.001243
-0.0023815
0.00011547
0.001131
-0.0011201
-0.0032173
-0.0048559
-0.0048883
-0.0060411
-0.0028983
-0.00091116
0.00014689
-0.0027886
-0.0036625
-0.0035488
-0.0031974
-0.004503
-0.0023776
-7.6319e-05
-0.0074646
-0.0065062
0.00049353
0.002935
-0.0059871
-0.014523
-0.012264
-0.0079226
0.00012999
-0.0025843
-0.00020308
-0.00059758
-0.0079604
-0.006733
-0.0018532
-0.00049421
0.00032786
-0.0044902
-0.00032379
-0.00579
-0.0096035
-0.001936
-0.0044537
-0.003981
-0.0017338
-0.0034787
-0.0018963
-0.00044622
-0.0012719
-0.0059852
0.0010442
-0.0024694
-0.0039216
-0.0016173
-0.0033267
-0.0047211
-0.0014464
-0.0012681
-0.0020864
-0.0044175
-0.0049144
-0.0018827
-0.0059596
-0.00018655
-0.00316
-0.016949
-0.011997
-0.0080923
0.0012583
-0.0054437
-0.0029777
0.0043351
-0.0062024
-0.0032167
-0.0030337
-0.0031057
-0.0023393
-0.0037327
-0.0035842
0.0013132
-0.0015241
-3.0277e-05
-0.0011682
-0.0011794
-0.0019848
-0.0052491
-0.0033675
-0.00081094
-0.00092184
-0.00029421
-0.0040515
-0.0010465
0.0011938
0.00012033
0.0020001
-0.0050753
-0.0060744
-0.0050075
-0.0017608
0.0033911
-0.0017891
0.00048442
-0.0049791
-0.0016545
-0.002424
-0.015381
-0.012107
-0.0066962
-0.0034406
-0.0019659
-0.00073805
-0.0053929
-0.0057569
0.0017683
-0.00012843
-0.0020408
-0.0025258
-0.0040281
-0.0029216
-0.0033424
-0.00077675
-0.0041593
-0.005216
-0.0081233
-0.0040322
-0.0070027
-0.0033403
-0.0017841
-0.0011871
-0.0017212
0.00071736
0.00022975
-0.0010176
-0.005442
-0.0037906
0.00060132
0.00010014
-0.00045227
-0.0018205
-0.0031999
-0.0073108
0.00030829
-0.00073008
-0.0021491
-0.0034371
-0.017509
-0.013425
-0.0026119
0.0011334
-0.0063902
-0.0043079
-0.0037711
-0.0032683
-0.0011061
-0.0063496
-0.0035371
-0.0024908
-0.0031936
-0.0001048
-0.0028525
-0.0049765
-0.0033277
-0.0049189
0.0041284
0.0049897
-0.00080563
-0.0044461
-0.0056726
-0.0063467
-0.0091942
-0.0074754
-0.0066926
-0.0049514
-0.00012259
0.0027006
-0.0016897
-0.005193
-9.029e-05
0.0001293
0.0017911
-0.0034356
-0.0051976
-0.003404
-0.0025269
0.0017392
-0.018132
-0.011272
-0.0072614
-0.0012459
-0.0043355
0.00087969
-0.0021665
-0.0089671
-0.002321
-0.0030647
-0.0018764
-0.004163
-0.0024702
-0.0021013
0.00028444
-0.00060205
0.0016255
-0.0029299
-0.0042755
-0.006176
-0.006272
5.9316e-05
0.00094707
0.003587
0.0002903
0.00022214
-0.00025736
-0.0025017
-0.011582
-0.011396
-0.0026824
-0.0044871
-0.0069663
-0.0031427
-0.0046975
-0.0060109
-0.0011789
-0.0018054
-0.0041694
0.00010366
-0.018285
-0.012512
-0.0055719
-0.0011624
-0.002891
7.1185e-05
0.0023412
-0.0026476
0.00087895
-0.00082762
-0.0025784
-0.0022128
-0.0020034
-0.002431
-0.0051506
-0.0063849
-0.0045899
-0.0053355
-0.00064178
-0.0011743
-0.0038374
-0.0023293
-0.0017427
-0.0054958
-0.004579
-0.0026343
-0.0039159
-0.00056662
-0.0031359
0.00048487
-0.0010618
-0.0028237
-0.0037495
-0.0053258
0.0030804
-0.0051657
-0.0040106
-0.0027512
-0.0030472
-0.0011706
-0.018124
-0.012409
-0.005754
-0.0025972
-0.0021053
-0.0024401
0.00066271
-0.0084455
-0.0023338
-0.0046363
-0.002274
-0.0042884
-0.00236
-0.0020301
-0.0027864
-0.0033615
-0.00075114
-0.0025328
-0.0040581
-0.0010403
-0.0013351
-0.0024611
-0.0061147
-0.0012721
-0.0038969
-0.0052103
-0.0010223
-0.00098565
-0.0042807
0.00088602
-0.0029604
0.00066838
0.001061
-0.0071411
0.0014641
0.0025804
-0.0058232
-0.0058221
-0.0007627
-0.0024577
-0.014932
-0.011918
-0.007019
-0.0020571
-0.004088
-0.0045718
0.0014156
-0.0064405
-0.0019739
-0.0037164
-0.0031496
-0.0025847
-0.0017038
-0.0007254
-0.0037147
0.0002509
-0.0045705
-0.00062806
-0.00028804
0.00017406
-0.0011425
-0.0054657
-0.0041066
-0.0020937
-0.0033042
0.00285
-0.0018236
-0.0049
-0.00097016
-0.0025619
-0.0025339
-0.0011078
-0.0038155
-0.0017797
-0.004094
-0.010425
0.00016759
-0.0031643
0.0010342
-0.0071786
-0.014127
-0.013009
-0.0041312
-0.00061361
-0.00080494
-0.0046404
-0.00088978
-0.0078422
-0.0011272
-0.0021912
-0.0027423
-0.002921
-0.0033645
-0.0015671
-0.0033212
-0.0010259
-0.0045241
-0.0061107
-0.0011175
-0.0032071
-0.0016008
-0.0045333
0.0011666
0.0031916
-0.0058369
-0.0042213
-0.0039581
-0.0031085
-0.0036734
-0.0015844
0.00015358
-0.0019092
-0.004291
-0.001367
-0.00024542
-0.0049315
-0.0035189
-0.00071337
-0.0012233
-0.0069586
-0.013577
-0.011123
-0.0062799
-0.0023552
-0.0026425
-0.0029144
0.00082093
-0.0028155
-0.0040933
0.00095129
-0.0023694
-0.0018955
-0.004669
-0.0022638
-0.00326
-0.0018388
-0.0025688
-0.00415
-0.0022442
-0.004027
-0.0032468
-0.0044409
-0.0032221
0.00011692
-0.000918
-0.0052716
-0.001394
-0.0010312
-0.0045175
-0.0021835
-0.0017374
-0.0060702
-0.0018953
-0.0048665
-0.0010756
-0.0031253
9.2116e-05
-0.00038805
-0.0017265
-0.0059131
-0.014256
-0.011326
-0.0074577
0.00039963
-0.0036981
-0.0031624
-0.001765
-0.0028507
-0.0037684
-0.0050607
-0.00082379
-0.0021229
-0.0050415
-0.0003124
-0.0014219
-0.0044754
-0.0040134
-0.0027357
-0.0032189
-0.002282
-0.0010239
-0.0036773
-0.0048245
-0.00010319
-0.0054117
-0.0022587
-0.0042201
-0.0031354
-0.0058692
-0.0047389
-0.0019193
-0.0031641
-0.0063138
0.00012251
0.002463
-0.0057181
-0.0021548
-0.00063313
-0.0055491
-0.0038726
-0.015072
-0.013232
-0.0043351
-0.00031649
-0.0020403
-0.0016521
-0.00084111
-0.0067583
0.0012601
-0.0044847
-0.0020605
-0.0027296
-0.00088203
-0.0025021
-0.0016778
1.4572e-05
-0.0017538
-0.0021641
-0.003251
-0.0019916
-0.002356
-0.0036772
-0.001795
-0.0016889
-0.0027303
-0.0039071
-0.00013836
-0.0034341
0.0012622
-0.0033381
-0.0032492
-0.0042412
-0.0010911
-0.0019645
-0.0029071
-0.0055469
-0.0014199
-0.0011209
-0.0024018
-0.0049596
-0.01523
-0.011084
-0.0084283
4.6456e-07
-0.0070274
-0.0044192
-0.00096243
-0.0040006
-0.0030082
-4.4765e-05
-0.0047635
-0.00071728
-0.0035036
-0.0030853
-0.0031272
-0.003362
-0.0048041
-0.0041578
-0.0028187
-0.0039841
-0.0046035
-0.00072343
-0.0028096
-0.0022031
-0.0032215
-0.0019253
-0.0018419
-0.005311
-0.0024353
-0.0018644
-0.00051474
-0.0012411
-0.0037743
-0.0027868
-0.0019791
-0.0042495
-0.0010907
-0.0019862
-0.0054413
-0.0038405
-0.014145
-0.013518
-0.0043055
-0.00090964
-0.0044737
0.00031342
-0.0028721
-0.0032192
-0.0038701
-0.0032681
0.00010443
-0.0028365
-0.0023879
-0.0047672
-0.0030541
-0.0022884
-0.00014189
-0.0025304
-0.00062575
-0.0012362
-0.0019824
-0.0021564
-0.0017792
-0.0019712
-0.0026607
-0.0021707
-0.00040243
-0.0010278
-0.0021189
-0.0030323
-0.00092509
-0.0021337
-0.0027722
-0.0030914
0.00035907
-0.003507
-0.0024415
-0.00083182
-0.0044697
-0.0033424
-0.015372
-0.013512
-0.0039785
0.0017524
-0.003048
-0.0018679
-0.0032749
-0.0053793
-0.0014705
-0.0013922
-0.0025542
-0.00077919
-0.0030301
-0.0057301
-0.002074
-0.00089985
-0.0031091
-0.0040776
-0.0024954
-0.0012707
-0.0026045
-0.0025543
-0.0033024
-0.002988
-0.00246
-0.0016557
-0.0036694
-0.0028919
-0.0017456
-0.0054794
-0.0030683
-0.0015847
-0.0025961
-0.00044253
0.00047088
-0.0067029
0.0013309
-0.0039961
-0.0047164
-8.1444e-05
-0.015526
-0.013044
-0.0049453
-0.0011407
-0.0063243
-0.0010942
-0.0013499
-0.0070001
-0.0026121
-0.00064847
-0.0026748
-0.0042144
-0.0011403
-0.0011125
-0.0023155
-0.0022362
-0.0022257
-0.0020034
-0.0046872
-0.0045567
-0.0029306
-0.0029624
-0.0046422
-0.0035959
-0.0027538
-0.0027505
-0.0021221
-0.00042618
-0.0017125
-0.002545
-0.0058402
-0.0023396
-0.0018999
-0.0027514
-0.00032696
-0.0034281
-0.0021331
-0.0055863
-0.0030145
-0.0029753
-0.016258
-0.01294
-0.006423
0.00021123
-0.0024971
-0.00080098
0.0021527
-0.0070214
-0.0030007
-0.0034445
-0.0008975
-0.0016328
-0.0049983
-0.0016928
-0.0024423
-0.0030699
-0.0018788
-0.0025178
-0.002004
-0.0021117
-0.0033823
-0.0025699
-0.0027829
-0.0018491
-0.0022543
-0.0022432
-0.0035935
-0.0046555
-0.0050581
-0.0023681
0.00035162
-0.0032903
-0.0033761
-0.0071976
9.4594e-05
-0.0071558
-0.0068025
-0.00076528
-0.00061279
-0.0032342
-0.016521
-0.012866
-0.0034202
-0.0024272
-0.0030992
-0.005042
-0.0020289
-0.0027682
-0.0017513
-0.0029393
-0.003787
-0.001181
-0.0029637
-0.0034038
-0.0044007
-0.0016393
-0.00064699
-0.0012751
-0.0024864
-0.0020461
-0.0021275
-0.0011474
-0.0024561
-0.0021717
-0.0038348
-0.0033765
-0.0025615
-0.00053468
-0.0011001
0.00037801
-0.005792
-0.0032688
-0.0017415
-0.0045064
-0.0025843
-0.0050005
-0.00049015
-0.0044025
-0.0017115
-0.0033165
-0.016487
-0.012982
-0.0036937
-0.0034531
-0.00072333
-0.0036171
-0.0026077
-0.0039499
-0.0011969
-0.0016304
-0.0029622
-0.0048527
-0.003799
-0.0013766
-0.0011746
-0.0028439
-0.004474
-0.0042178
-0.0021355
-0.001509
-0.0023587
-0.0031669
-0.0040519
-0.0023845
-0.0014388
-0.0022692
-0.00050339
-0.0027272
-0.0035726
-0.0039094
-0.0038157
-0.001449
-0.0021013
-0.0027016
0.0010444
-0.004425
-0.0021301
-0.0015398
-0.0027351
-0.0029283
-0.015311
-0.012239
-0.0018199
-0.0028417
-0.0017858
-0.0020288
-0.0027136
-0.0026602
-0.0014148
-0.0008857
-0.00016864
-0.0022471
-0.0044247
-0.0023579
-0.0015265
-0.0026175
-0.002906
-0.0015951
-0.0033809
-0.0026023
-0.00061118
-0.00050942
-0.0013553
-0.00092289
-0.0022914
-0.00081491
-0.0015227
-0.0023923
-0.00058578
-0.00055806
-0.00063368
-0.0010922
-0.0013441
-0.00025621
-0.00017338
-0.001907
-0.00027867
-0.0017391
-0.00029845
-0.0031225
-0.014304
-0.0072945
-0.0012559
0.0001592
0.00032806
0.00070394
0.00098546
-0.0005557
0.00063362
0.00082164
0.00069545
0.00030494
0.0012848
4.7682e-05
0.00060444
0.00015759
0.00031172
-0.00014462
-0.00028722
-0.00044311
-0.00081317
-0.00094982
-0.0012728
3.3687e-05
-0.0012343
-0.0011636
-0.00069325
-0.00091191
-0.00083901
-0.0014024
-0.0010335
-0.00061662
-0.00042401
-0.00051999
0.00015244
-0.0023721
-0.0011703
-0.0013173
-0.00030792
-0.0014817
-0.010804
