2.2332
-0.0078363
-0.0052243
-0.0045288
-0.0053222
-0.0052823
-0.0064882
-0.0056896
-0.005643
-0.0059405
-0.0062844
-0.0075539
-0.0076966
-0.0079348
-0.0075345
-0.0069283
-0.0069641
-0.0064009
-0.006316
-0.0064411
-0.010263
-0.010663
-0.0090629
-0.0081434
-0.0079874
-0.0090322
-0.0098387
-0.0075978
-0.0091697
-0.0072957
-0.00879
-0.0092346
-0.0080878
-0.0085816
-0.0086698
-0.0079472
-0.0063219
-0.0080797
-0.0061046
-0.0049112
-0.005396
-0.0054933
-0.0030276
-0.0019589
-0.0035436
-0.0013657
-0.0022219
-0.0017261
-0.0028982
-0.0036281
-0.0012111
-0.0022596
-0.0020506
-0.0015054
-0.00065676
-0.0014643
-0.0021071
-0.0010781
-0.002521
-0.0024874
-0.0019494
0.00027822
-0.0014464
-0.00065394
-0.0016777
-0.00010527
-0.00090342
0.00060527
0.0014473
-0.0028413
-0.0012062
-0.00044818
0.00028565
-0.0015732
-0.0014223
-0.0018768
-0.00089123
-0.0030209
-0.0018785
-0.00061402
-0.0066141
-0.0057164
-0.00018596
-0.0024976
-0.0038606
-0.0024914
-0.0028234
-0.0022545
-0.0028998
-0.00098921
-0.00091422
-0.0017223
-0.0021661
-0.0029273
-0.0010009
-0.0041504
-0.0037222
-0.0032161
-0.0036263
-0.00031148
-0.0020951
-0.0030297
-0.0037034
-0.001946
-0.002167
-0.0034594
-0.0017805
-0.0045889
-0.0012682
-0.002158
-0.0014459
-0.0040437
-0.0056691
-0.0027104
-0.0031766
-0.0019048
-0.0014152
-0.0041047
-0.002319
-0.0010338
-0.0069379
-0.0068293
-0.002723
-0.0014019
-0.0026866
-0.0020263
-0.0019538
-0.0023602
-0.0027736
-0.0025261
-0.0024922
-0.0024674
-0.0016399
-0.0033711
-0.0010957
-0.0030332
-0.0033383
-0.00025341
-0.0032515
-0.0023626
-0.0044607
-0.001531
-0.0026153
-0.0023965
0.00031634
-0.0055863
-0.0032456
-0.0011155
-0.0058114
-0.00013418
-0.0046106
-0.0025454
-0.0023388
-0.00505
-0.004379
-0.0035241
-0.001619
-0.0027639
-0.0021472
-0.0014772
-0.007577
-0.0063525
-0.0012637
-0.0022187
-0.0039551
-0.0037706
-0.0028214
-0.0023145
-0.0018397
-0.0044844
-0.0042324
-0.0038292
-0.0031686
-0.0034215
-0.0021278
-0.0030949
-0.0018004
-0.0028447
-0.0039128
-0.0021649
-0.0032035
-0.0031291
-0.0032201
-0.0054755
-0.00089844
-0.0052254
-0.00022537
-0.0032888
-0.003504
-0.0022609
-0.0037811
-0.0045172
0.00028353
-0.0026794
-0.0026754
-0.0017121
-0.004513
-0.0052861
-0.0016005
-0.00049886
-0.0081417
-0.0061062
-0.0015477
-0.0039648
-0.001605
-0.0018867
-0.003017
0.00045609
-0.0051821
-0.00090439
-0.0025729
-0.0029895
-0.0032605
-0.0042575
-0.0039073
-0.0040964
-0.004945
-0.0012271
-0.0029086
-0.0018183
-0.0018306
0.00011108
-0.0026729
-0.0028362
0.00044238
-0.0021958
-0.0013009
-0.002485
-0.0036294
-0.0009214
-0.00053182
-0.0028314
-0.0044865
-0.00028704
-0.0027624
-0.0016335
-0.0011901
-0.0039924
-0.0040672
0.00096966
-0.0092235
-0.0047382
-0.0021888
-0.0031174
-0.0025231
-0.0027148
-0.0019321
-0.0026048
-0.0063099
-0.0004266
-0.0027446
-0.0029286
-0.00024257
-0.0037848
0.0010433
-0.00034005
-0.0019064
-0.0037607
-0.0032853
-0.0041856
-0.0055672
-0.0027695
-0.0057939
-0.0016214
-0.00092861
-0.0022906
-0.0061907
-0.0036216
-0.0030639
-0.0064449
-0.00034258
-0.0039721
-0.0029043
-0.0021996
-0.0019351
-0.003152
-0.0024538
-0.0024256
-0.0023897
9.9385e-06
-0.0096222
-0.0057642
-0.0021455
-0.0022229
-0.0023927
-0.0027022
-0.001528
-0.0042541
-0.0037396
-0.0019345
-0.0011223
-0.0021948
-0.0033098
-0.0022883
-0.004531
-0.0032967
-0.0022805
-0.0025648
0.00043509
-0.0017277
-0.001621
-0.001619
-0.00062062
-0.0051919
-0.00080899
0.00011224
-0.0010392
-0.0017309
-0.00083075
-0.0014537
-0.0047766
-0.00091955
-0.0046908
-0.0048731
-0.00040884
-0.0038559
-0.002831
-0.0034806
-0.0031079
0.0019601
-0.0099306
-0.0054613
-0.0026454
-0.0031126
-0.0034473
0.0013313
-0.0041081
-0.0035539
-0.0020663
-0.0056396
-0.0013475
-0.0028873
-0.0023972
-0.0022282
-0.0020909
-0.0028255
-0.0048316
-0.0039041
-0.003079
-0.0036645
-0.0034401
-0.0021361
-0.0018111
-0.0046617
-0.0021086
-0.0052081
-0.0043555
-0.0036763
-0.0025771
0.00052322
-0.0077126
-0.0044903
-0.0012448
-0.0027396
-0.0014135
-0.0035024
-0.00096505
-0.0028778
-0.0012639
0.00010628
-0.0090332
-0.0053373
-0.0020252
-0.0033738
-0.0038426
0.0013171
-0.0055725
-0.0018725
-0.0018266
-0.0024319
-0.0023582
-0.0032472
-0.0016337
-0.0041925
-0.004362
-0.0042149
-0.003884
-0.0048494
-0.0024398
-0.00087956
-0.0040759
0.0017278
-0.005703
-0.0028778
-0.0013826
-0.0031718
-0.0012617
-0.00021612
-0.0028619
-0.0014892
-0.0039628
0.0029267
-0.0083428
0.0033584
-0.0068972
-0.0022241
-0.0057014
-0.0032367
-0.0022083
-0.0031219
-0.0082472
-0.0056172
-0.0021307
-0.0045392
-0.00060383
-0.0016611
-0.0047932
-0.0018647
-0.0030115
-0.0038434
-0.0019792
-0.00041886
-0.0026601
-0.0017332
-0.0038551
-0.0031526
-0.0035266
0.00070549
-0.0031282
-0.0049314
-0.0077155
-0.0041343
0.00082494
-0.0047091
-0.002354
-0.0043218
-0.0037414
-0.0029186
-0.0023697
-0.0024601
-0.0037143
-0.0026581
-0.0036762
-0.002051
-0.0021227
-0.002345
-0.0030056
-0.0013912
-0.002463
0.00079908
-0.0084925
-0.0056346
-0.0023529
-0.0026922
1.2421e-05
-0.004423
-0.0024699
-0.003354
-0.0034741
-0.0044632
-0.0014192
-0.0025731
-0.0037483
-0.0025905
-0.0039048
-0.00042026
-0.0028534
-0.003575
-0.0020604
0.00095096
0.0022955
-0.00091659
-0.0034918
-0.0056304
-0.00062458
-0.003798
-0.0014466
-0.0036291
-0.0025936
-0.0027346
0.0013813
-0.0043094
-0.00035935
-0.0019887
-0.0033534
-0.0042767
-0.00096939
-0.0025736
-0.0029821
-7.5461e-05
-0.0096746
-0.0058513
-0.003148
-0.003308
-0.0031491
-0.002338
-0.00086842
-0.0031627
-0.004651
-0.0032683
-0.0038416
-0.0063592
-0.0020021
-0.0018708
-0.004247
-0.0043665
-0.0016649
-0.0052104
0.00028918
-0.0061334
-0.0029588
-0.0019505
-0.004703
-0.0020588
-0.00060802
-0.0034579
-0.0034929
-0.003949
-0.0037387
-0.0018658
-0.0053073
-0.0030679
-0.0022672
-0.0029792
-0.0047403
-0.0019416
-0.0026939
-0.0024383
-0.0023862
0.00060738
-0.009274
-0.0079411
-0.0010614
-0.0011419
-0.0035614
-0.005411
-0.00056059
-0.0034895
-0.0055263
-0.00039299
0.0013339
-0.0011689
-0.0017493
-0.0008091
-0.0028207
-0.0029349
-0.0028303
-0.0022684
-0.00024679
-0.0055051
0.001345
-0.002992
-0.001789
-0.0018151
-0.0038123
-0.0023983
-0.0039301
-0.0016303
-0.0036063
-0.00077941
-0.0061295
0.001179
-0.0035076
-0.004636
-0.0020272
-0.002914
-0.00091681
-0.0026322
-0.0030161
0.00063666
-0.0094455
-0.0074258
0.0017632
-0.0014352
0.00062217
0.00025425
-0.0027821
-0.0043961
-0.0035434
-0.0012142
-0.0042118
-0.0036168
-0.0049784
-0.0010555
-0.003092
-0.002943
-0.0016042
-0.0027829
-0.0019532
-0.0014968
-0.0023928
-0.0032803
-0.0023132
-0.0039884
-0.0011272
-0.0020966
-0.0036246
-0.00094646
-0.0057859
-0.00098711
-0.0028149
0.0013703
-0.0066821
-0.0015765
-0.0020684
-0.0041202
-0.0011292
-0.0041235
-0.0015922
0.0011005
-0.0090127
-0.0067831
0.0014289
-0.0054154
-0.00714
0.0012084
-0.0025855
-0.00072964
0.0016112
-0.0012061
-0.00013696
-0.003516
0.0013049
-0.00029074
-0.0023191
-0.0052082
-0.0035419
-0.001364
-0.0017094
-0.0037565
-0.0035781
-0.0011482
-0.0025126
-0.0046748
-0.00026706
-0.0031222
0.00071313
-0.007394
-0.0042502
0.0014156
-0.001384
-0.0046054
-0.0046238
-0.00079788
-0.0036391
-0.0016335
-0.0024562
-0.0041641
-0.002435
-0.00013865
-0.0097588
-0.0077992
-0.00040065
-0.0013115
-0.0045844
-0.0012038
-0.0029815
-0.0068147
-0.0022915
-0.0021848
-0.0058186
-0.0061552
-0.0036686
-0.0051829
-0.0030537
-0.0033506
-0.0026239
-0.0038074
-0.0036056
-0.0036119
-0.0027475
-0.0015543
-0.0037366
-0.0018483
-0.0052409
-0.0016298
-0.0053549
-0.0030945
-0.001494
-0.00038966
-0.0035775
-0.0044073
-0.0022139
-0.0021689
-0.0033897
-0.0012862
-0.003178
-0.0041269
-0.0017604
-0.00011933
-0.0087738
-0.0084194
0.00084963
0.0028805
-0.0051436
-0.0024519
-0.0014849
-0.0038039
-0.00325
-0.0033172
-0.0032605
-0.00024729
-0.0047422
-0.0013699
-0.00079622
-0.0012434
-0.0021486
-0.0041886
-0.00099803
-0.0031976
-0.0028157
-0.0043948
-0.0016459
-0.0019798
-0.0027216
-0.0023578
-0.0082662
0.00030166
-0.0032162
-0.0024505
-0.0054817
-0.0015013
-0.00086922
-0.0033533
-0.0015493
-0.0029815
-0.0035777
-0.0020281
-0.0019023
-0.0021656
-0.0098423
-0.0078974
-0.0026974
-0.0010749
-0.0077152
-0.0020405
-0.0020629
-0.00060986
-0.0040233
-0.0020911
-0.0045941
-0.00085128
-0.005533
-0.0013118
-0.0028828
-0.0035457
-0.0023946
-0.0029895
-0.00097396
-0.0015283
0.0016954
-0.0037732
-0.0015911
0.00049485
-0.0012578
-0.0071263
-0.0025215
0.00013483
-0.0035436
-0.0026025
-0.0046019
-0.0015095
-0.0031709
-0.0015956
0.00052144
-0.002232
-0.0018975
-0.003721
-0.0034997
0.0011144
-0.0090866
-0.010403
-0.00025374
-0.0031898
-0.0056289
-0.0023752
-0.0039783
-0.0015884
-0.0039371
-0.0035026
-0.0027619
-0.0055288
-0.0027455
-0.0041817
-0.0019571
-0.0051324
-0.0043376
-0.0028041
-0.0044785
-0.0050508
-0.0053075
-0.0077017
-0.0030954
-0.00023159
-0.0032421
-0.0029259
-0.0071792
-0.00029191
-0.0040114
-0.0064892
-0.0021788
-0.002626
-0.0053716
-0.0028286
-0.0035879
-0.0043455
-0.0049229
-0.0045258
-0.0027422
-0.00085939
-0.011455
-0.0093792
0.0013098
-0.0031294
-0.0048561
-0.0022199
-0.00068491
-0.0034315
-0.0018577
-0.0022341
-0.002637
-0.0010232
-0.0034142
-0.0058047
0.00035779
-0.0030025
-0.0027918
-0.0018655
-0.0026787
0.00041245
-0.0004725
-0.0010015
-0.0071769
0.001806
-0.0065667
-0.0021243
-0.0049426
0.0036001
0.00089175
-0.0050884
0.00092532
-0.003469
-0.0027389
-0.0004963
-0.0025577
-0.0013502
-0.0012759
-0.001413
-0.0017755
0.0013598
-0.012851
-0.008143
0.0017286
-0.0057264
-0.0040659
-0.0010121
-0.0018164
-0.0019853
-0.0032286
-0.0044211
-0.0050164
-0.0013974
-0.00168
0.0010578
-0.0025743
-0.0027629
-0.0029401
-0.003982
-0.0031193
0.0029988
-0.0054285
0.00032759
-0.0030368
-0.0010065
-0.0050391
-0.0046427
-0.00033105
-0.0039932
-0.0024959
-0.0025616
-0.003026
-0.0035292
-0.00069487
0.00014559
-0.0044645
-0.0039467
-0.0028814
-0.003328
-0.0027946
0.00063103
-0.011044
-0.0080802
0.0027003
-0.0053928
-0.0048553
-8.216e-05
-0.0042489
-0.0033739
-0.0039529
-0.0025296
0.0017789
-0.0018074
-0.0044214
-0.0042175
-0.0023752
-0.0048323
-0.0017393
-0.0030496
-0.0035959
-0.0030377
-0.0082852
0.0013155
-0.0051911
-0.0012022
-0.0056045
-0.002539
-0.0017404
-0.0034726
-0.0044625
-0.0052594
-0.0012863
-0.0036955
-0.0037902
-0.0014703
-0.0019171
-0.0034809
-0.001291
-0.0015383
-0.0024068
0.00092022
-0.0093166
-0.0076133
0.00037171
-0.0057845
-0.0057704
-0.00074098
-0.0052551
0.0018051
-0.0035772
-0.0044321
-0.0013351
-0.0024553
-1.9741e-05
-0.00033248
-0.0021234
-0.0032248
-0.0023693
-0.001831
-0.0016319
-0.0060508
0.0035145
-0.0011418
-0.0051125
-0.0016208
-0.0045562
-0.00060158
-0.0017137
-0.0046852
-0.0016579
-0.0017615
-0.0013282
-0.0035089
-0.0020731
-0.0030893
-0.0006727
-0.0027042
-0.0034253
-0.0043132
-0.0017087
-0.001019
-0.0076904
-0.0074449
-0.0017967
-0.0039374
-0.0044
0.00088291
-0.0035479
-0.0043623
-0.0035408
0.0004252
-0.0013183
-0.0049609
-0.0031218
-0.005868
-0.0021388
-0.0030509
-0.0021412
-0.0028674
-0.0014274
-0.0044418
-0.0048477
-0.0025832
-0.0037197
-0.0048004
-0.00011853
-0.0034855
-0.0015439
-0.0050531
-0.0013458
-0.0020647
-0.0052427
-0.0021013
-0.0018495
-0.0029996
-0.0029816
-0.0012159
-0.0048373
-0.0037369
-0.0023901
-0.0012489
-0.0050058
-0.0077647
0.00093106
-0.0027551
-0.0027025
-0.0032883
-0.00095879
0.0007553
-0.0018256
-0.0032322
-0.0006568
-0.0030486
-0.0028259
-0.0035072
-0.0012497
-0.002097
-0.0032116
-0.0042496
-0.0034454
-0.0018337
-0.003867
-0.0025978
-0.0023719
-0.0041703
-1.8468e-05
-0.005222
-0.00092743
-0.0043855
0.00060335
-0.0023134
-0.0046429
-0.0020253
-0.0017604
-0.0028133
-0.0037314
-7.377e-05
-0.00078177
-0.0036468
-0.0029124
-0.00070363
-0.0043267
-0.0069705
-0.00049134
-0.0049819
-0.0038202
-0.0031247
-0.0043375
-0.0016952
-0.0048789
-0.0038408
-0.00067743
-0.0040225
-0.0036507
-0.0033934
-0.0016846
-0.0023449
-0.0056717
-0.0022445
-0.002646
-0.00013006
-0.0035572
-0.0042377
-0.0040429
-0.00072997
-0.0055228
-0.0023361
-0.0010188
-0.0043096
-0.0019444
-0.0021736
-0.0030833
-0.0011575
-0.0032477
-0.0038364
-0.0039889
-0.0034064
-0.0023467
-0.0026992
-0.0040361
0.001319
-0.0053848
-0.0073537
0.00052186
-0.0038465
-0.00069887
-0.0021197
-0.0027334
-0.00025083
-0.0053996
-0.0016087
-0.0023617
-0.0051501
-0.0023033
-0.003628
-0.00037823
-0.0030437
-0.004676
-0.0034645
-0.00078827
-0.0019114
-0.0034841
-0.00417
-0.0026137
-0.0017142
-0.0030111
-0.0033549
-0.0027809
-0.0014672
-0.0020901
-0.0031955
-0.0033371
-0.0024047
-0.0036018
-0.0013553
-0.0032613
-0.0016065
-0.0032997
0.00066897
-0.0032738
-0.0023171
-0.0047616
-0.009046
0.00017654
-0.0042022
-0.0032075
-0.0026629
-0.0019728
-0.002836
-0.0038775
-0.00046814
-0.0016829
-0.0038627
-0.0020476
-0.0034926
-0.0023191
-0.0028008
-0.0048568
-7.2401e-05
-0.0019328
-0.0046809
-0.0045727
-0.0028629
0.002267
-0.0052716
-0.0016218
-0.0024987
-0.0023708
-0.0015268
-0.0015563
-0.0015252
-0.0019344
-0.0031457
-0.0027141
-0.0014352
-0.0041562
-0.0031816
-0.0042806
-0.0015544
-0.003225
-0.0035197
-0.0041931
-0.0092652
-7.2766e-05
-0.0038264
-0.0020698
-0.0028622
-0.0014175
-0.0037646
-0.0016084
-0.0015837
-0.0010619
-0.0040813
-0.0028336
-0.0019856
-0.0030552
-0.0016211
-0.0030798
-0.0017716
-0.0033
-0.0034138
-0.0052084
-0.0021558
-0.0012387
-0.0040335
-0.0011497
-0.0089216
0.001933
-0.0030029
-0.0024147
-0.0042284
-0.0029951
-0.0026802
-0.0028763
-0.0026879
-0.0018011
-0.0015582
-0.0015554
-0.0010698
-0.0019603
-7.0318e-05
-0.005895
-0.0098155
0.0018102
-0.0061807
-0.0055785
-0.0020986
-0.0021565
-0.0031485
-0.0026473
-0.0014703
-0.0020546
-0.0049949
-0.002164
-0.0031242
-0.00135
-0.0028514
-0.0036005
-0.0028304
-0.0028784
-0.0071677
0.00025149
-0.0025344
-0.0027261
0.0004624
-0.002612
-0.0049833
0.00097002
-0.003516
-0.0020425
-0.0016802
-0.0020393
-0.0036031
-0.0036892
-0.0026189
-0.0044669
-0.0028692
-0.0020539
-0.004563
-0.0026856
-8.6448e-05
-0.0054371
-0.0086042
-0.00056652
-0.0017811
-0.0050246
-0.0024638
-0.0028027
-0.00032795
-0.0043587
-0.0034275
-0.0031171
-0.0027243
-0.00083706
-0.0037676
-0.0032165
-0.0014076
-0.0024971
-0.004415
-0.0047667
-0.0042614
-0.002077
-0.0021848
-0.00074694
-0.00058586
-0.0079192
-0.0014563
-0.0029207
-0.0026662
-0.0023723
-0.0045436
-0.001816
-0.0025093
-0.0045433
-0.0017732
-0.0013237
-0.0023453
-0.0023653
-0.0037251
-0.0020035
-0.00014145
-0.0055306
-0.0073576
-0.00049698
-0.00047803
-0.0038256
-0.0030467
-0.0015228
-0.0013324
-0.0045223
-0.001508
-0.00066629
-0.00098693
-0.0043433
-0.0028118
-0.0042919
-0.00040031
-0.0023625
-0.0039682
-0.0034277
0.0011772
-0.0052473
-0.0029596
-0.0025785
-0.0030258
-0.0051161
0.00029358
-0.0021957
-0.0033435
-0.00098991
-0.0026256
-0.0014285
-0.0014165
-0.003158
-0.0031676
-0.0014894
-0.0023146
-0.0032735
-0.0028078
-0.0014373
-0.0024836
-0.005592
-0.0068084
-0.0032088
-0.0015624
0.00025244
-0.0045123
-0.002032
-0.0030882
-0.0027492
-0.0015312
-0.0037372
-0.0036628
-0.0058268
-0.00094752
-0.003378
-0.00078285
-0.0035829
-0.0027069
-0.0039112
-0.0021271
-0.0036841
-0.0011987
-0.0040819
-0.0028436
-0.00055142
-0.0030789
-0.004168
-0.0032079
-0.0025682
-0.0042659
-0.0041174
-0.0028958
-0.0033534
-0.0028496
-0.0034127
-0.0023655
-0.0019318
-0.0018665
-0.0030903
-0.0015816
-0.0050015
-0.0061582
-0.0024862
-0.004322
-0.0037571
0.00085863
-0.0051561
-0.0018542
-0.0028347
-0.0044642
-0.00054063
-0.0046638
-0.0041207
-0.0022179
-0.0022619
-0.0010353
-0.0064485
-0.0049641
-0.0025842
-0.003899
-0.0019483
-0.0033038
-0.0045699
-0.0039343
-0.0011802
-0.0025601
-0.0028005
-0.0023856
-0.0024819
-0.0019211
-0.0025464
-0.0026272
-0.0034479
-0.003287
-0.00072186
-0.0044787
-0.0014338
-0.0032948
-0.0030688
-0.001088
-0.0052899
-0.0056941
-0.00075677
-0.0040792
-0.0044155
-0.0016256
-0.0036547
-0.0013441
-0.0013984
-0.003275
-0.0013635
-0.0023587
-0.0015803
-0.0016329
-0.0013868
-0.0019076
-0.0014507
-0.0036017
-0.0007843
-0.0028454
-0.0013599
-0.001905
-0.0029564
-0.0012394
-0.0014827
-0.0032523
-0.003507
-0.0017002
-0.0030206
-0.0028331
-0.0024254
4.3407e-05
-0.0045687
-0.00052073
-0.0026561
-0.0023969
-0.0033996
-0.0027209
-0.0026599
-0.0010391
-0.0051868
-0.0061975
-0.0013456
-0.0028388
-0.0040014
-0.0034603
-0.0021657
-0.0044493
-0.004664
-0.0029137
-0.0023517
-0.0041113
-0.0026464
-0.003694
-0.0020969
-0.0045916
-0.0047749
0.00029662
-0.00033539
-0.0056496
-0.0044383
-0.0059605
-0.0018767
-0.0017141
-0.0026482
-0.0033717
-0.0019855
-0.0041816
-0.002012
-0.0019146
-0.0036644
-0.0037532
-0.0019723
-0.0019552
-0.003136
-0.0039192
-0.0028626
-0.0025829
-0.0026854
-0.0008149
-0.0054367
-0.0062903
-0.00053563
-0.0034324
-0.0037857
-0.001771
-0.0025156
-0.0013663
-0.0026803
-0.0020927
-0.0015071
-0.0016389
-0.0015786
-0.0048064
-0.0012412
-0.0058674
-0.0020037
-0.0037149
-0.0028117
-0.0013648
-0.0011777
-0.0032768
-0.0014456
-0.0030751
-0.0027915
-0.0038674
-0.003116
-0.0018403
-0.00087431
-0.0028615
-0.0026588
-0.001866
-0.00069574
-0.0030789
-0.0029415
-0.0029797
-0.0024742
-0.0026481
-0.0032326
-0.0012494
-0.0044439
-0.0057515
0.0003708
-0.00032127
-0.0021111
-0.0021167
-0.0024534
-0.0021749
-0.0030841
-0.0017458
-0.0024953
-0.0021324
-0.001905
-0.0007
5.889e-05
-0.0013651
-0.00072258
-0.0011221
-0.0025974
-0.0015188
-0.00064038
-0.00074262
-5.636e-05
-7.9731e-06
0.00047508
-0.00063703
-0.00093645
-0.0019966
-0.0013024
-0.00024782
-0.0022905
0.0012779
-0.0020663
-0.0035998
-0.0017771
-0.0019544
-0.0014905
-0.0015272
-0.0011142
-0.00035434
-0.0040677
-0.0095022
-0.0072222
-0.0079346
-0.0075868
-0.0071974
-0.0074821
-0.0070712
-0.0072598
-0.0076429
-0.0077379
-0.00763
-0.0079889
-0.0093305
-0.0081364
-0.0093599
-0.0095165
-0.0092757
-0.0098083
-0.0098035
-0.01209
-0.012473
-0.01071
-0.011405
-0.011209
-0.011376
-0.010723
-0.0092811
-0.010139
-0.0096679
-0.010881
-0.0072142
-0.0092821
-0.0069314
-0.0069789
-0.0067063
-0.0076812
-0.0082033
-0.0085799
-0.0068432
-0.0071532
