-0.13525
-0.017613
-0.038763
-0.028735
0.019875
0.071294
-0.050029
-0.00323
0.0071948
0.030736
6.8801e-05
-0.038267
0.024556
-0.04596
0.05473
-0.049756
0.039189
-0.053251
0.0091836
0.022127
-0.0019005
-0.017861
-0.078406
0.11226
0.0043773
-0.0044202
-0.075073
0.0044985
0.013439
-0.041252
-0.042926
-0.035288
0.06269
-0.044433
-0.041765
-0.037204
0.015395
0.063243
-0.083162
-0.059721
-0.048167
0.217
-0.07358
-0.065916
-0.058861
0.062513
0.033306
-0.086948
-0.064829
-0.069352
0.22275
-0.064152
-0.091055
-0.055073
0.053962
0.0071988
0.025327
-0.02921
-0.033669
0.034884
0.016611
-0.044574
-0.02173
-0.026505
0.021062
-0.015258
0.037633
-0.041091
0.097546
-0.029502
-0.0078441
-0.029069
-0.0036067
-0.0013958
-0.043498
0.0036039
-0.0062878
0.1324
-0.035583
-0.057271
0.0050829
0.026969
