-0.069924
-0.080379
-0.072234
0.069967
-0.041108
0.056985
-0.083507
-0.013345
-0.033512
-0.052358
-0.065414
0.0038776
0.085294
-0.029768
-0.098545
0.0048904
0.024803
-0.02298
-0.052623
-0.020961
0.051898
0.045339
-0.030513
-0.052104
0.069855
0.0061438
-0.040939
-0.047138
-0.034781
-0.042792
-0.078667
-0.047839
0.13103
-0.04847
-0.079914
-0.048157
-0.02311
0.0090762
0.0081976
-0.025678
0.008592
0.0079204
0.018168
-0.028117
0.001452
0.01898
0.057729
-0.0092729
-0.10418
0.015682
0.037864
0.039382
-0.091967
-0.029199
0.034297
-0.012465
0.0084685
-0.083251
-0.045267
0.15748
0.0087323
-0.18177
-0.054477
-0.036449
-0.0024076
0.020772
0.074756
0.048099
-0.040863
0.014851
-0.10521
0.034805
0.0021174
0.01018
-0.033835
0.0083366
0.070456
0.030204
-0.012824
-0.12929
0.030191
0.034437
