0.0031978
-0.11391
-0.058307
0.12521
-0.0093307
-0.043917
-0.074835
-0.043701
0.0093675
-0.048605
-0.13888
-0.081321
0.16965
-0.021043
-0.13822
-0.10767
-0.015298
0.013182
-0.07295
-0.12054
-0.03062
0.14289
-0.011068
-0.10234
-0.040265
0.0044605
-0.011088
-0.10534
-0.05819
-0.028881
0.027179
0.054489
0.01832
-0.048211
-0.03784
0.10774
-0.0056724
-0.12977
-0.091855
0.085031
0.13258
-0.11369
-0.12415
-0.041083
0.20229
-0.012885
-0.16885
-0.049558
0.057942
0.16565
-0.073832
-0.084174
-0.026714
0.18684
-0.048487
-0.031502
0.01783
0.017041
0.053038
-0.047581
-0.0012393
0.0275
0.08646
-0.026151
-0.10551
-0.06485
0.010989
0.096783
-0.11457
-0.10186
-0.010309
0.13511
-0.038029
-0.20111
-0.083303
0.03208
0.10731
-0.040222
-0.11157
0.019022
0.11327
-0.10629
