-0.15479
-0.0046923
0.053169
0.00028052
0.01424
-0.046665
0.034479
-0.033435
0.039492
-0.014723
-0.016652
0.042933
0.012637
0.019328
-0.077305
0.022645
-0.057918
0.054497
-0.026711
-0.03913
0.053904
0.013766
0.045492
-0.055112
0.038414
-0.060389
0.074133
-0.042144
-0.0055325
0.054225
0.026768
0.061391
-0.072617
0.020284
0.0094816
0.093839
0.021484
0.0069326
0.064238
-0.0092315
0.05562
-0.04395
0.030693
-0.018371
0.095782
0.013405
-0.004289
0.10866
-0.018214
0.06096
-0.02546
0.083859
-0.02046
0.099866
-0.022037
-0.031286
-0.010508
0.037165
0.068888
-0.0072896
-0.022481
-0.076066
0.0847
0.014211
-0.0030965
0.039533
0.030247
0.071522
-0.065953
0.025708
-0.092221
0.089288
0.010492
-0.0074516
0.086087
0.025348
0.039575
-0.049487
0.068454
-0.092882
0.058238
-0.014495
