-0.2729
-0.028736
0.010987
0.04446
-0.011775
0.06219
0.0044462
-0.036988
-0.029335
-0.025978
0.011213
0.023899
0.02129
0.075241
-0.036084
0.042427
-0.06668
0.043867
0.036011
-0.077936
-0.041084
0.096
0.053279
-0.019869
-0.049833
-0.052431
0.05481
-0.0066917
-0.035199
0.012652
-0.013997
0.079686
0.017094
-0.014733
-0.020104
0.068632
0.029328
0.027075
0.032237
-0.049678
0.08907
-0.040318
0.050399
-0.056012
0.072245
0.037978
-0.028461
0.054388
0.022838
0.041606
-0.021314
0.045582
0.0047121
0.089025
-0.04059
-0.0084023
-0.026797
-0.018827
0.091578
0.020248
-0.0305
-0.073871
0.074112
0.059707
0.060996
-0.0075355
-0.070427
0.077475
0.034077
0.046474
-0.12159
0.052918
0.067886
0.006319
0.044764
0.0013123
0.008184
-0.0097832
0.074688
-0.030307
0.04309
-0.04779
