2.9023
0.0054621
-0.00074858
-0.0017548
-0.0015118
-0.0016041
-0.0025353
-0.00297
-0.0037304
-0.0032378
-0.0038428
-0.0030632
-0.0032745
-0.0034549
-0.0027406
-0.0022132
-0.0035168
-0.0027392
-0.0036464
-0.0048398
-0.0036222
-0.0059063
-0.0058682
-0.0047051
-0.0068889
-0.0028171
-0.0045268
-0.0030091
-0.0016575
-0.0045309
-0.0027734
-0.0047943
-0.0040895
-0.0043873
-0.0033321
-0.0030914
-0.0039022
-0.0028022
-0.0019343
-0.0021891
-0.0030993
-0.0010226
-0.0036889
-0.0034392
-0.0037281
-0.0032788
-0.0056585
-0.0021417
-0.0042626
-0.003537
-0.0045845
-0.0040437
-0.0045886
-0.0033456
-0.0036215
-0.0034666
-0.0050226
-0.0053273
-0.005386
-0.00066615
-0.0034729
-0.0015169
-0.0021629
-0.00091509
-0.0049544
-0.0044501
0.0004423
-0.0041897
-0.0046641
-0.0057981
-0.0038392
-0.001595
-0.001988
-0.0027147
-0.0026793
-0.0025029
-0.0029948
-0.0031459
-0.0051056
-0.0053302
-0.0041618
-0.0015139
-0.0024951
-0.0038509
-0.0038227
-0.0036403
-0.0027018
-0.0009563
-0.002055
-0.0021548
-0.0021621
-0.0032969
-0.00074528
-0.0026445
-0.0022193
-0.0058546
-0.0034305
-0.0021867
-0.001613
-0.0043414
-0.0049072
-0.001672
-0.0031171
-0.0036352
-0.0052326
-0.0051173
-0.0018872
-0.0040194
-0.0034422
-0.005066
-0.0069029
-0.0037605
-0.0036984
-0.0043173
-0.0035614
-0.0037532
-0.0036271
-0.0037833
-0.0035624
-0.0049523
-0.004125
-0.0017267
-0.002029
-0.0039261
-0.0037748
-0.0034997
-0.003948
-0.0054398
-0.0052849
-0.0030132
-0.0030419
-0.003834
-0.0033318
-0.0071792
-0.0040358
-0.0057222
-0.0032393
-0.0046265
-0.003119
-0.0058768
-0.0033067
-0.0021803
-0.0043356
-0.0039795
-0.0044693
-0.003468
-0.0061538
-0.0019677
-0.0042831
-0.0020093
-0.0056345
-0.0050601
-0.0021782
-0.0040462
-0.0034242
-0.0036983
-0.0028334
-0.0053757
-0.0034915
-0.0033498
-0.0055242
-0.00066196
-0.0043069
-0.0039849
-0.0040952
-0.0042054
-0.0039212
-0.0044782
-0.0037423
-0.0066217
-0.0039281
-0.0043413
-0.0036183
-0.0040351
-0.0014445
-0.0028784
-0.0019066
-0.0043366
-0.0057437
-0.0038525
-0.0023417
-0.0032906
-0.0040095
-0.002591
-0.0033402
-0.0035849
-0.0054867
-0.001867
-0.0042028
-0.0043584
-0.0020244
-0.0042782
-0.0039947
-0.0042059
-0.0036015
-0.0030638
-0.0037968
-0.004985
-0.0037999
-0.0043333
-0.0064438
-0.0011306
-0.0026337
-0.002804
-0.0047927
-0.0036693
-0.0018843
-0.0012337
-0.002741
-0.0012732
-0.0058548
-0.0049532
-0.004641
-0.0042158
-0.0033069
-0.0031496
-0.0026491
-0.0029977
-0.0032616
-0.0024199
-0.0028681
-0.0051094
-0.0013539
-0.002626
-0.003809
-0.0057395
-0.0056655
-0.0050647
-0.0018752
-0.0041288
-0.0043752
-0.0022712
-0.0040426
-0.0056375
-0.0039617
-0.0041623
-0.0024452
-0.0062686
-0.0036911
-0.002612
-0.0057174
-0.0001817
-0.0031047
-0.0059164
-0.0023411
-0.0035035
-0.0068866
-0.0062711
-0.0034883
-0.0022104
-0.0036362
-0.0058048
-0.0052736
-0.0058223
-0.002682
-0.0037896
-0.004776
-0.0046912
-0.006168
-0.0045685
-0.0060625
-0.0051354
-0.0049342
-0.004391
-0.0053707
-0.0054892
-0.002691
-0.0042526
-0.003506
-0.0037652
-0.0031609
-0.0037803
-0.0025931
-0.0032375
-0.0034066
-0.0052478
-0.0015174
-0.0053872
-0.0036493
-0.0024892
-0.0062718
-0.0015127
-0.0026234
-0.0028749
-0.0036788
-0.0060663
-0.0021769
-0.0025068
-0.0052245
-0.00433
-0.0044831
-0.0032008
-0.0016638
-0.0041714
-0.0028728
-0.0035214
-0.0041652
-0.0028647
-0.0025086
-0.0038838
-0.0029183
-0.0034533
-0.0034806
-0.0023326
-0.0030104
-0.0055411
-0.0050872
-0.0010707
-0.0036826
-0.004361
-0.0059196
-0.0037768
-0.0030768
-0.0058668
-0.0044728
-0.00195
-0.0055136
-0.0048135
-0.0041146
-0.0024872
-0.0081198
-0.00026398
-0.004026
-0.0045179
-0.0040754
-0.0034777
-0.0033454
-0.0038193
-0.0045415
-0.0043919
-0.004508
-0.0055433
-0.00118
-0.0053124
-0.0036717
-0.0023467
-0.0051628
-0.0028957
-0.0017521
-0.0060666
-0.00090734
-0.0037223
-0.0044147
-0.0069107
-0.0024208
-0.0027621
-0.0052398
-0.0044957
-0.0016198
-0.0034877
-0.0012522
-0.0028657
-0.0041952
-0.0036466
-0.0016072
-0.0039257
-0.002348
-0.0049877
-0.0030159
-0.0017351
-0.0067943
-0.00016617
-0.0039573
-0.0011308
-0.0042097
-0.0043118
-0.0038126
-0.0024781
-0.0034309
-0.002694
-0.0035401
-0.0071055
-0.0027035
-0.0039905
-0.0049561
-0.0031741
-0.0037477
-0.0014234
-0.0071919
-0.0048155
-0.0011255
-0.0037575
-0.0040638
-0.0033728
-0.0033385
-0.004494
-0.0037447
-0.0025038
-0.0039135
-0.0046854
-0.004345
-0.002702
-0.0041378
-0.0061498
-0.0055504
-0.003942
-0.0023033
-0.0044516
-0.0020628
-0.0037743
-0.0085751
-0.00028909
-0.0040203
-0.0033454
-0.0049931
-0.0036458
-0.0039794
-0.0041003
-0.0030563
-0.0034009
-0.003244
-0.0057859
-0.0031861
-0.0032764
-0.0062745
-0.0036093
-0.0024043
-0.0042202
-0.0044963
-0.0039261
-0.0029927
-0.0047307
-0.0037124
-0.0058872
-0.0046557
-0.0035972
-0.0059693
-0.0012565
-0.0039337
-0.005531
-0.0059778
-0.0050275
-0.003722
-0.0038605
-0.0038441
-0.004298
-0.00091155
-0.0065777
-0.0038382
-0.0017734
-0.0086906
-0.0019078
-0.0017231
-0.0036048
-0.0037181
-0.0041143
-0.0050461
-0.0031453
-0.0046292
-0.0040078
-0.0040333
-0.004912
-0.0034687
-0.0034433
-0.0032979
-0.0039033
-0.0051482
-0.0028294
-0.0043506
-0.0053185
-0.0043297
-0.0031488
-0.0037548
-0.00049919
-0.0036715
-0.0015112
-0.0034243
-0.0034736
-0.0028694
-0.0029598
-0.004451
-0.0038339
-0.0025828
-0.0035219
-0.0031432
-0.0030149
-0.0033185
-0.0059255
-0.0037094
-0.0015342
-0.0097512
-7.2015e-05
-0.0018842
-0.004015
-0.003377
-0.0031235
-0.0027506
-0.0023147
-0.0040116
-0.0033007
-0.0045359
-0.004084
-0.0023663
-0.003401
-0.0065078
-0.0027371
-0.0069247
-0.00068399
-0.0038646
-0.0060124
-0.0043398
-0.00092457
-0.0046545
-0.0031878
-0.0023049
-0.0063784
-0.0026235
-0.0060713
-0.0053447
-0.0049643
-0.0021205
-0.0027948
-0.0036631
-0.0034718
-0.002153
-0.0034719
-0.004823
-0.0046409
-0.0036072
-0.0018504
-0.0097132
0.00014888
-0.0030319
-0.0036625
-0.0045788
-0.0046814
-0.0056135
-0.0043193
-0.0038986
-0.0030159
-0.0043626
-0.0072401
-0.0026678
-0.0027722
-0.0045716
-0.0063311
-0.0018379
-0.0037738
-0.0027562
-0.0038383
-0.0045565
-0.0050981
-0.0045616
-0.0035364
-0.00029862
-0.0074948
-0.0033996
-0.0028848
-0.003786
-0.0015704
-0.004749
-0.0025865
-0.004774
-0.0068252
-0.0050558
-0.0017171
-0.0030707
-0.0057137
-0.0024981
-0.0031716
-0.0097727
-0.0029097
-0.0021061
-0.0051548
-0.0031968
-0.0026873
-0.0033328
-0.0040754
-0.0036641
-0.0030184
-0.004508
-0.0043075
-0.0017757
-0.0031915
-0.004614
-0.0040086
-0.0029711
-0.004823
-0.0034133
-0.0059276
-0.0030746
-0.0039217
-0.0061812
-0.006273
-0.00056857
-0.0008298
-0.0046423
-0.0055004
-0.0049005
-0.0042597
-0.0041735
-0.0043302
-0.0034012
-0.0030701
-0.0047975
-0.0039641
-0.0028173
-0.0047519
-0.0025112
-0.0022802
-0.010398
-0.0027935
-0.002365
-0.0046498
-0.0046153
-0.0045759
-0.0047411
-0.0028535
-0.0034294
-0.0036089
-0.0046012
-0.0019605
-0.003049
-0.0027146
-0.0036012
-0.0036305
-0.0051724
-0.0015374
-0.0045654
-0.0071235
-0.002588
-0.0031096
-0.0021609
-0.0012169
-0.0081662
-0.0068164
-0.0031594
-0.0031236
-0.0044544
-0.0031439
-0.0021382
-0.0026167
-0.0046961
-0.0035393
-0.003111
-0.0036283
-0.0059254
-0.0033036
-0.0051117
-0.0018501
-0.0098247
-0.0033135
-0.0012338
-0.0045139
-0.0029248
-0.0028666
-0.0036069
-0.0043166
-0.0028395
-0.0037562
-0.0041399
-0.0029897
-0.0020374
-0.0070724
-0.0017231
-0.0050713
-0.0044173
-0.0042775
-0.0012284
-0.0058717
-0.0050105
-0.0023638
-0.0018214
-0.0081023
-0.0024969
-0.0021771
-0.0049412
-0.003361
-0.0044185
-0.0043948
-0.0051996
-0.0052608
-0.0046745
-0.0042993
-0.0022749
-0.0019757
-0.0056482
-0.0029078
-0.003806
-0.0022728
-0.0097468
-0.0027906
-0.0018419
-0.0028166
-0.0024344
-0.0041481
-0.0026687
-0.0043018
-0.0031851
-0.0055154
-0.0037414
-0.0049478
-0.0032588
-0.0054213
-0.0040896
-0.0056811
-0.0052976
-0.005928
-0.0051759
-0.005061
-0.0051917
-0.003886
-0.0039666
-0.0032682
-0.0030201
-0.0061166
-0.0020988
-0.0061119
-0.0033621
-0.00175
-0.0017068
-0.0034225
-0.0022499
-0.0032736
-0.0048278
-0.0030878
-0.0047323
-0.0040338
-0.0039029
-0.0011178
-0.010069
-0.0028245
-0.0045048
-0.0057076
-0.0053039
-0.0040967
-0.0038897
-0.0047521
-0.0032183
-0.0083432
-0.00065717
-0.0067924
-0.0035609
-0.0016012
-0.0074118
-0.0040195
-0.00041132
-0.0030832
-0.0036565
-0.0004088
-0.0016611
-0.0069379
-0.0037108
-0.0037994
-0.0036686
-0.0032879
-0.0031327
-0.0038079
-0.0052882
-0.0056338
-0.0054336
-0.0048237
-0.0048856
-0.0034509
-0.0037001
-0.0049315
-0.0048194
-0.0030941
-0.0042172
-0.00099631
-0.010622
-0.0019348
-0.0038644
-0.0027923
-0.0050801
-0.0036451
-0.0035063
-0.0028331
-0.0022294
-0.0020086
-0.0053323
-0.0042495
-0.0034967
-0.0017912
-0.0029474
-0.0037778
-0.002442
-0.0048933
-0.0037177
-0.0031283
-0.0032171
-0.0035364
-0.0018185
-0.0045831
-0.0038403
-0.0039539
-0.0053292
-0.0042941
-0.0050377
-0.0018941
-0.0036867
-0.0036967
-0.0037076
-0.0039906
-0.0059062
-0.0027308
-0.0048782
-0.003282
-0.0035179
-0.0017904
-0.0092467
-0.0020392
-0.0030087
-0.0038932
-0.0045953
-0.003603
-0.0049647
-0.0031432
-0.0063778
-0.0068801
-0.001512
-0.0037767
-0.0026756
-0.0056453
-0.0025329
-0.0055892
-0.0055954
-0.0039603
-0.0058883
-0.0025497
-0.0085789
-0.0058896
-0.0050686
-0.0052577
-0.002781
-0.0038563
-0.0012578
-0.006191
-0.004478
-0.0046213
-0.001187
-0.0026624
-0.0034006
-0.0020078
-0.0032836
-0.0011097
-0.0057538
-0.0022023
-0.0029932
-0.0028583
-0.0090955
-0.0018454
-0.0039192
-0.0046179
-0.002724
-0.0048878
-0.0053472
-0.0039871
-0.0032488
-0.0028319
-0.004675
-0.006088
-0.0050981
-0.0037719
-0.0055864
-0.0045344
-0.0036865
-0.0024928
-0.0032157
-0.0069048
-0.0019901
-0.0011867
-0.004652
-0.0054062
-0.001495
-0.004778
-0.0035196
-0.0046199
-0.0038705
-0.0066828
-0.0030848
-0.0041549
-0.0043344
-0.0067456
-0.0073434
-0.0063349
-0.0055043
-0.0020422
-0.0037177
-0.0016507
-0.0083653
-0.0020209
-0.0030249
-0.0051699
-0.0034314
-0.0030619
-0.0023335
-0.0038818
-0.0046423
-0.0025234
-0.0024496
-0.0026263
-0.0025787
-0.003135
-0.0031282
-0.0041715
-0.0048371
-0.0045884
-0.0024836
-0.0043515
-0.0064621
-0.0036443
-0.0035034
-0.00092296
-0.0055826
-0.0052278
-0.004698
-0.0053738
-0.0038852
-0.0052643
-0.0049159
-0.0024926
-0.0022989
-0.0032322
-0.0040261
-0.0020925
-0.002981
-0.0046617
-0.0035977
-0.0029669
-0.0093451
-0.0024662
-0.0036413
-0.0047504
-0.0043332
-0.0027262
-0.0045006
-0.0033848
-0.0038417
-0.0046222
-0.0039461
-0.0047281
-0.0022209
-0.0034062
-0.0030983
-0.0045277
-0.0041881
-0.0013731
-0.003618
-0.0034356
-0.0021787
-0.0050177
-0.0055275
-0.0066781
-0.0054001
-0.0047304
-0.0038636
-0.003733
-0.0040959
-0.0029345
-0.0055777
-0.0060938
-0.0019736
-0.0026974
-0.0046959
-0.0034045
-0.0033084
-0.0040585
-0.0025051
-0.0034843
-0.0089094
-0.0027684
-0.0036326
-0.0046359
-0.0036684
-0.0035747
-0.0027002
-0.003975
-0.0044123
-0.0046151
-0.0036734
-0.0024192
-0.0029767
-0.0032519
-0.0039416
-0.0027582
-0.0037794
-0.006081
-0.0032588
-0.0044857
-0.0025612
-0.0048829
-0.0028784
-0.0038976
-0.00094302
-0.0013287
-0.0012864
-0.0020855
-0.0031815
-0.0027006
-0.0041047
-0.0017258
-0.0047549
-0.0031489
-0.0034672
-0.0045429
-0.0025323
-0.0048508
-0.0038505
-0.0031086
-0.0088126
-0.002875
-0.0036373
-0.0044783
-0.0035244
-0.0040604
-0.0033085
-0.0040466
-0.0039525
-0.0041472
-0.0036842
2.42e-05
-0.007235
-0.0052078
-0.003159
-0.003681
-0.0033375
-0.0025674
-0.0038568
-0.0041161
-0.0060472
-0.0028855
-0.0006719
-0.0049839
-0.0061619
-0.005421
-0.005179
-0.0045935
-0.004545
-0.0050683
-0.0044217
-0.0020846
-0.0039539
-0.0031065
-0.0063808
-0.0043631
-0.0033287
-0.0037266
-0.0030633
-0.0034338
-0.0088592
-0.0028519
-0.0037576
-0.004854
-0.003214
-0.0041856
-0.0032612
-0.0042864
-0.0035123
-0.0046055
-0.0044152
-0.0053612
-0.0055674
-0.001988
-0.0037949
-0.0054288
-0.0031251
-0.004083
-0.0037525
-0.0027674
-0.0073865
-0.005829
-0.0058465
-0.00033037
-0.0017325
-0.0037732
-0.0027254
-0.0028031
-0.0034654
-0.0031707
-0.0052242
-0.0017116
-0.0047836
-0.0044906
-0.0010304
-0.00068621
-0.0014567
-0.0044111
-0.003104
-0.0016639
-0.0082721
-0.0024097
-0.0027927
-0.0048343
-0.0033803
-0.0035915
-0.0035467
-0.0038877
-0.0041364
-0.0035712
-0.0038801
-0.003185
-0.0042875
-0.00044071
-0.0059888
-0.0050997
-0.0036182
-0.0027154
-0.0038327
-0.0041896
-0.0010384
-0.0030947
-0.0044044
-0.0062256
-0.0055416
-0.0027221
-0.0037926
-0.0025905
-0.0041323
-0.0066874
-0.0057456
-0.0061726
-0.0021285
-0.0037948
-0.0055463
-0.0064124
-0.0028924
-0.004734
-0.0063591
6.3829e-05
-0.0068046
-0.0026607
-0.0039509
-0.0047969
-0.0046721
-0.0035344
-0.0032806
-0.003515
-0.0047821
-0.004182
-0.0036729
-0.0034795
-0.0036911
-0.0025278
-0.0042276
-0.0041743
-0.0021658
-0.0044838
-0.0018379
-0.0066085
-0.0046826
-0.0022007
-0.0015502
-0.0025794
-0.0049692
-0.0056094
-0.0037209
-0.0049174
-0.0038583
-0.0034165
-0.0025226
-0.0034748
-0.004106
-0.0035819
-0.0042799
-0.0042011
-0.0059411
-0.0038427
-0.0029488
-0.0013364
-0.0073129
-0.00034227
-0.0012409
-0.0034527
-0.0015743
-0.0056652
-0.0024745
-0.0037274
-0.0052582
-0.0046361
-0.0021759
-0.0022666
-0.0043506
-0.0036325
-0.0049624
-0.0033633
-0.0047532
-0.0064549
-0.0025686
-0.0040422
-0.0026316
-0.0067945
-0.00087321
-0.0041755
-0.00523
-0.0034658
-0.0028581
-0.0042522
-0.0048303
-0.0041999
-0.0055784
-0.0026542
-0.0039573
-0.0029146
-0.0045319
-0.0019144
-0.0016871
-0.0053012
-0.0033138
-0.0036845
-0.0065339
-0.0011345
-0.005114
-0.0033646
-0.0017372
-0.0058343
-0.0051996
-0.004485
-0.0052835
-0.0012268
-0.0055292
-0.0040953
-0.0050358
-0.0034564
-0.0038462
-0.0033928
-0.0045074
-0.0036607
-0.0025551
-0.0052028
-0.0037111
-0.0041684
-0.0036384
-0.0032313
-0.0022433
-0.0047356
-0.0040951
-0.0033592
-0.0039553
-0.002971
-0.0040541
-0.0046856
-0.0057281
-0.0048909
-0.0050349
-0.0038783
-0.0050393
-0.0043031
-0.003174
-0.0033608
-0.0059166
-8.2539e-05
-0.0034172
-0.0082079
-0.0025683
-0.001999
-0.0035464
-0.0038151
-0.0040294
-0.0022302
-0.0044349
-0.0033848
-0.0047989
-0.0021121
-0.0053356
-0.0020949
-0.005169
-0.0018936
-0.0032343
-0.0029464
-0.0040296
-0.0034557
-0.0029775
-0.0044035
-0.0026488
-0.0039764
-0.002117
-0.0034563
-0.0035464
-0.0033878
-0.0012427
-0.0044136
-0.0047818
-0.0032519
-0.0052512
-0.0018758
-0.0041152
-0.0024406
-0.0050992
-0.0032964
-0.0063614
-0.00061282
-0.0036191
-0.0040172
-0.0052651
-0.0058989
-0.0036507
-0.0056305
-0.0031863
-0.0041948
-0.0046203
-0.0029001
-0.0029785
-0.0027939
-0.0045065
-0.001812
-0.0059406
-0.0046817
-0.0039155
-0.0047156
-0.0051888
-0.0027673
-0.005285
-0.0065179
-0.0052414
-0.0036884
-0.0049765
-0.0029908
-0.0031969
-0.005206
-0.0023466
-0.002492
-0.0038284
-0.0050173
-0.0035075
-0.0044762
-0.00304
-0.0019323
-0.0056398
-0.0024224
-0.0060559
-0.00073599
-0.0036864
-0.0032568
-0.0018421
-0.0039961
-0.0061648
-0.0019866
-0.001803
-0.0031861
-0.0029535
-0.0061622
-0.0051616
-0.0039692
-0.0046298
-0.0039397
-0.0049921
-0.0043527
-0.0032741
-0.0019839
-0.0053593
-0.003029
-0.0027645
-0.0037151
-0.0045567
-0.0031477
-0.0025216
-0.0041281
-0.0040764
-0.0055569
-0.0025585
-0.0041625
-0.002591
-0.0022875
-0.0036055
-0.0044393
-0.00038414
-0.0028035
-0.0059543
-0.0014272
-0.0060524
-0.00095809
-0.0034915
-0.0042753
-0.0036717
-0.0043188
-0.0042378
-0.005281
-0.006214
-0.0014572
-0.0059067
-0.0025825
-0.004149
-0.0033498
-0.0035929
-0.0053283
-0.0028808
-0.0060032
-0.0039504
-0.0046259
-0.0045545
-0.0045548
-0.0027582
-0.0027131
-0.0038194
-0.0053874
-0.0052385
-0.003531
-0.004506
-0.0046503
-0.0030789
-0.0050524
-0.0060328
-0.0040849
-0.0053055
-0.0040027
-0.0026493
-0.0069497
-0.0046854
-0.003586
-0.0055094
-0.0010233
-0.0037631
-0.0039557
-0.0025942
-0.0037598
-0.0041924
-0.0035495
-0.0041701
-0.0054471
-0.0033098
-0.001912
-0.0026886
-0.0047153
-0.0047305
-0.00079768
-0.00010743
-0.0044043
-0.0026469
-0.0054027
-0.003032
-0.0046142
-0.0041449
-0.0071032
-0.0012777
-0.0039148
-0.0031258
-0.0033518
-0.0032154
-0.0044359
-0.0010284
-0.003752
-0.0033755
-0.0036139
-0.0028958
-0.0029841
-0.0052522
-0.002828
-0.0032784
-0.0034521
-0.0050106
-0.00059053
-0.0038153
-0.003946
-0.0029141
-0.0040822
-0.0034297
-0.0037647
-0.0050106
-0.0040343
-0.0044908
-0.0029772
-0.00077579
-0.0024287
-0.0046828
-0.0044595
-0.0029381
-0.0042609
-0.0076124
-0.0033217
-0.0046968
-0.0030317
-0.004115
-0.0032673
-0.001791
-0.0051725
-0.0044651
-0.0054352
-0.0045376
-0.0048832
-0.0057164
-0.0045048
-0.0037313
-0.0030756
-0.0047884
-0.0019141
-0.0057172
-0.0034608
-0.0025578
-0.003662
-0.0062599
-0.00070099
-0.0043142
-0.0042768
-0.0033102
-0.0043657
-0.0047384
-0.003163
-0.0044681
-0.0032894
-0.0024084
-0.0051315
-0.0051603
-0.0026983
-0.0025857
-0.0025825
-0.0058882
-0.0059201
-0.0033333
-0.0019537
-0.0026419
-0.0042931
-0.0035499
-0.005133
-0.0028941
-0.0036213
-0.0041692
-0.002736
-0.0039573
-0.0032268
-0.0043739
-0.0036036
-0.0027135
-0.0047138
-0.0035145
-0.004161
-0.0041254
-0.0052532
-0.0057652
-0.0015443
-0.006527
-0.0002023
-0.0032602
-0.0031738
-0.0023338
-0.0037532
-0.0032986
-0.003516
-0.0044052
-0.0060078
-0.0058504
-0.0018443
-0.0039759
-0.0048792
-0.003425
-0.00020101
-0.00063896
-0.0024843
-0.0014054
-0.0021545
-0.0031546
-0.0026385
-0.0014352
-0.0039212
-0.00069226
0.00047377
-0.0029931
-0.0023121
-0.00048418
-0.001166
-0.00092344
-0.00057045
-0.0022732
-0.0011945
-0.0023238
-0.0052618
-0.0033247
-0.0027625
-0.0032237
-0.00062384
-0.0050786
0.0034774
-0.0034969
-0.0034653
-0.0026741
-0.0038878
-0.0038473
-0.0037243
-0.0045623
-0.0030883
-0.0052016
-0.0040236
-0.0069449
-0.006085
-0.0075671
-0.00771
-0.0088273
-0.0090963
-0.0083896
-0.0074328
-0.0069681
-0.0081881
-0.0069663
-0.0066975
-0.0092475
-0.0087075
-0.0082662
-0.0084572
-0.0087413
-0.0088236
-0.0091253
-0.0083992
-0.0074473
-0.0067941
-0.0058286
-0.0039982
-0.0039038
-0.0041619
-0.0061912
-0.0038832
-0.0058836
