1.1347
0.037757
0.016481
0.023276
0.022093
0.022346
0.021324
0.0217
0.023432
0.023182
0.02
0.02058
0.019312
0.013139
0.0083285
0.003532
0.00054496
-1.097e-05
-0.00028235
-0.0019873
0.00078871
0.0002182
-0.00044418
-0.0019961
0.001898
0.00025376
0.00049366
0.0031538
0.0036744
0.0011511
0.0055
0.006602
0.0092731
0.011659
0.014618
0.016001
0.019519
0.02043
0.021253
0.015278
0.036473
0.01483
-0.018425
-0.010747
-0.010952
-0.010216
-0.012564
-0.0094447
-0.012547
-0.01155
-0.011375
-0.012409
-0.0081111
-0.012553
-0.0067548
-0.0034148
-0.0046413
-0.0048668
-0.0054397
-0.0048674
-0.0053847
-0.0049647
-0.00485
-0.0036248
-0.0047192
-0.0034782
-0.0054614
-0.0056452
-0.0030921
-0.0055927
-0.0013663
-0.0087348
-0.0086726
-0.0042856
-0.0057274
-0.0099534
-0.01246
-0.010915
-0.012019
-0.018281
0.013346
0.0205
-0.012149
-0.0026485
-0.0033156
-0.00079747
0.001045
-0.00065616
-0.00082947
-0.0010731
-0.0035315
-0.004065
-0.0029139
-0.0017576
0.0035696
0.001252
0.0016497
0.003223
-0.0021786
-0.0018496
-0.0029738
-0.00032745
-0.00031219
-0.0012418
-0.0014448
-0.00016134
0.00014342
-0.0024142
-0.00041141
-0.0018469
-0.0026203
-0.0031534
-0.002304
0.0011916
-0.0024276
0.002092
-0.0040766
-0.0021239
-0.00086742
-0.0088421
0.018928
0.019415
-0.010508
-0.0019818
-0.0034401
-0.00047607
-0.0047317
-0.0099821
-0.0024251
-0.0017405
-0.0030973
-0.0029665
-0.0061854
0.0015066
0.00043458
-0.00015675
-0.0030807
0.00082193
-0.0024811
-0.0014132
0.0015449
-0.00019222
-0.002786
0.00032351
-0.0051264
-0.0040334
-0.0025123
-0.00657
-0.0028957
-0.0025495
-0.0022109
-0.00018833
0.00094913
-0.0017388
-0.0022881
-0.0031926
0.00049122
-0.0055206
-0.001016
-0.011358
0.017659
0.019449
-0.012671
0.0010802
-0.0049004
0.00058999
0.00057462
-0.0019651
-0.0014292
-0.0028286
-0.0020847
-0.0070405
0.0023194
-0.00045108
0.0013059
0.0012681
-0.0010286
-0.0044266
-0.0061248
-0.0044677
-0.0033828
-0.0035076
-0.0051062
-0.0034626
0.00083366
-0.0021336
0.0022407
0.00085343
0.0022176
-0.0038984
0.0036456
-0.0022442
-0.0031255
-0.00071763
0.00017127
-0.0052822
-0.00052375
-0.0041755
-0.0028211
-0.012426
0.018071
0.018163
-0.010275
0.0016771
-0.0039372
0.0012527
-0.00051978
-0.0002068
-0.0021383
-0.0029427
-0.0058316
0.0053165
-0.00036415
-0.0023462
-0.0017028
-0.0026966
-0.0071987
-0.002124
-0.0024247
5.303e-05
0.0001795
-0.0017399
-0.00015375
-0.0033999
-0.0058965
-0.0015151
-0.002711
-0.006621
-0.00016046
-0.0024123
9.4811e-05
-0.0030738
-0.0022191
-0.00017751
-0.0032943
-0.0020907
-0.0016113
0.002537
-0.0039459
-0.012734
0.017132
0.020591
-0.011425
-0.0030341
-0.0053972
-0.0071855
-0.0042969
-0.0052484
-0.0054785
-0.004397
0.0029465
-0.0022291
-0.0014113
-0.0036415
-0.00077641
-0.000212
-0.0021486
-0.002755
-0.001147
-0.0070796
-0.0031949
-0.0055639
-0.0044407
-0.0016201
-0.0003336
-0.002093
-0.0052358
0.0021342
-0.0029453
-0.0058042
-0.0040021
-0.0019632
-2.6488e-05
-0.0023733
-0.0031076
-0.0026659
-0.0021898
-0.0017612
-0.00037974
-0.013658
0.016247
0.01787
-0.01229
0.0024117
-0.002017
-0.0036759
0.00082421
-0.0054879
-0.0077495
0.0027116
-0.0026558
-0.0030194
-0.003854
0.0011248
-0.0025097
-0.00047887
-0.0014923
-0.0006635
-0.0025453
-0.00056766
-0.00087959
-0.0006023
-0.00043654
0.00020187
-0.0015745
0.00072525
-0.0012224
-0.0030822
-0.0026041
-0.0012715
-0.0024368
-0.00092764
-0.0029538
-0.0013778
0.0012576
-0.0036671
0.00085332
-0.0017576
0.00071344
-0.013647
0.015242
0.017635
-0.015821
0.00030546
-0.0054386
-0.0046354
-0.0048626
-0.005695
-0.00040188
-0.00072872
-0.00040812
0.0007197
-0.0033033
-0.0040051
-0.0013366
-0.00048677
-0.0048226
-0.0014002
-0.0056506
-0.0024909
-0.0015659
0.00034674
-0.0010562
-0.0012725
-0.004585
-0.00046837
-0.0018421
-0.0011226
-0.0040914
-0.0022675
-0.00089871
-0.0015995
-0.0010609
-0.0027457
-0.0024461
-0.0064511
-0.0024827
0.00047056
-0.0038336
-0.0071954
0.010936
0.0154
-0.011381
-0.0045611
-0.0020039
-0.00064011
-0.002978
0.00044791
0.0010388
-0.0042636
0.0013737
-0.0019972
-0.002772
-0.0039347
-0.0030845
0.00063462
-0.0015763
-0.0024598
-0.0012176
-0.0019739
-0.0033038
-0.0064165
-0.004485
-0.0019235
-0.002707
-0.0021932
-0.0030697
-0.0032753
-0.0014605
0.0005547
-0.0013187
-0.0027509
-0.0043481
-0.0046121
0.0017139
-0.0018249
-0.003341
0.0029311
-8.9408e-05
-0.0095544
0.010368
0.018449
-0.009123
-0.0011589
-0.00097184
-0.0048386
0.0014498
-0.0005622
-0.0035125
-0.0031232
-0.0043613
-0.0027834
-0.0018801
-0.0021584
-0.0040887
-0.0031426
-0.0039704
-0.0024113
0.00063052
-0.0062298
-0.00078413
-0.0033727
0.0043904
0.0028096
-0.00096665
-0.0022237
-0.00010494
-0.0071118
-0.00086971
-0.0012878
-0.0060675
-0.0024953
-0.0033336
-0.0013206
-0.001233
-0.0021664
-0.0019461
-0.0021406
0.00019401
-0.006774
0.0036292
0.014146
-0.009761
-0.0020311
-0.0017548
-0.0015277
-0.00056106
-0.0045787
0.0002539
0.0021534
-0.0041997
0.00051293
-0.0052599
0.0011724
-0.0042662
0.001047
-0.003236
-0.0026876
-7.3688e-05
0.0026672
0.0018184
-0.00092748
-0.0043478
-0.0039289
-0.0025951
-0.0041584
-0.00043829
-0.0056316
-0.0055715
-0.00020162
-0.0034633
-0.001262
-0.002108
-0.00031689
-0.0039265
-0.0037966
-0.0011599
-0.0017017
-0.0016197
-0.0036329
-0.0024621
0.011844
-0.010411
-0.0041229
-0.0025006
-0.00071173
-5.7879e-05
-0.0031257
0.00015319
-0.0021982
-0.0018832
-0.006044
-0.0044868
-0.0019258
-0.0060417
7.5953e-05
-0.00026276
-0.0048052
-0.0033698
-0.0053275
-0.0095108
-0.0054455
-0.0031795
-0.0063994
-0.0042049
0.00072176
-0.0035889
-0.00055647
-0.0025081
-0.00030754
-0.0019892
0.00060408
-0.0035082
0.0033509
-0.0038889
-0.0022319
-0.00069653
-0.0015914
-0.0039128
-0.0059031
-0.0068824
0.0081872
-0.014548
0.00072881
0.0012754
-0.0010601
-0.0026295
-0.0027193
-0.0011305
-0.0021181
-0.0048438
-0.00028655
0.0011489
-0.0019531
-0.0007666
0.001429
-0.0033981
-0.0004705
-0.0022496
0.00087919
-0.00093171
-0.0031848
0.0020864
-0.0014991
-0.0017474
0.0018821
-0.00057839
-0.0014592
0.0007046
-0.0038461
-0.007142
-0.0011126
-0.0074004
-0.0026961
-0.0020474
-0.0047021
-0.0029357
0.00085721
-0.0021622
-0.0017745
-0.01103
0.0082392
-0.014494
0.0013842
0.001463
-0.0036608
0.0025693
-0.004679
-0.0020287
-0.0019535
0.0014932
-0.0010895
-0.00023507
-0.0021894
-0.0017432
-0.0018288
-0.00035539
-0.0034001
-0.0024143
-0.0041214
-0.0038854
-0.006773
-0.0036069
-0.0043226
-0.0012479
-0.007669
-0.0049709
-0.0026471
-0.0047757
-0.0021297
-0.0017479
-0.00025523
-0.0034173
0.0016396
-0.0022047
-0.0054479
-0.0010084
0.00034063
-0.0042318
-0.0033957
-0.011519
0.0065445
-0.0069897
-0.004372
-0.0039248
-0.0015598
0.001176
-0.0033975
-0.0020505
-0.0012119
-0.0027768
-0.0040945
-0.0015396
-0.0033481
-0.0038141
-0.0051232
0.0031505
-0.0063599
-0.0022998
0.00072412
0.0010097
-0.0017546
0.00091022
-0.0061025
0.00075907
-0.0044871
-0.001284
-0.0041025
-4.9018e-05
-0.002274
-0.0034709
-0.0033214
-0.00072513
0.00080982
0.00026804
-7.7635e-05
-0.0038884
-0.0021603
-0.0018506
-0.0040516
-0.011814
0.0031117
-0.0046598
-0.0035909
-0.004426
0.00028044
-0.0055981
-0.0037565
-0.0025709
0.00028538
-0.0025614
-0.0052657
0.0016904
-0.0026686
0.0011132
-0.001286
-0.0020278
-0.0023868
-0.00074883
-0.0040719
-0.0010523
-0.0013329
-0.00072489
-0.0034507
-0.0023807
-0.0024757
-0.00030999
-0.0033136
0.0012036
-0.00049607
-0.0047853
-0.00099612
-0.0043486
-0.0034509
-0.0019851
-0.0025677
-0.0051144
0.0014144
-0.0041927
-0.0020017
-0.012069
-0.0033932
-0.0046474
-0.00038989
-0.00011519
-0.0021621
0.0010247
-0.0034883
-0.0015658
-0.0016583
-0.0030409
-0.00035232
0.0019444
-0.0027646
-0.0083959
-0.0012832
-0.0020756
-0.0001225
-0.0034321
0.00037432
-0.0013991
-0.0052102
-0.0018997
-0.0025081
0.0008729
-0.00046336
-0.0024329
7.6811e-05
-0.0037126
-0.0019022
-0.0028857
-0.0014775
-0.0017085
0.0010552
-0.0035898
-0.004014
-0.0019705
-0.0016538
-0.0023271
-0.0061161
-0.011981
0.00083261
-0.010098
-0.00085456
-0.0039161
-0.0034295
-0.00038297
-0.0031803
-0.0049695
0.0013197
-0.0046252
-0.0043012
-0.0060168
-0.0022892
-0.0019682
-0.0073664
-0.00035715
-0.0013802
-0.0011366
-0.00090406
-0.0016652
-0.0010218
0.0017649
-0.0021995
0.0012036
-0.0021061
0.00022761
-0.0013209
0.00086519
0.001503
-0.0014792
-0.0016093
-0.0035918
-0.00063446
-0.00024008
-0.0043975
-0.00086129
8.9473e-05
-0.0018343
-0.0044191
-0.0095745
-0.0049046
-0.0082175
-0.0022898
-0.0028488
0.0010462
-0.0018028
-0.0013111
-0.006525
0.00090965
-0.0032183
0.0011117
0.0026017
-0.0066674
-0.003842
-0.00037848
-0.00076732
-0.0023528
-0.0039387
-0.0072107
-0.001608
-0.0048
-0.0059891
-0.0036953
-0.0033751
-0.0083423
-0.0021828
-0.0083011
-0.00058306
-0.0098223
-0.0037012
-0.00087288
6.3976e-05
-0.0015536
-0.0018642
-0.0052828
-0.0019872
-0.0024661
-0.0016787
-0.0048415
-0.010996
-0.0065541
-0.0068704
-0.0030011
-0.0011824
-0.00017556
-0.0012236
-0.0036126
0.00056802
0.0012228
-0.0010238
-0.0036956
-0.002649
-0.0013135
-0.0045076
-0.0030561
0.00077444
-0.0058493
-0.0015026
-0.0029578
-0.00063663
-0.0034874
-0.00045854
-0.0056855
-0.0022622
-5.3405e-05
-0.00091176
-0.0013466
-0.00054758
9.2107e-05
-0.0066508
-0.00050212
-0.0033463
-0.0026947
0.00067379
-0.0053728
-0.0016496
-0.00022947
-0.0020887
-0.0041532
-0.010584
-0.0044373
-0.0043641
-0.0025473
-0.0025332
0.00047369
-0.0011295
-0.0043479
-0.0021844
-0.0067278
-0.0012961
-0.0020077
-0.0051948
0.00029511
-0.0058579
-0.00014746
-0.0011381
0.0010282
-0.004793
-0.0044154
-0.0019982
-0.0022562
-0.0010898
0.001304
-0.0050021
-0.0032006
-0.00023063
-0.0073906
-0.0042654
-0.0024276
-0.0036243
0.00070774
-0.002987
-0.00127
-0.0028338
-0.0059548
-0.0014681
-0.00038603
-0.0035463
-0.0034808
-0.005844
-0.0074427
-0.0059442
-8.2436e-05
-0.0033711
-0.0022777
-0.0037511
-0.0053994
-0.0024115
0.00024988
-0.0031563
-0.0015346
-0.0014284
-0.0013242
-0.0024734
-0.0017933
-0.003562
-0.001929
-0.0015956
-0.003457
-0.0019856
-0.0022666
-0.003333
-0.0044429
-0.0036626
-0.0018358
0.00026928
-0.0010605
-0.00025476
-0.0020119
-0.0014429
-0.0032164
-0.0039242
-0.0017968
-0.0024828
-0.0031166
0.00054511
0.00047621
-0.005527
0.00070571
-0.0061232
-0.0058699
-0.0055362
-0.003458
0.0016268
-0.002382
-0.00062971
-0.0042838
0.00011301
-0.0049727
-0.0010602
-0.0059615
-0.0031471
-0.0014831
-0.0044016
0.00025422
-0.0039873
-0.0008199
-0.0029063
0.00043869
-0.001236
-0.0033628
-0.0013167
0.0003827
-0.00034879
-0.0031306
-0.0032157
-0.004796
-0.0031217
-0.0023495
-0.00088033
0.00010664
-0.0019151
-0.002558
-0.0022442
-0.0045776
0.0011599
-0.0035191
-0.00010202
-0.0074533
-0.00089082
-0.0054118
-0.0062047
-0.0022094
-0.002472
-0.0025844
-8.3193e-05
-0.002509
-0.00024635
-0.0035147
-0.0008104
-0.0064976
0.0050185
-0.0022859
-0.0061187
-0.0034732
-0.0019933
-0.0016735
-0.0023556
-0.0023122
-0.0010973
-0.0017871
-0.00082895
-0.0039207
-0.0038471
-0.0034444
-0.0065953
0.0020279
-0.0046251
-0.00059937
0.0012169
-0.0033349
-0.0015848
-0.0026667
-0.00046686
-0.0017233
0.00015749
-0.0035254
-9.9317e-05
-0.005296
-0.0020426
-0.0051124
-0.0074665
0.0015523
-0.0011655
-0.0040835
-0.0016509
-0.0048428
-0.00043159
-0.0030238
0.0010255
-0.0052951
0.00060441
0.0002847
-0.0045614
-0.00040906
-0.0035688
-0.0047336
-0.0027677
0.0012075
-0.0027782
-0.0045308
-0.0013221
-0.0036246
-0.0061598
-0.0011759
-0.0040353
-0.0032961
-0.0023136
0.00013832
-0.0063016
-0.002705
-0.0040932
-0.0026388
-0.00066169
-0.0004099
-0.0047124
-0.0010821
-0.0019261
-0.0097484
0.0037455
-0.0057357
-0.0063757
-0.00099514
-0.0032767
-0.0013456
-0.001105
-0.0035765
-0.0032205
-0.0036748
-0.0045712
-0.0010341
-0.002433
-0.0049862
-0.0029605
-0.0028851
-0.00011444
0.001289
-0.0045306
-0.0048968
-0.0018104
-0.002565
-0.00097219
-0.0013002
-0.00020849
0.0014644
-0.0020057
-0.0014676
-0.0057443
-0.00022597
-0.00040639
0.0014012
-0.0026897
0.0027977
-0.00077606
-0.0025068
9.2309e-05
-0.0015964
-0.0020263
-0.0083188
0.0062208
-0.00078439
-0.0072578
0.00063154
-0.0023968
0.00023525
-0.0013626
-0.0022401
-0.0025271
0.00065947
-0.0010287
-0.0022745
-0.0040425
-0.0049566
0.001169
-0.0016802
-0.0052645
-0.0005469
-0.0013595
-0.00094697
-0.00347
-0.0060811
-0.0015107
-0.0046139
-0.0025487
-0.0021504
-0.0049485
-0.0028965
0.00073468
-0.00026782
-0.0034695
-0.0040184
-0.0068883
0.0030297
-0.0017557
-0.0030037
-0.0025909
-0.001162
-0.0050058
-0.0078145
0.011038
0.0029155
-0.0088042
4.0548e-05
-0.0030342
0.00039701
-0.00080819
-0.0040541
-0.0013585
-0.0052885
-0.0011056
-0.0016247
-0.00052503
-0.0033308
-0.0035988
-0.00094733
0.00044765
-0.0016514
-0.0031711
-0.00035383
-0.0004188
-0.0013531
-0.0021329
-0.0038053
0.00074587
0.00035018
-0.0041318
-0.0033597
-0.0015612
-0.00382
-0.00045388
-0.0036278
-0.00050247
-0.0025357
-0.0026328
-0.0019689
-0.0016146
-0.0044423
-0.0008517
-0.0085355
0.012535
0.0062315
-0.008637
0.0017531
-0.0041991
-0.0058255
-0.0013277
-0.0026773
-0.0018509
-0.003233
-0.0027965
-0.0061639
-0.0065763
-0.0049206
-0.0014625
-0.0051587
-0.0047094
-0.0037839
-0.0061898
0.00010387
-0.0074081
-0.0065546
-0.0042154
-0.0016909
-0.0039906
-0.0045675
-0.0027406
-0.0028867
6.3487e-05
-0.003906
-0.00313
-0.0009193
-0.0022185
-0.0012588
0.0026921
-0.0024866
-0.0056534
-0.00061621
-0.0052446
-0.010096
0.01422
0.011908
-0.010683
0.0030894
0.00090332
-0.0025934
-0.0015003
-0.0014385
0.001539
-0.00028101
0.0042138
-0.0042741
-0.0011881
0.001165
-0.0013858
0.00056373
-0.0033292
-0.0012715
-0.0016205
-0.0011158
0.0014192
0.0003713
0.0018165
0.0034782
-0.0029482
-0.0038138
-0.00070454
-0.0023798
-0.00071828
-0.0018584
-0.0030473
0.0024302
-0.0042534
-0.0012747
-0.0016927
-0.0066955
0.00092748
-0.00060273
-0.0021745
-0.0090089
0.013408
0.012723
-0.0087971
-0.0040741
-0.004066
-0.0030097
-0.0048205
-0.0052357
0.00045068
-0.0033679
-0.0038363
-0.0019607
0.0012382
-0.0053873
0.0022895
-0.0012228
-0.002851
-0.0044237
0.00026734
-0.0029087
-0.00098561
-0.0011433
0.00026384
-0.0082238
-0.0051202
-0.00041024
-0.0054744
-0.0034275
-0.0018133
-0.0031932
0.0018305
-0.0024337
0.0016886
-0.002016
-0.0041815
-0.0017592
-0.0038845
-0.0034086
-0.0034645
-0.010076
0.014296
0.016172
-0.010158
0.0017255
-0.002471
0.0018586
-0.00069409
0.00018967
-0.0031527
0.0038523
-0.0005047
-0.0010017
-0.0038203
-0.0011427
0.0014884
-0.0020691
0.0010086
-0.0022631
-0.0015001
-0.0029571
-0.00026261
-0.0037599
-0.0014607
7.2252e-05
0.0024827
-0.0021831
-0.0029917
-0.00060788
-0.00075358
-0.0023894
-0.0038385
0.00050966
0.001565
-0.0080278
-0.0021156
-0.003326
-0.0025754
-0.001107
-0.003057
-0.0087535
0.015224
0.017073
-0.010883
0.004743
-0.0030357
-0.0037828
-0.0015812
-0.0043547
-0.00031737
-0.0065172
-0.00028307
-0.0047074
-0.0021164
-0.0048553
-0.0019382
-0.0035887
-0.0030211
-0.0025966
-0.0049875
-0.00016412
-0.0010454
-0.003698
-0.0066814
-0.00030257
-0.0055695
0.00075185
-0.0036661
0.0021565
0.00035842
0.0015534
-0.00025516
0.0006233
-0.0023339
0.0012949
-0.0019777
-0.0052899
-0.0034795
-0.001285
-0.0041896
-0.0094434
0.016936
0.018129
-0.015889
-0.002094
-0.0020151
-0.0054671
0.00098911
-0.00012161
-0.0048577
-0.0032123
0.00027367
-0.00014911
-0.0012791
-0.0042526
-0.0042768
-0.0033458
-0.0057424
-0.0029213
-0.00050483
-0.0014893
-0.003245
-0.0017738
-0.0021191
-0.0029638
-0.00049256
-0.0061031
1.5039e-05
-0.0074521
-0.0029115
-0.0025806
0.0042501
-0.009068
-0.0040427
-0.0069031
-0.000498
-0.004171
0.0020937
-0.0020164
-0.0039514
-0.010417
0.016618
0.01861
-0.014548
-0.0016128
-0.00413
-0.0019023
0.00083325
-0.0033715
-0.00045658
-0.0055993
-0.00062094
-0.0030101
-0.0015277
-0.00037388
0.0016267
0.00029586
0.0020932
-0.0010898
-0.0069741
-0.0052035
-0.0038817
-0.0038401
-0.0019471
-0.0038428
0.0029139
-0.00039177
-0.0037378
-0.00028694
0.0029821
0.0038671
-0.0042845
-0.0040158
-0.0017534
-0.0037394
-0.0012165
-0.0057151
-0.0014489
-0.0017542
-0.0020937
-0.010615
0.017225
0.020968
-0.01279
-0.0036695
-0.0073568
-0.0013167
-0.0040254
-0.0023849
-0.00082636
-0.0019157
-0.004455
-0.0012508
-0.0053046
0.0031274
-0.0015709
-0.0069877
-0.0013385
-0.0017918
0.0012063
0.00097781
0.0011649
0.0009862
-0.00074459
-0.0045164
-0.0027152
-0.004644
0.0030045
-0.0015657
0.0021428
-0.0041796
-0.0050842
-0.0045021
-0.0031406
-0.0031696
0.00092017
-0.003185
-0.0043021
-0.0030736
-0.0035392
-0.0093194
0.016715
0.01999
-0.0097503
-0.0014088
-0.0053538
0.00021162
-0.00091664
-0.0030016
0.00017522
0.0012993
0.0030485
-0.0026124
-0.006958
-0.0028322
0.00079061
-3.3427e-05
-0.0028013
-0.0030939
-0.0015698
-0.0028643
-0.0024329
-0.0029924
-0.0040185
-0.0013311
0.0012019
-0.0018732
-0.0029014
0.0017041
-0.0037605
-0.0049213
-0.0036508
-0.0033006
-0.0022997
-0.0026828
-0.0022298
-0.00222
-0.00060316
-0.00094302
-0.0021202
-0.0092708
0.016822
0.013614
-0.020248
-0.0049968
-0.0093086
-0.0085082
-0.0095906
-0.005148
-0.0090413
-0.0077592
-0.0050465
-0.0025096
0.0023162
-0.00076215
-0.0066562
-0.0041858
-0.0043582
-0.0048223
-0.004554
-0.0036825
-0.0018781
-0.0029918
-0.0030586
-0.0046945
-0.0037933
0.0011562
-0.0037877
-0.0071328
-0.010502
-0.011086
-0.011064
-0.0090936
-0.0099197
-0.0087856
-0.0082234
-0.01163
-0.0098478
-0.010308
-0.0094543
-0.017692
0.011738
0.037928
0.016776
0.023586
0.021299
0.022524
0.017472
0.01675
0.013862
0.0095429
0.0081565
0.002669
0.001512
0.0010093
0.002494
-0.0016629
-0.0013004
0.00023048
-0.001166
-0.0026416
-0.0023644
-0.001702
-0.002916
-0.0014984
-0.0010613
0.001596
0.0028745
0.0083865
0.015215
0.01952
0.020514
0.021773
0.02106
0.022763
0.022893
0.020867
0.022227
0.021194
0.022564
0.016683
0.034716
