4.9402
-0.010964
-0.011
-0.010525
-0.011269
-0.010307
-0.010894
-0.011363
-0.011063
-0.0098886
-0.010445
-0.0093981
-0.00938
-0.00711
-0.0086711
-0.010293
-0.0093571
-0.011615
-0.0068925
-0.011048
-0.012173
-0.012241
-0.012066
-0.010125
-0.011003
-0.010292
-0.012417
-0.012484
-0.011619
-0.012463
-0.010652
-0.01196
-0.011339
-0.011626
-0.012108
-0.011824
-0.0118
-0.013607
-0.013074
-0.015047
-0.018237
-0.0077737
-0.0075633
-0.0086502
-0.0096207
-0.0074712
-0.0086812
-0.0092904
-0.011092
-0.0071995
-0.0081228
-0.0108
-0.0074108
-0.0088455
-0.010635
-0.0096492
-0.008305
-0.0052457
-0.0079556
-0.011006
-0.0054586
-0.0068033
-0.008037
-0.010492
-0.0098349
-0.008872
-0.0085211
-0.0069859
-0.0070538
-0.0070476
-0.011664
-0.0088798
-0.0077274
-0.007855
-0.0080562
-0.01062
-0.0066638
-0.0094989
-0.0057548
-0.0093062
-0.013303
-0.0071126
-0.0055498
-0.0058744
-0.0062491
-0.0052348
-0.0065382
-0.005065
-0.0068953
-0.004014
-0.0066076
-0.0054537
-0.0073781
-0.0059228
-0.0048626
-0.0056879
-0.0044524
-0.0060232
-0.0087951
-0.00536
-0.0074338
-0.0049611
-0.0060953
-0.0044989
-0.0056128
-0.0048846
-0.0049063
-0.0055801
-0.0043057
-0.0056694
-0.003892
-0.0064848
-0.0043441
-0.0057038
-0.0058244
-0.0059536
-0.0038712
-0.0063203
-0.0044309
-0.0068026
-0.011199
-0.0075185
-0.0055473
-0.0065229
-0.0063875
-0.0049916
-0.0066451
-0.0036735
-0.0070573
-0.006788
-0.0081819
-0.006668
-0.0086274
-0.0050624
-0.0030089
-0.0063116
-0.0057547
-0.007651
-0.004277
-0.0041958
-0.0050647
-0.0061273
-0.0056003
-0.0062062
-0.0068526
-0.0072909
-0.0079003
-0.0069945
-0.0055443
-0.0064352
-0.0070713
-0.0073591
-0.005967
-0.0086129
-0.0058503
-0.0074598
-0.0044546
-0.006048
-0.0063806
-0.0072493
-0.011866
-0.0073619
-0.0054786
-0.0066085
-0.0070634
-0.0058363
-0.0065976
-0.0041866
-0.0090771
-0.0039802
-0.0061421
-0.0072852
-0.0031598
-0.0046295
-0.0058012
-0.0028339
-0.0088349
-0.0056978
-0.0043948
-0.0078708
-0.0091389
-0.0055644
-0.0076692
-0.004129
-0.0044867
-0.004887
-0.0033189
-0.0062461
-0.0046714
-0.0043949
-0.0063609
-0.0091914
-0.0047094
-0.0042242
-0.0060421
-0.007459
-0.0049887
-0.0069705
-0.0059524
-0.0039491
-0.011789
-0.0076988
-0.0059858
-0.0042963
-0.0066496
-0.0049394
-0.0065242
-0.0059214
-0.0043509
-0.0060661
-0.0079175
-0.0076101
-0.0082476
-0.0052813
-0.0066115
-0.0063206
-0.008302
-0.0073389
-0.0078214
-0.0060808
-0.0065982
-0.0046463
-0.0066114
-0.0084633
-0.0062399
-0.0075917
-0.0047461
-0.010981
-0.0067322
-0.0049815
-0.0028678
-0.0096562
-0.0069977
-0.0060519
-0.0065793
-0.0078149
-0.0042031
-0.0078641
-0.0045434
-0.0068874
-0.012297
-0.0080136
-0.0068507
-0.0060773
-0.004472
-0.0072855
-0.0080057
-0.005827
-0.0042876
-0.0071066
-0.0093144
-0.0066064
-0.002658
-0.0057463
-0.0074308
-0.0061246
-0.0057842
-0.004682
-0.010321
-0.0048781
-0.0069707
-0.005017
-0.0059271
-0.0038699
-0.0038792
-0.0047597
-0.0026663
-0.0086847
-0.0049088
-0.0062547
-0.0064061
-0.0084871
-0.0031007
-0.0023485
-0.0046195
-0.0076775
-0.0053888
-0.0071371
-0.0068945
-0.0056964
-0.013269
-0.0078546
-0.0056084
-0.0070612
-0.0045344
-0.0066659
-0.0045913
-0.0064134
-0.0041256
-0.0082502
-0.0082792
-0.0062802
-0.0042209
-0.0080565
-0.0082196
-0.0042791
-0.0072261
-0.0040575
-0.0076919
-0.0061466
-0.0058752
-0.0020313
-0.0048572
-0.0085131
-0.0078039
-0.0054522
-0.0080293
-0.0090547
-0.0073962
-0.0069989
-0.0087919
-0.0058857
-0.0060412
-0.0067153
-0.0065269
-0.003498
-0.0051897
-0.005779
-0.0065575
-0.0044382
-0.013653
-0.0079652
-0.0065275
-0.0058933
-0.0067253
-0.0061305
-0.0066101
-0.0073486
-0.003888
-0.0074635
-0.006408
-0.0084799
-0.007179
-0.0062311
-0.0068678
-0.0070617
-0.0053764
-0.0037117
-0.0064154
-0.0068203
-0.0097987
-0.0065006
-0.0079924
-0.0065361
-0.0051468
-0.0072045
-0.00444
-0.0018008
-0.0054256
-0.0047546
-0.0039652
-0.0062894
-0.0051862
-0.0051035
-0.0076969
-0.009903
-0.0075873
-0.0036169
-0.0086331
-0.0055476
-0.013481
-0.0071813
-0.005833
-0.0054396
-0.0058991
-0.0043979
-0.0064216
-0.0038793
-0.0091465
-0.0041101
-0.0078042
-0.0081388
-0.00041765
-0.0066911
-0.0047138
-0.0045866
-0.0066568
-0.0062372
-0.0043804
-0.0052442
-0.0058859
-0.0044384
-0.009638
-0.0070576
-0.0067955
-0.0065241
-0.0055275
-0.007196
-0.0043732
-0.0036922
-0.0060672
-0.0072483
-0.004975
-0.0055175
-0.0050607
-0.0031972
-0.0044921
-0.0047675
-0.0042555
-0.0022603
-0.011102
-0.0079068
-0.0070536
-0.0049542
-0.005404
-0.0071581
-0.0054402
-0.0072429
-0.0066759
-0.0054806
-0.0066606
-0.0043147
-0.0049375
-0.0071664
-0.0047413
-0.0058633
-0.008551
-0.0055552
-0.0082569
-0.0054264
-0.012321
-0.00849
-0.00538
-0.0045518
-0.006952
-0.0047538
-0.0067255
-0.0057753
-0.0044901
-0.0066367
-0.0073375
-0.0083677
-0.006204
-0.0085572
-0.0073056
-0.0079224
-0.0044627
-0.0030683
-0.010155
-0.0092808
-0.014804
-0.0083073
-0.0050685
-0.0057627
-0.006361
-0.0069191
-0.0054758
-0.0070233
-0.0055954
-0.0079472
-0.0077351
-0.0058997
-0.0056017
-0.008828
-0.0077805
-0.0068237
-0.0047507
-0.0058052
-0.0082565
-0.0030355
-0.0026739
-0.0071219
-0.0029908
-0.0052069
-0.0074472
-0.0051393
-0.0069043
-0.0062475
-0.0082216
-0.0093447
-0.007555
-0.0068448
-0.0049802
-0.0053095
-0.0037182
-0.0084867
-0.0068873
-0.0090995
-0.0070312
-0.0056967
-0.010624
-0.0081778
-0.0048147
-0.0079636
-0.006612
-0.0043099
-0.0061453
-0.0042485
-0.0073552
-0.0046247
-0.0065091
-0.0058108
-0.0040703
-0.0046989
-0.0077842
-0.0046114
-0.0034555
-0.0045656
-0.0065982
-0.0052604
-0.0045254
-0.0041668
-0.00579
-0.0056794
-0.0058212
-0.0076246
-0.0044486
-0.0070909
-0.0086668
-0.0061223
-0.0014117
-0.002814
-0.0047544
-0.0062046
-0.0060132
-0.006268
-0.0042145
-0.005626
-0.0048948
-0.010196
-0.010057
-0.0086868
-0.0067698
-0.0053352
-0.005863
-0.0080372
-0.0079805
-0.0075082
-0.0057008
-0.0052942
-0.0082742
-0.0056987
-0.0066651
-0.0067076
-0.0083895
-0.0053989
-0.0059035
-0.0064528
-0.0071644
-0.0082267
-0.0056723
-0.0061925
-0.0062378
-0.0081044
-0.0056553
-0.0051184
-0.0068885
-0.0047865
-0.0071396
-0.0027257
-0.007372
-0.0062678
-0.0064501
-0.0066179
-0.0058005
-0.0068726
-0.0041449
-0.0061053
-0.0041406
-0.0044821
-0.01127
-0.0090382
-0.0055846
-0.0048239
-0.0049897
-0.0044088
-0.0051378
-0.0061778
-0.0054552
-0.0057682
-0.0074442
-0.0077358
-0.0051758
-0.0048085
-0.0057355
-0.005304
-0.0070383
-0.0071756
-0.0070275
-0.0040755
-0.0046876
-0.006661
-0.0039395
-0.0087629
-0.0042496
-0.0042204
-0.0098249
-0.0021645
-0.0054739
-0.0093159
-0.01008
-0.009843
-0.0037338
-0.00592
-0.0076432
-0.0050992
-0.008676
-0.0080529
-0.005475
-0.0068598
-0.012935
-0.0079301
-0.0052689
-0.0048454
-0.0076295
-0.0053609
-0.0061923
-0.0068021
-0.0046455
-0.005046
-0.0068161
-0.0063997
-0.0016685
-0.004052
-0.0081314
-0.0054507
-0.0064523
-0.0057539
-0.0069463
-0.0058216
-0.0074033
-0.0062159
-0.007193
-0.009153
-0.0074215
-0.0062527
-0.0059843
-0.0051384
-0.0087631
-0.0064227
-0.0013513
-0.0040567
-0.0068975
-0.0068061
-0.0072628
-0.0056704
-0.0060378
-0.0043744
-0.0070512
-0.0057909
-0.012526
-0.008042
-0.0054651
-0.0056606
-0.0069835
-0.0048221
-0.0077202
-0.0066099
-0.0055059
-0.0067501
-0.0086512
-0.011108
-0.0061663
-0.0046979
-0.0097315
-0.005555
-0.0070313
-0.0069966
-0.0080252
-0.0069249
-0.004376
-0.0066634
-0.005266
-0.0079025
-0.0065614
-0.0050295
-0.0052275
-0.0061364
-0.0046419
-0.0043998
-0.0092633
-0.0067617
-0.0059275
-0.0028416
-0.0077389
-0.0040338
-0.0038494
-0.0079094
-0.0056805
-0.0038723
-0.011751
-0.010248
-0.0039238
-0.0048269
-0.0056224
-0.0051318
-0.0093842
-0.0069507
-0.0064583
-0.0048789
-0.0043782
-0.006646
-0.0025902
-0.0065036
-0.0099195
-0.0025575
-0.0070401
-0.0056382
-0.0078048
-0.0044333
-0.006547
-0.0073524
-0.0057568
-0.0055772
-0.007937
-0.0042207
-0.0068704
-0.0062029
-0.0072908
-0.0078898
-0.008662
-0.0049312
-0.0057235
-0.0072095
-0.0058331
-0.0047193
-0.009616
-0.0059381
-0.0073206
-0.0076784
-0.012861
-0.0094614
-0.006164
-0.0054229
-0.0087643
-0.0036097
-0.0079235
-0.0055116
-0.0061315
-0.0079428
-0.0065575
-0.0059449
-0.005989
-0.0040447
-0.0090631
-0.0055059
-0.0049912
-0.0052545
-0.0050785
-0.0048097
-0.0076972
-0.0053857
-0.0037254
-0.0064009
-0.0076264
-0.0029694
-0.0076233
-0.007053
-0.0072268
-0.0043507
-0.0037856
-0.0060426
-0.0063711
-0.0066452
-0.0049867
-0.0032062
-0.0072417
-0.0050258
-0.0036332
-0.0047626
-0.013848
-0.0087483
-0.0038823
-0.0050827
-0.0071947
-0.0066956
-0.0071129
-0.007274
-0.0040576
-0.0032032
-0.0054503
-0.0074146
-0.0061108
-0.0049654
-0.0070767
-0.0031367
-0.0081547
-0.0065771
-0.0057915
-0.0070545
-0.0085048
-0.0046078
-0.0043859
-0.0076025
-0.005547
-0.0067432
-0.0063502
-0.0055843
-0.0045385
-0.0044271
-0.0066235
-0.0063525
-0.0042232
-0.0037096
-0.0045274
-0.0075641
-0.009805
-0.005853
-0.0048871
-0.0068927
-0.010404
-0.0080556
-0.0083569
-0.0059374
-0.0073363
-0.0054508
-0.0071849
-0.0067123
-0.0059839
-0.0074142
-0.0075315
-0.0084768
-0.0077687
-0.0081943
-0.0078301
-0.0075095
-0.0081468
-0.00537
-0.0072121
-0.0054543
-0.0047619
-0.0052833
-0.0086131
-0.0038342
-0.0042513
-0.0085873
-0.0098701
-0.005729
-0.0061211
-0.0093381
-0.0056101
-0.0058418
-0.010043
-0.0072715
-0.0081233
-0.0046518
-0.010046
-0.005461
-0.0046844
-0.0059351
-0.011834
-0.0087823
-0.0067782
-0.0042398
-0.0071182
-0.0046199
-0.0057811
-0.0060576
-0.0074103
-0.005602
-0.0066682
-0.0068161
-0.0034953
-0.0043096
-0.0091677
-0.0053117
-0.0046753
-0.0045026
-0.0061872
-0.0039169
-0.0081022
-0.0049649
-0.0056894
-0.006258
-0.005067
-0.0066678
-0.0049367
-0.0048564
-0.0065798
-0.0044186
-0.0054972
-0.0029581
-0.005735
-0.0026605
-0.008991
-0.0062692
-0.007548
-0.0074365
-0.0051771
-0.006471
-0.012595
-0.0085116
-0.0057129
-0.0045623
-0.0057421
-0.0059441
-0.0069741
-0.0070432
-0.0066709
-0.0047927
-0.0036316
-0.0042916
-0.0045815
-0.0060669
-0.0079729
-0.0058737
-0.0052698
-0.0075175
-0.0081398
-0.0059296
-0.0096357
-0.0041576
-0.0063007
-0.0058706
-0.0060793
-0.0062603
-0.0089745
-0.006969
-0.0071272
-0.0072916
-0.0088144
-0.0061212
-0.0051988
-0.0092324
-0.0045283
-0.0036917
-0.0085566
-0.0064074
-0.0047036
-0.0067554
-0.012574
-0.0094712
-0.0071694
-0.0061366
-0.0054846
-0.0082906
-0.0061766
-0.0055628
-0.0060968
-0.0056727
-0.007221
-0.0063437
-0.005429
-0.0045716
-0.0084869
-0.0039856
-0.0063621
-0.0039834
-0.0059124
-0.005381
-0.0033327
-0.0071914
-0.0077482
-0.006131
-0.0056695
-0.0073136
-0.0072993
-0.0047083
-0.0037697
-0.0063627
-0.0045687
-0.0056408
-0.0076406
-0.0084087
-0.0048214
-0.0031736
-0.0084811
-0.0044869
-0.0049539
-0.0054312
-0.011153
-0.0080267
-0.0052244
-0.0035039
-0.0072531
-0.0037365
-0.0051406
-0.0048306
-0.0076992
-0.0017494
-0.0083821
-0.0070831
-0.0075693
-0.0078707
-0.0069584
-0.0069709
-0.0088575
-0.0032716
-0.0056542
-0.0060414
-0.0059142
-0.0059776
-0.0074063
-0.0073178
-0.0033147
-0.0075082
-0.0097099
-0.004091
-0.0052999
-0.0046806
-0.0013491
-0.0071115
-0.0042242
-0.0027707
-0.0049947
-0.0015945
-0.0087993
-0.0060946
-0.0051836
-0.007453
-0.01251
-0.010029
-0.0071317
-0.0060969
-0.010377
-0.0048508
-0.0054785
-0.0072157
-0.0071692
-0.0056057
-0.0065606
-0.0061835
-0.0056642
-0.0052172
-0.0024696
-0.0033443
-0.0047361
-0.0066009
-0.0074475
-0.0055794
-0.0073725
-0.0029777
-0.0074194
-0.006791
-0.0036752
-0.0086625
-0.0098662
-0.0039015
-0.0051024
-0.0073304
-0.012201
-0.0069786
-0.0067745
-0.0082345
-0.0091075
-0.0062094
-0.0096844
-0.0063628
-0.0054673
-0.0072313
-0.01277
-0.0089562
-0.0052021
-0.0035491
-0.008819
-0.0047177
-0.0066881
-0.0055766
-0.0082623
-0.0057886
-0.00056433
-0.0068246
-0.0089135
-0.0042886
-0.0058572
-0.010548
-0.0052522
-0.0070192
-0.0074715
-0.0049638
-0.0073237
-0.0039388
-0.0076064
-0.0034936
-0.0068659
-0.005805
-0.0057191
-0.0053456
-0.0096482
-0.0084087
-0.0046512
-0.007004
-0.0066377
-0.0079094
-0.0055573
-0.0052803
-0.0084446
-0.0052365
-0.0036515
-0.0084574
-0.013339
-0.0099032
-0.004162
-0.0054049
-0.0080177
-0.0038308
-0.0049115
-0.0060389
-0.0068023
-0.0085462
-0.011394
-0.0064188
-0.0027335
-0.0055023
-0.010177
-0.0069168
-0.0069232
-0.0070397
-0.0066036
-0.0063301
-0.0069524
-0.0072665
-0.0055362
-0.007189
-0.0067462
-0.0061834
-0.0047418
0.00036457
-0.0066473
-0.0031214
-0.0039097
-0.004331
-0.0068369
-0.0058706
-0.0044565
-0.00505
-0.0085177
-0.003954
-0.0059739
-0.0062335
-0.011702
-0.010644
-0.0049021
-0.0059345
-0.0071715
-0.0046113
-0.0059316
-0.0073238
-0.0055306
-0.0076076
-0.0056419
-0.0083096
-0.0063431
-0.0047974
-0.0042296
-0.00805
-0.0058373
-0.0046277
-0.0054658
-0.0065266
-0.0059405
-0.0050558
-0.0074681
-0.0074572
-0.0029846
-0.007691
-0.0062329
-0.0047319
-0.0072157
-0.0048564
-0.008378
-0.0093263
-0.0050023
-0.006354
-0.0046282
-0.0053682
-0.010204
-0.004427
-0.0034824
-0.0067658
-0.011937
-0.010409
-0.0063054
-0.0065371
-0.0071778
-0.0049743
-0.0045832
-0.0070943
-0.0047534
-0.0043291
-0.0061181
-0.0036626
-0.0047931
-0.008677
-0.0074301
-0.0054145
-0.0072672
-0.0056248
-0.0074437
-0.0040333
-0.0077669
-0.0064563
-0.0080033
-0.0066312
-0.0060354
-0.0079454
-0.0041202
-0.0082573
-0.0066797
-0.0076595
-0.0058156
-0.0037322
-0.007501
-0.0070346
-0.0035938
-0.0028127
-0.0085454
-0.0048206
-0.0053728
-0.007553
-0.011055
-0.0096666
-0.0058721
-0.0075901
-0.0065708
-0.0070359
-0.0049831
-0.0050995
-0.0070961
-0.0076831
-0.0057171
-0.0069505
-0.0035767
-0.0076421
-0.005505
-0.0063435
-0.0082171
-0.0065962
-0.0040504
-0.0038699
-0.0042828
-0.0064714
-0.0059631
-0.0035201
-0.0055237
-0.0078916
-0.0067151
-0.0061163
-0.0062323
-0.0052547
-0.006285
-0.0072164
-0.0062797
-0.0085854
-0.0059578
-0.0057331
-0.010324
-0.004031
-0.005537
-0.0078642
-0.011784
-0.0095906
-0.0070382
-0.0069668
-0.0070577
-0.0048454
-0.0056208
-0.0056296
-0.0063321
-0.0074511
-0.0087577
-0.0055417
-0.005386
-0.0056253
-0.0070098
-0.004872
-0.0054078
-0.0072513
-0.0078281
-0.0076655
-0.0071527
-0.0078187
-0.0034486
-0.0055344
-0.0066207
-0.0059105
-0.0027853
-0.0056331
-0.0068604
-0.0068392
-0.0065051
-0.0067243
-0.0052193
-0.0076341
-0.0038953
-0.0042697
-0.0091101
-0.0047195
-0.00491
-0.0077249
-0.011838
-0.0091908
-0.0041645
-0.0064099
-0.0078795
-0.0049459
-0.0067095
-0.0042532
-0.0056178
-0.0059804
-0.0057698
-0.006269
-0.0053669
-0.0050083
-0.0059886
-0.00769
-0.0037869
-0.0055696
-0.0043163
-0.0059867
-0.0057354
-0.0072753
-0.0053047
-0.0066437
-0.0076964
-0.0060585
-0.0035383
-0.0057278
-0.0036955
-0.0051755
-0.0034004
-0.0073087
-0.0065001
-0.0062298
-0.0037284
-0.0060361
-0.0093142
-0.0043597
-0.0053866
-0.0079063
-0.010264
-0.010296
-0.0037282
-0.008125
-0.0041275
-0.0056048
-0.0039492
-0.0070242
-0.0064516
-0.006637
-0.0068178
-0.0082969
-0.0059926
-0.0053714
-0.0070989
-0.0079116
-0.005142
-0.0059832
-0.0046601
-0.0059856
-0.0062783
-0.0072237
-0.0066623
-0.0078393
-0.0061769
-0.006297
-0.0080781
-0.0076671
-0.005798
-0.0067677
-0.0081142
-0.0084251
-0.0060447
-0.0065987
-0.00429
-0.0076686
-0.0093668
-0.0050341
-0.0057242
-0.00603
-0.011822
-0.010648
-0.008344
-0.0074178
-0.005526
-0.0053406
-0.0070748
-0.0061737
-0.0078628
-0.0066428
-0.008107
-0.0069027
-0.0059323
-0.0094185
-0.0081712
-0.0058775
-0.0062775
-0.0073466
-0.0074601
-0.0056444
-0.0066543
-0.0049922
-0.0045272
-0.0051476
-0.0045093
-0.0065022
-0.006595
-0.0058714
-0.0059775
-0.0058222
-0.0085154
-0.0023769
-0.0068117
-0.0048149
-0.0041687
-0.0064325
-0.0084107
-0.0031712
-0.0066892
-0.0063992
-0.01124
-0.0093899
-0.0065376
-0.0082084
-0.0038804
-0.0074225
-0.0074924
-0.0057154
-0.0040926
-0.0016423
-0.0043582
-0.0065084
-0.0016878
-0.0069527
-0.0072627
-0.0054651
-0.003653
-0.0067966
-0.0056618
-0.0048908
-0.0066358
-0.0080793
-0.0082598
-0.009192
-0.0065032
-0.0062241
-0.0054019
-0.0069177
-0.0050857
-0.0062634
-0.0032794
-0.0058198
-0.0070717
-0.0090573
-0.0050527
-0.0068214
-0.006807
-0.0037785
-0.007619
-0.0063463
-0.010876
-0.01118
-0.0044069
-0.0058818
-0.0061331
-0.0063426
-0.0077006
-0.0077205
-0.0067629
-0.004987
-0.0065301
-0.0096131
-0.0059883
-0.0037924
-0.0081688
-0.0096496
-0.0056985
-0.0055465
-0.0073269
-0.0057243
-0.0063204
-0.0049499
-0.0044417
-0.0058015
-0.0056452
-0.0069468
-0.0065517
-0.0075629
-0.0067691
-0.0060309
-0.007026
-0.0092629
-0.007052
-0.007452
-0.0039006
-0.0087385
-0.007429
-0.005568
-0.0077531
-0.0033066
-0.012495
-0.0084563
-0.0040113
-0.0057939
-0.0053995
-0.002075
-0.0047067
-0.0054396
-0.0048193
-0.0044303
-0.0056679
-0.005171
-0.0056487
-0.0051899
-0.0017221
-0.0070069
-0.0068204
-0.0026152
-0.003485
-0.0032587
-0.0062152
-0.0053275
-0.0053861
-0.0067024
-0.0047678
-0.0052461
-0.0044278
-0.0038206
-0.0038632
-0.0055311
-0.0068837
-0.0049884
-0.0051415
-0.0045728
-0.0038585
-0.0061
-0.0039465
-0.0051418
-0.0070611
-0.00065203
-0.012431
-0.010594
-0.00872
-0.0083869
-0.0088352
-0.007559
-0.0088641
-0.0082476
-0.0079444
-0.0078333
-0.0088805
-0.0095479
-0.0060769
-0.010054
-0.0077707
-0.0054124
-0.010614
-0.010004
-0.0089672
-0.0086173
-0.0096725
-0.009661
-0.010124
-0.0059998
-0.0081831
-0.0074466
-0.0078925
-0.0086489
-0.0091328
-0.0098611
-0.0084162
-0.0075232
-0.0091348
-0.0090757
-0.0094421
-0.0085267
-0.0074797
-0.010826
-0.0087077
-0.006721
-0.015587
-0.014914
-0.012922
-0.012799
-0.012707
-0.012265
-0.012322
-0.012211
-0.012031
-0.011985
-0.012443
-0.014566
-0.014155
-0.015983
-0.015369
-0.013932
-0.013434
-0.013757
-0.01318
-0.012045
-0.015589
-0.013777
-0.014651
-0.014209
-0.015053
-0.014743
-0.015069
-0.014487
-0.013976
-0.012399
-0.012246
-0.013617
-0.013593
-0.011081
-0.01303
-0.014419
-0.011191
-0.014638
-0.012129
-0.01304
-0.017715
