-0.065506
-0.056814
-0.013365
0.14595
-0.064244
-0.086917
-0.019712
0.017284
-0.034288
-0.10137
-0.10093
-0.048742
0.16741
-0.088425
-0.15501
-0.061604
-0.0048901
-0.051287
-0.12673
-0.1389
-0.082303
0.19691
-0.078224
-0.095521
-0.084081
-0.026087
-0.06179
-0.13219
-0.036626
0.030632
0.080682
-0.05371
-0.033005
0.00090551
0.090534
-0.0029524
-0.095814
-0.087358
0.037212
0.14791
-0.059925
-0.15998
-0.012224
0.14539
0.012298
-0.11971
-0.083208
0.016494
0.077601
-0.0017814
-0.0045925
-0.0011037
0.065261
0.029652
-0.090813
-0.078834
-0.0087801
0.077248
-0.10963
0.092389
-0.039981
-0.061786
-0.095511
-0.13079
-0.07306
0.018347
0.18451
-0.058452
-0.13708
-0.0074503
-0.010533
-0.038411
-0.10555
-0.10167
-0.046425
0.15019
-0.0014137
0.037231
-0.053336
-0.064213
-0.013705
-0.081101
