0.58078
0.0034286
-0.0014344
-0.0038267
-0.0046454
-0.0027386
-0.0047604
-0.0029212
-0.0034925
-0.0019182
-0.0027428
-0.003131
-0.0021689
-0.0010382
-0.00079634
-0.0022216
-0.0014602
-0.001268
-0.0012706
0.00041067
-0.0015864
0.00017353
0.00040735
0.0014602
0.00093687
0.0004315
-0.0017931
-0.0015759
-0.00020544
-0.0052506
-0.0040021
-0.0017588
-0.0022136
-0.0048518
-0.0024862
-0.0038333
-0.0018054
-0.0040448
-0.0032524
-0.0020155
0.0039478
0.0037863
-0.0016133
-0.0022273
0.00025594
0.00031372
-0.0022082
-0.0029308
-0.00010681
-0.0037465
-0.0012253
-0.0006347
-0.0015505
-0.0045279
-0.0015327
-0.0031525
-0.0041822
-0.0023583
-0.0016581
-0.0022791
-0.0037822
-0.00078698
-0.0029289
-0.004861
-0.0069138
-0.0036843
-0.0036142
0.0019066
0.0001976
0.0011002
-0.0027152
-0.00096917
-5.4391e-05
-0.0057922
0.0005104
-0.00084345
-0.0019539
-0.0051893
-0.00072533
0.00052185
0.0054241
0.0048823
0.0026549
-0.00079424
-0.002378
-0.0022687
-0.0030652
-0.0025465
-0.00097891
-0.0042671
-0.0012571
-0.00071354
-0.0033883
-0.0037414
-0.00075856
0.00031197
-0.0017736
-0.0012349
-0.0054012
0.00049999
-0.0026005
-0.0016871
-0.0030528
0.00035838
0.00014648
0.00036636
-0.0035703
-0.0046025
-0.00014115
-0.0045347
-0.0027915
-0.0023778
-0.00046752
-0.0014072
-0.00032494
-0.00035324
-0.0002181
-0.0046679
0.0025954
0.0014713
0.0061807
0.0039251
0.0011056
-0.00026892
0.00060791
0.0015743
-0.00073568
0.0014283
0.0011606
-0.00063567
0.0017793
0.0030877
0.0006782
-0.002164
0.00021387
-0.0039807
-0.0031926
2.3055e-05
0.00083802
0.0027759
-0.0007707
0.0011868
0.00080018
-0.0024644
-0.0010168
0.00034735
0.0010072
-0.00012313
0.0014994
0.0018848
0.00024737
0.00066459
-0.0025516
-0.0016543
-0.0018072
-0.0021674
-0.0012045
-0.0043426
-0.0043366
0.0033432
0.0069447
0.003796
0.0011891
-0.00028898
-0.00297
-0.0023286
-0.0038587
-0.0016028
-0.0016621
-0.0034706
-0.0011785
-0.00088054
-0.00012748
-0.0063784
-0.0013418
-0.00064207
0.0012654
-0.0040755
-0.0027345
-0.0014882
-0.005503
-0.0049016
-0.0023413
-0.0022179
-0.0015277
0.0041975
-0.00086517
-0.0031852
-0.0018979
-0.0023552
-0.0039235
0.0011963
0.0019441
-0.0016369
0.0033083
-0.0024224
0.0001544
-0.0054989
-0.00041612
-0.00025641
0.0070425
0.0056
0.000637
0.0010431
-0.0020212
0.0012135
-0.001466
-0.00086755
-0.0012191
-0.001559
-0.00055653
0.00095843
0.00025962
-0.0043862
0.00080101
-0.0026364
0.0015218
-0.0015977
0.0041788
-0.0010697
0.0024061
0.003213
0.00076475
-0.0010428
-0.000805
0.0011358
-0.00028016
-0.0022092
0.00064724
-0.0020072
-0.0013568
-0.002233
-4.0235e-05
-0.0029186
0.00051207
0.005407
-0.0072742
-0.001259
-0.00217
0.0024535
0.0046244
0.0057925
-8.3526e-05
-0.00083024
-0.0017082
0.00012822
-0.0028848
0.00015818
-0.0010813
-0.0013467
-0.0011865
-0.001273
0.0017647
0.00065406
-0.0034025
0.00011517
-0.00049848
-0.0043935
-0.0069256
-0.0030359
-9.1868e-05
-0.0063761
-0.0054936
-0.0023868
-0.0046125
-0.00091421
-0.002363
-0.0020606
-0.0028355
-0.0053381
-0.0023432
-0.0022309
-0.0040651
-0.0018959
-0.0022484
0.0022011
-0.0022649
-0.0039295
-0.00024426
0.0011542
0.0040289
0.0059268
0.0011207
-0.0013595
-0.0021716
0.0006834
-0.0023307
-0.00098715
-0.0016571
-0.0023856
-0.00070566
-0.0022777
0.0048304
-0.0055634
-0.00078127
-0.0063487
-0.0022021
-0.0010462
-0.0015496
-0.0019099
-0.0033697
0.0038202
0.0018758
2.3696e-05
-0.0021495
-0.00018557
0.0019839
0.0022439
0.0063305
0.0021389
0.00059429
0.0044423
0.00018666
-0.0018372
0.0025142
0.0017553
-0.00033322
-0.0030187
0.00041424
-0.0012846
0.0057396
0.0053731
0.0015568
-0.00075998
-0.0039465
0.00038313
-0.0014502
-0.00074918
-0.00060896
-0.002341
-0.0024778
0.000349
-0.0031039
-0.00018274
0.00093327
-0.0046988
-0.0017372
-0.0044014
-0.0019371
0.001356
0.001292
0.00040921
-0.0032523
0.00020951
-0.0016359
0.00059918
-0.00026255
-0.0034975
-0.002643
-0.0053943
-0.0062473
-0.0008153
-0.00027877
-0.004055
-0.0017111
-0.00038621
-0.0017938
-0.00082092
-0.0010306
0.0026815
0.0022607
0.0055884
0.0015773
-2.0462e-05
-0.0025985
-0.0004728
-0.0016254
-0.0028109
0.0020685
-0.00036548
0.00094803
0.00016165
-0.00033586
-0.00016459
0.0024407
-0.00037454
0.0013627
-0.00044874
-0.00067349
0.00085486
0.0013506
-0.0008246
-0.0040324
-0.0018204
-0.0022656
-0.0052522
0.001647
-0.00059612
0.0014056
-0.0018045
-0.0022214
0.00043659
-0.00023613
-0.0024716
-0.00017446
0.001435
-0.0074828
0.0038248
-0.0033918
0.0016708
0.0038963
0.0052957
0.00032917
0.00018723
-0.0023196
-0.0026398
-0.00028038
0.00030267
0.00018078
-0.0039602
-0.0046265
0.0010269
-0.0048051
-0.00055049
0.0041161
-0.0016417
-0.0084881
-0.0018393
-0.0015513
-0.00073671
-0.00086146
-0.0042963
-0.0013346
0.0025302
-0.0017778
-0.0036363
1.7469e-05
-0.0013769
8.3121e-05
-0.0016699
-0.0023835
0.00091176
0.00041033
-0.0016787
-0.0013815
-8.6519e-05
-0.0039506
-3.8942e-05
0.0027582
0.0028826
0.0033846
0.0060515
0.00044424
0.00080656
-0.0019421
-0.00020844
-0.0019899
0.00092889
-0.00027845
-0.0035571
0.002608
-0.0015419
-0.00099585
-8.3602e-05
-0.00068835
-0.0033175
-0.005777
0.0048637
-0.004398
0.0013969
-0.0014724
-0.0021646
-0.0010304
-0.0031095
-0.0015497
0.0013296
0.0012017
-0.0026998
0.0011271
-0.0023058
-0.0010683
-0.0014728
-0.0023453
0.00078619
-0.0019147
8.3564e-05
-0.0029657
0.0018932
-0.0043718
0.0034866
0.002377
0.0058864
-0.00022568
0.00076958
-0.0033367
0.00049421
-0.0026658
-0.0061695
4.1224e-05
0.00059138
-0.00078844
-0.00095102
-0.00058841
-0.00010111
0.0008782
-0.00064359
-0.0050019
-0.00039507
-0.0050596
0.0026775
-0.0039326
-0.0018952
-0.0014721
9.0538e-05
-0.00082281
-0.00095569
-0.00033425
-0.0029262
0.002184
-0.0037322
-0.00032632
0.00097702
2.5176e-06
-0.00056748
-0.00060632
-0.00079641
-0.0042673
0.00027366
-0.0010345
0.004859
0.0030254
0.0064035
0.00037819
-0.00042641
-0.00087723
-0.0037301
0.0012415
-0.0022832
-0.0014426
-0.004456
0.00049549
0.0032694
-0.0048449
0.00072869
0.00051628
-0.0018629
-0.0034028
-0.00017727
-0.0041992
0.0052629
-0.002242
-0.0020925
-0.0029837
0.00055435
-0.0020269
-0.0029658
0.0011814
-0.0022195
0.00055098
-0.0027577
-0.00047906
0.00042029
-0.001016
-0.0037297
0.00085945
-8.0026e-05
-0.0035502
0.0003386
-0.0017516
0.0028908
0.0037315
0.0066803
-0.0017579
0.0011036
-0.0027539
-0.0011381
7.9703e-05
-0.0032767
0.0018722
-0.00095062
-0.0012666
0.0016635
-0.0024813
-0.0032918
0.0061888
-0.0023114
-0.0016892
-0.0023477
-0.00011012
0.0043535
-0.0068022
-0.0015261
-0.0035662
-0.00081196
0.0013494
-0.0020079
0.00014804
-0.0020651
0.00062976
-0.0031211
-0.0013812
-0.0011529
0.0003828
-0.0046592
-0.0012013
-0.00036693
-0.0043608
0.00049029
-0.00049419
0.00094821
0.0059985
0.0061888
-0.0008953
0.0017488
-0.0020348
0.0031712
-0.0017102
-0.00046696
-0.00071429
-0.0035265
0.0053708
-0.00089572
-0.00042257
0.0010919
-0.00073939
-0.00087832
-0.0040682
-0.0023631
-0.0046008
0.0038468
0.0037468
-0.0038524
-0.0022425
-0.0051919
0.00075466
-0.00044459
-0.0022518
-0.002381
-0.00020714
-0.0012957
-0.00082558
0.00011237
0.0020393
-0.0060504
0.0023149
-0.00053866
-0.0033788
-0.0027716
0.0017711
-7.3382e-05
0.0056603
0.0068577
-0.0037985
0.0044494
-0.0079549
0.0015581
-0.0021683
-0.00085708
-0.0011317
-0.0066672
-0.0060709
0.0028968
-0.0034747
-0.0057141
0.0023365
-0.00033058
0.00013649
-0.0080856
0.0083952
-0.0057324
-0.0035087
-0.0056215
0.0064417
-0.0026267
0.001162
-0.0026785
-0.0029702
-0.00086975
0.0012734
-0.0052125
-0.004921
-0.0011528
-0.00065775
-0.0056498
0.00089987
-0.0051998
-0.0031935
-0.0039368
0.0024543
-0.00082309
0.0053067
0.0072821
-0.0012463
0.0050573
-0.0077901
0.0024557
-0.0032256
-0.0016214
0.00056725
0.0005133
-0.0014584
0.0014705
-0.0027588
-0.00092854
0.00085915
-0.0046545
0.0040212
-0.008903
-0.0045525
0.0021678
-0.00065186
-0.0046394
-0.0019304
-0.0060807
0.003352
0.0031219
-0.00056971
0.0020424
0.0031341
0.0010921
-0.0033657
0.0021988
0.0037725
-0.00048092
0.0024233
0.0018079
-0.0015722
-0.0047423
0.0020325
-0.0006571
0.0062607
0.005178
-0.00034633
0.0027989
-0.0055303
0.00081402
0.0011242
0.00050139
-0.0030257
-0.0032305
-0.0020941
0.0030783
-0.0010742
0.001808
0.0029038
-0.0048551
0.0055275
-0.0036721
0.0031763
-0.0026706
-0.0010562
-0.0013725
0.0037875
-0.0054666
-0.00664
-7.867e-07
-0.0049018
-0.0022606
-0.0019515
0.0017444
-0.0024081
-0.0029629
0.00041727
-0.0033666
0.0017504
-0.0027779
0.0023314
-0.0016078
0.0022182
-0.00093919
0.0057201
0.0035921
-0.00029982
0.0016268
-0.0070368
-0.0016764
-0.0022057
0.00040865
-0.0011384
-0.0039895
-0.0013555
-0.0005251
-0.0060654
0.00022465
8.6354e-05
-0.002348
0.00076931
-0.00079168
-0.0036543
0.00094582
-0.0018223
-0.004911
0.0051364
0.00068771
-0.00041642
0.0021274
-0.0049769
-0.001035
-0.0022196
0.0021363
-0.0022494
0.0019962
-0.0007296
-0.0035447
-0.00014176
-0.0039924
-0.003559
-0.0063489
0.0007851
-0.00056183
0.0063279
0.0056541
0.00058063
0.0042858
-0.0067704
0.00051308
-0.00063699
-0.0009768
0.0016351
-0.0022584
-0.00196
0.00089432
0.00037705
-7.8071e-05
-0.00021459
0.00094793
-0.0056625
0.0046439
-0.0059646
0.00046678
0.0011503
0.0011158
-0.0052299
-0.0034153
-0.0061542
0.0019089
-0.00062253
0.0022492
0.0025842
-0.00012302
-0.0067509
-0.0010097
0.00031619
-0.0013281
0.00055045
0.0024185
-0.0043281
0.0015798
0.00028023
0.0027687
0.0055109
0.0047278
-0.00054846
0.0030866
-0.0041749
-0.0022287
-0.00091638
-0.0015254
-0.00047838
-0.0025688
1.6454e-05
-0.0001951
-0.00020107
-0.0047751
-0.003101
0.00051557
-0.0044511
-0.0007091
-0.0015254
4.9576e-05
-0.0037956
-0.0020545
-0.0022542
0.0043905
-0.002853
0.00095835
0.00085782
-0.004353
0.0027797
-0.0024472
-0.0066079
-0.00080117
-0.0020473
-0.0046578
-0.0050034
-0.00069348
-0.0026859
0.000418
-0.0050234
0.0015179
0.0056245
0.0049006
-0.00015432
0.0038772
-0.0034291
-0.0023024
0.00018843
-0.0014617
0.0019744
-0.0033447
-0.0013589
-8.3368e-05
0.00047554
-0.0012731
-0.00083029
0.0010259
-0.0052006
0.0022621
-0.0028247
0.00010397
-0.0023519
-0.0012399
-0.0048303
-4.451e-05
-0.0043617
-0.0044863
0.0011216
-0.00042751
2.9548e-05
-6.296e-05
0.0017639
0.0041464
0.0019562
0.0020852
0.0021044
0.0030738
0.0017007
-0.0038284
-0.0019291
0.003291
0.0037206
0.0051204
-0.00074036
0.0010106
-0.0068228
-0.00055849
-0.00026335
-0.0028356
-0.00081504
-0.0020538
-0.00082894
-0.0031916
-0.00033788
0.0014013
-0.0012339
-0.0016415
-0.0011954
-0.0002341
-0.0010171
-0.00032655
-0.00033227
-0.0017341
-0.0022377
0.00019589
0.00054217
-0.00097668
-0.0026426
-0.00082352
-0.001589
-0.0030008
-0.00608
-0.002429
-0.0039798
-0.0021807
-0.0018899
-0.0023645
-0.0027335
-0.00045898
-0.0029412
0.0036333
0.0021809
0.0051771
0.0003362
0.0016746
-0.00066127
0.0016839
-0.0017829
-0.0013393
-0.002684
-8.3939e-05
0.00079276
-0.0012489
-0.0042811
0.0025449
9.788e-05
-0.0018437
-0.0026668
0.00019335
-0.0023084
0.0003863
-0.0031028
0.00043021
-0.0010048
-0.00044662
-0.0024678
-0.0019344
-0.00081113
-0.0017361
-0.0012449
-0.00088799
-0.0019187
-0.00067746
-0.0012897
-0.0016399
-0.00103
-0.00048783
-0.00064703
-0.00059088
-0.0020689
0.0037182
0.0025311
0.0053609
0.00014034
-0.0017969
0.0016444
-0.0026984
-0.00053014
-0.002005
-0.0014548
-0.0013408
-0.00089608
-0.0011654
-0.0017214
-0.0052814
0.0067365
-0.0011845
-0.0038664
-0.0041544
-0.0013567
-0.0001301
0.00052577
-0.0045807
-0.0034976
0.0004122
-0.0024956
-0.0017005
-0.0010373
0.0012746
0.0017381
-0.00042182
0.001833
-0.0025898
0.0018455
-0.0030101
-0.0012101
-0.0015078
0.00084423
-0.0028497
-0.0010982
0.0017691
0.0042004
0.0056016
-0.00030336
-8.5905e-05
-0.0026264
0.0028341
-0.0038136
-0.002268
-0.0018009
-0.0025351
0.0007361
-0.0010814
-0.0016195
-0.0031822
-0.0025752
-0.00022981
-0.0013848
0.00095906
0.00028565
-0.00065744
-0.00060226
-0.0027634
-0.0028744
0.0010403
-0.00267
-0.00046767
0.00040918
-0.0035294
0.00051873
-0.0007862
0.00044543
-0.00097108
-0.0020557
0.0010486
4.2052e-05
-0.0019663
-0.0010287
-0.0024579
-0.0013553
0.00098817
0.0041853
0.0055962
0.00023777
0.00063093
-0.0039256
-0.00053946
0.0011869
-0.0020196
-0.0020307
-0.0030343
-0.0022321
-0.00014702
-0.0025825
0.00096737
-0.0017916
-0.0013437
-0.00014764
-0.0040693
-0.00053363
-0.0024746
-0.0011817
0.00057737
-0.0054202
0.0054755
-0.0064637
0.0011174
-0.0003566
-0.0023843
-0.0003636
-0.003189
-0.00202
4.857e-05
0.00046936
-0.0014947
-0.001345
-0.0021472
-0.00072817
-0.0025394
0.001185
0.00030223
0.0047169
0.0050258
0.0001225
-0.0003327
-0.0019739
-0.00052533
-0.00061473
0.0022224
0.002833
-0.004065
0.0019828
-0.0049181
-0.0012233
0.00097378
0.00072343
3.0228e-06
-0.0016899
-0.00085202
0.0028879
-0.0022967
0.0021371
0.0023447
0.0023563
0.002576
0.00024386
0.0013648
-0.00083025
-0.0049309
-0.0024391
-0.0021244
0.00022636
-0.0020673
-0.0016125
-0.00058954
-0.0016926
-0.002312
-0.001068
-0.0011207
0.002373
-0.00094097
0.0049999
0.0054299
0.00039812
4.1154e-05
-0.0017547
-0.00048261
-0.00057884
-0.004253
0.0011293
0.0021644
0.0005358
-0.0051396
0.0011422
-0.00018763
-0.0048614
-0.0025548
0.00013621
-0.0014849
0.0010346
-0.00095202
-0.0044954
-0.0027023
-0.0037474
-0.0026687
-0.003243
0.0015161
-0.0030007
0.0019677
7.7029e-05
-0.0029426
-0.0022974
0.00073904
-0.0025734
-0.0036125
0.00099651
0.00073841
-0.0011491
-0.001162
-0.00012536
0.00044938
0.0034336
0.0049433
-0.00013747
4.6289e-05
-0.0024456
-0.00081223
-0.00089626
-0.0017334
-0.0011429
0.00031251
-0.0059614
0.0017463
0.0010913
-6.3266e-05
-0.0018224
-0.0012219
-0.0038693
-0.006004
-0.0018951
7.4792e-05
-0.0030983
-0.0014386
-0.0025889
-0.003678
-0.0021639
-0.002525
0.00034358
-3.1649e-05
0.0018794
-0.0017245
-0.0029525
-0.0022821
-0.0014675
-0.0027775
-0.00060115
-0.0015778
-0.0015936
0.0015128
-0.0025469
0.0014775
0.0039337
0.0049999
0.0003704
0.00040506
-0.0021839
-0.00039154
-0.00037466
-0.0021676
0.00023197
0.00069896
-0.0023052
-0.0020963
-0.0062012
0.0034412
-0.0025308
0.0023016
-0.0009389
0.0032804
0.002399
0.0022469
-0.0039882
0.0001393
0.000278
-0.0039419
-0.0048626
-0.0011192
-0.0019558
-0.0047605
-0.00081037
-0.0015433
-0.0044483
-0.0013191
-0.0021886
-0.0034183
-0.0016881
-0.0019318
0.0015829
-0.0010677
-0.0016871
0.0012404
0.0041569
0.0048188
-0.00019505
0.00019294
-0.0021172
-0.00037846
-8.7407e-05
-0.0021047
-0.00080586
-0.00072762
0.0020144
-0.0038421
-0.0032201
3.0569e-06
-0.00064663
-0.005002
-0.0026137
-0.005357
-0.0011959
-0.0029065
-0.0010107
0.00098191
-0.00086024
0.00023485
0.0058293
0.002766
0.00070587
0.0029289
0.00054588
0.0011058
0.00036688
0.0020482
0.0017134
0.00041635
-0.00010662
0.001188
0.0027583
-0.0031825
-0.00087187
0.001334
0.0038925
0.0050438
0.0010988
2.8741e-05
-0.0015872
-0.00066012
-0.0011526
-0.0014923
-0.001516
-0.0010482
-0.0001748
-0.0012901
-0.0043261
-0.00095041
0.0022388
-0.0033909
0.0032069
0.00044453
-0.0013329
-0.0010328
-0.001351
-0.0032792
-0.0023606
-9.3676e-05
-0.0043024
-0.0052185
0.00023492
-0.0044975
-0.00077814
-0.0017477
-0.0028692
-0.0021885
-0.0015933
-0.0047465
0.0024225
-0.00043434
-0.0017644
-0.0031767
-0.00030555
0.0019468
0.0036574
0.003895
0.0015186
-0.00081369
-0.0026473
0.0010426
-0.00034682
-0.001479
-0.00036391
-0.0013811
-0.00076067
0.001189
-0.0039112
-0.0014967
0.00092322
-0.0018451
-0.0040502
-0.0058392
-9.5215e-05
0.00052107
-0.0019856
-0.0013326
-0.0027496
-0.0030084
-0.0036929
-0.0033241
0.0024389
-0.0050264
-0.0024064
-0.0013737
-0.0017557
-0.000832
-0.0016307
-0.0029373
0.0016281
-0.0039574
-0.00013466
-0.0015501
-0.0016236
0.0020712
0.0037985
0.004866
-0.0010813
0.00045616
-0.0035059
-0.0018491
-0.00079021
-0.0019188
-0.0012677
-0.0031876
-0.0018321
-0.0015992
-0.0022959
-0.0025707
-0.0019617
0.0017595
0.00068722
-0.0010287
0.00018921
0.0018416
0.0011092
-0.00024253
0.00084336
0.0023619
0.0026896
0.0025949
0.0031336
-0.0027612
0.0023785
-0.0028714
-0.0029001
-0.0034509
-0.0025565
-0.0020041
0.0013602
-0.0020239
-0.00026268
-0.00053903
-0.0022389
0.0021188
0.0037767
0.005445
0.00033201
-0.0016138
0.0011651
0.0016997
0.0013522
-0.00077549
0.00052492
-0.00010534
0.00093337
0.002452
-0.00084767
0.00045007
0.00044656
-0.0034537
0.0017009
0.0027143
-0.0041157
-0.0055991
-0.0027739
-0.0087286
-0.0037018
-0.0013741
-0.0036762
-0.0037075
-0.0038646
-0.0034065
-0.00059586
-0.0013527
0.0011705
0.00032461
0.00010047
0.0026047
-0.0021102
-0.002704
-0.00057999
-0.00036394
-0.0013546
0.0017684
0.0036032
0.004949
0.00091391
0.0016148
-0.0070726
-0.0032217
0.00024345
-0.0040373
-0.0030957
-0.0017491
-0.0019766
-0.0018074
-0.0032128
-0.00028331
-0.0025956
-0.0011081
-0.0017495
-0.0037043
0.00027758
0.00093511
0.0034562
0.00051222
0.0035754
0.0013151
0.0013522
0.0022591
0.0023206
0.001167
0.0035712
0.0014897
0.00015155
0.00075693
-0.00076118
-0.002843
-0.0017008
-0.0025172
0.00012725
0.00037348
-0.0012801
0.0016716
0.002175
0.004419
0.0012149
-0.0011743
-0.0014008
-0.0012212
-0.0018108
0.00035849
-0.0010005
-0.00074796
-0.0018881
-0.00046218
-0.0018219
-0.0011195
-0.00072286
-0.0034785
-0.0016471
-0.0021396
-0.0041175
-0.0025203
-0.0039495
-0.0030664
-0.001986
-0.0026506
-0.0036493
-0.0039289
-0.0030035
-0.004124
-0.0032794
-0.005195
-0.0049997
-0.0037693
-0.0032434
-0.0018115
-0.001224
-0.0021687
-0.001464
-0.0035485
-0.0029172
0.0016883
0.0024103
0.0015696
-0.004004
-0.0055387
-0.0064055
-0.0040437
-0.0038137
-0.0080918
-0.0023959
-0.0046014
-0.0047946
-0.0048532
-0.0041557
-0.0041922
-0.00359
-0.0033503
-0.0034759
-0.0029161
-0.0038542
-0.0038518
-0.0038027
-0.003672
-0.0032822
-0.0035844
-0.0027671
-0.0024944
-0.0016818
-0.0012508
-0.0021237
-0.0022749
-0.0015523
6.9452e-05
-0.0012443
-0.0031783
-0.00218
-0.0029093
-0.0018192
-0.0031934
-0.0036696
-0.0024514
0.00073035
