-0.13261
-0.097922
-0.073877
0.054637
0.031495
0.10114
-0.061852
-0.10906
0.023498
-0.044157
-0.070766
0.0093561
0.16981
-0.0048923
-0.15637
0.0046925
0.011867
0.020218
-0.080669
-0.0073443
0.049938
0.12686
-0.084415
-0.076109
0.066764
-0.020193
-0.063866
-0.11856
0.001122
-0.046219
-0.16341
-0.066165
0.20624
-0.01855
-0.14948
-0.087485
-0.023962
0.06348
0.062845
-0.062741
-0.018902
-0.025717
0.11772
-0.041452
-0.031185
-0.028063
0.080089
0.007607
-0.15827
0.0086501
0.098503
0.066692
-0.15077
-0.029331
0.028285
-0.035941
-0.014272
-0.062291
-0.14246
0.19462
-0.001536
-0.030046
-0.15979
-0.11479
-0.027435
0.025796
0.073329
-0.010871
-0.093401
0.017036
0.059804
-0.037833
-0.053862
-0.043558
-0.053743
0.019546
0.088359
0.006279
-0.036477
-0.064946
0.024627
0.035393
