-0.024288
0.058772
0.058869
0.0603
0.058651
0.057931
0.06007
0.058742
0.0584
0.058297
0.062547
0.059801
0.059055
0.057692
0.058726
0.05962
0.06004
0.058699
0.058736
0.058968
0.060768
0.060802
0.058797
0.060335
0.05837
0.057888
0.060055
0.060433
0.057508
0.059402
0.058226
0.05844
0.059276
0.058376
0.059397
0.060793
0.062514
-0.057939
-0.055458
-0.059385
-0.055346
-0.057513
-0.057659
-0.058261
-0.057732
-0.057244
-0.058747
-0.055664
-0.058408
-0.056877
-0.057161
-0.055614
-0.05794
-0.056236
-0.057224
-0.057633
-0.057859
-0.057412
-0.061
-0.059312
-0.057427
-0.058726
-0.056333
-0.057368
-0.056774
-0.060802
-0.056924
-0.057938
-0.058524
-0.060165
-0.056144
-0.058748
-0.058624
-0.057177
