-0.018344
0.066463
0.066418
0.065589
0.06646
0.066432
0.066525
0.066466
0.066125
0.065875
0.06634
0.066399
0.066438
0.066269
0.066478
0.06556
0.066433
0.066097
0.066425
0.066433
0.066465
0.06519
0.066393
0.066457
0.065185
0.066424
0.066466
0.066466
0.065865
0.06586
-0.06399
-0.063926
-0.064037
-0.063907
-0.064066
-0.064013
-0.064048
-0.064071
-0.063843
-0.064058
-0.064073
-0.06403
-0.064076
-0.063744
-0.06406
-0.064113
-0.063995
-0.063974
-0.063986
-0.063953
-0.064059
-0.063652
-0.064131
-0.063985
-0.064037
-0.064071
-0.064016
-0.063962
-0.064007
-0.064107
