-0.0021814
0.069987
0.069826
0.069088
0.068645
0.068746
0.071211
0.068571
0.069282
0.06928
0.068591
0.068822
0.068021
0.068739
0.068244
0.071251
0.070284
0.069425
0.069862
0.068389
0.069753
0.068346
0.069941
0.069554
0.068323
0.068829
0.071575
-0.070157
-0.068416
-0.068501
-0.068202
-0.06968
-0.069259
-0.068508
-0.069121
-0.069216
-0.070602
-0.072385
-0.067604
-0.06934
-0.069513
-0.069058
-0.069349
-0.06944
-0.07193
-0.067958
-0.068863
-0.070034
-0.068561
-0.069896
-0.069088
-0.069212
-0.068691
