-0.010223
0.062594
0.058558
0.063175
0.060247
0.0576
0.061309
0.061366
0.062007
0.060337
0.060939
0.059206
0.058904
0.062321
0.059516
0.063353
0.062237
0.062032
0.059784
0.058187
0.061266
0.060014
0.062204
0.063264
0.06168
0.059374
0.058049
0.06009
0.060057
0.061387
0.059369
0.06234
0.060078
0.059023
0.05928
-0.060636
-0.060106
-0.060132
-0.060047
-0.060041
-0.060098
-0.061686
-0.060596
-0.062708
-0.060071
-0.060495
-0.060106
-0.061096
-0.060186
-0.060444
-0.061245
-0.06153
-0.060087
-0.06012
-0.061974
-0.060646
-0.061014
-0.060377
-0.060134
-0.061351
-0.061315
-0.060252
-0.060546
-0.060498
-0.060298
-0.060047
-0.060109
-0.060439
-0.060715
