-0.006356
0.022759
0.022845
0.022651
0.023123
0.022658
0.022764
0.022784
0.022989
0.022777
0.022925
0.02282
0.022474
0.022824
0.023098
0.022951
0.022806
0.02299
0.022963
0.022797
0.023169
0.022994
0.022931
0.022826
0.022573
0.022918
0.022404
0.022631
0.022745
0.023115
0.022614
0.023054
0.023055
0.022742
0.022827
0.022686
0.022953
0.023003
0.022905
0.022741
0.023153
0.022687
0.022987
0.022504
0.022847
0.022759
0.023128
0.02282
0.022748
0.022938
0.023072
0.022827
0.022985
0.022941
0.022492
0.022896
0.022975
0.022705
0.022766
0.022771
0.022611
0.023067
0.022687
0.022855
0.022911
0.022853
0.022946
0.022956
0.022911
0.022716
0.02287
0.022872
0.022603
0.02279
0.023047
0.023005
0.023025
0.022896
0.022861
0.022791
0.022883
0.022987
0.022586
0.022401
0.022941
0.022909
0.022929
0.023117
0.023008
0.023178
0.022844
0.022903
0.02302
0.022777
0.02271
0.022727
0.023111
0.023166
0.023217
0.022511
0.022598
0.022685
0.023107
0.022999
0.022944
0.022977
0.023016
0.022606
0.022947
0.022854
0.022906
0.023129
0.022997
0.023125
0.022838
0.022648
0.023188
0.023138
0.022956
0.023222
0.023139
0.022921
0.022617
0.022728
0.022956
0.022871
0.023122
0.022503
0.022733
0.023053
0.022692
0.022803
0.022821
0.022755
0.022957
0.022794
0.023153
0.022518
0.023243
0.022904
0.022918
0.022956
0.022753
0.02285
0.022818
0.023087
0.022876
0.02275
0.022659
0.022735
0.023046
0.023096
0.022644
0.02273
0.022623
0.022826
0.02264
0.022838
0.02244
0.023201
0.0231
0.02323
0.022748
0.022585
0.02271
0.022767
0.02318
0.022764
0.023014
0.023001
0.022928
0.023004
0.022905
0.022794
0.023046
0.022957
0.022963
0.022929
0.022892
0.022795
0.023133
0.022939
0.022778
0.02295
0.022934
0.022682
0.022914
0.022999
0.022885
0.022491
0.023046
0.022877
0.022914
0.022705
0.02285
0.023074
0.023166
0.023165
0.022552
0.022978
0.02275
0.022992
0.022912
0.022636
0.023086
0.02261
0.02287
0.022532
0.02289
0.022258
0.02244
0.022863
0.022982
0.022868
0.022932
0.02267
0.023035
0.022504
0.023062
0.023192
0.022994
0.023057
0.022819
0.022912
0.022879
0.022653
0.022721
0.023099
0.023105
0.022958
0.022475
0.02295
0.022984
0.022931
0.022308
0.022991
0.022999
0.022922
0.023025
0.022789
-0.022891
-0.022897
-0.022893
-0.022839
-0.022877
-0.022805
-0.022918
-0.022822
-0.022858
-0.022843
-0.022901
-0.022898
-0.022859
-0.022895
-0.022869
-0.022849
-0.022897
-0.022908
-0.022817
-0.022861
-0.022923
-0.0229
-0.022877
-0.022899
-0.022898
-0.022766
-0.022844
-0.022884
-0.02287
-0.022935
-0.022895
-0.022709
-0.022838
-0.022724
-0.022898
-0.022898
-0.022885
-0.022828
-0.022928
-0.022908
-0.022642
-0.022959
-0.022885
-0.022897
-0.022805
-0.022917
-0.022827
-0.022815
-0.022918
-0.022861
-0.02286
-0.022873
-0.022931
-0.022829
-0.022838
-0.022897
-0.022884
-0.022879
-0.022895
-0.02277
-0.022858
-0.022686
-0.022916
-0.022902
-0.022899
-0.022677
-0.022875
-0.022744
-0.022647
-0.022908
-0.022897
-0.022816
-0.022901
-0.022882
-0.022894
-0.022801
-0.022983
-0.02286
-0.022898
-0.022827
-0.022891
-0.022894
-0.022724
-0.022839
-0.022898
-0.022922
-0.022898
-0.022898
-0.022891
-0.022897
-0.022887
-0.022744
-0.02293
-0.022794
-0.022904
-0.022908
-0.022878
-0.022845
-0.022915
-0.022889
-0.022855
-0.022769
-0.022735
-0.022863
-0.022824
-0.022897
-0.022891
-0.022889
-0.022898
-0.022877
-0.022885
-0.022905
-0.022877
-0.022887
-0.022897
-0.022852
-0.022899
-0.02288
-0.022902
-0.022897
-0.02287
-0.022951
-0.022889
-0.02284
-0.022917
-0.02292
-0.022918
-0.022897
-0.022796
-0.022899
-0.022769
-0.022891
-0.022833
-0.022898
-0.023022
-0.022891
-0.022894
-0.02288
-0.022933
-0.022797
-0.022906
-0.022893
-0.022829
-0.02287
-0.022841
-0.022789
-0.022843
-0.022906
-0.022887
-0.022897
-0.02287
-0.022898
-0.022891
-0.022819
-0.022892
-0.022894
-0.022884
-0.022907
-0.022883
-0.022862
-0.022926
-0.022943
-0.022871
-0.022892
-0.022898
-0.022847
-0.022899
-0.022882
-0.02288
-0.022711
-0.022861
-0.022913
-0.022896
-0.022898
-0.022893
-0.022896
-0.022894
-0.022897
-0.022893
-0.022896
-0.022789
-0.022835
-0.022778
-0.022896
-0.022898
-0.022798
-0.022866
-0.022881
-0.022857
-0.022894
-0.022885
-0.022886
-0.022889
-0.02288
-0.022911
-0.022863
-0.022906
-0.022753
-0.022913
-0.02287
-0.022892
-0.022897
-0.022906
-0.022898
-0.022881
-0.022911
-0.022804
-0.022942
-0.022961
-0.022962
-0.02281
-0.022856
-0.022825
-0.022847
-0.022899
-0.022884
-0.02291
-0.022758
-0.022867
-0.022903
-0.022816
-0.022898
-0.022876
-0.02281
-0.022765
-0.023035
-0.022892
-0.02288
-0.022897
-0.022899
-0.022893
-0.022894
-0.022888
-0.022797
-0.022857
-0.022839
-0.022862
-0.022878
-0.022784
